34.253700
63.192800
987.350000
265.930000
113.890000
68.963000
46.152000
31.062000
20.741000
15.459000
11.912000
8.580900
6.299200
5.144800
3.965200
3.047800
2.067300
1.542300
1.146000
1.078200
0.653120
0.688550
0.408310
0.285600
0.285730
0.207310
0.143230
0.144340
0.093409
0.077276
0.065696
0.048372
0.032672
0.024829
0.027361
0.020502
0.013963
0.009831
0.009434
0.006360
0.004904
0.003533
0.002803
0.001770
0.001714
0.000503
0.000865
0.000261
0.000519
0.000889
0.000906
0.000232
0.000149
0.000225
0.000110
0.000063
0.000006
0.000002
0.000043
0.000004
0.000125
0.000005
0.000023
0.000104
0.000222
0.000046
0.000025
0.000000
0.000000
0.000004
0.000000
0.000008
0.000000
0.000000
0.000000
0.000000
0.000002
0.000000
0.000000
0.000000
0.000000
0.000000
0.000000
0.000000
0.000000
0.000014
0.000000
0.000000
0.000000
0.000000
0.000000
0.000000
0.000000
0.000000
0.000000
0.000000
0.000000
0.000000
0.000000
0.000000
0.000000
0.000000
0.000000
0.000000
0.000000
0.000000
0.000000
0.000000
0.000000
0.000000
0.000000
0.000000
0.000000
0.000000
0.000000
0.000000
0.000000
0.000000
0.000000
0.000000
0.000000
0.000000
0.000000
0.000000
0.000000
0.000000
0.000000
0.000000
0.000000
0.000000
0.000000
0.000000
0.000000
0.000000
0.000000
0.000000
0.000000
0.000000
0.000000
0.000000
0.000000
0.000000
0.000000
0.000000
0.000000
0.000000
0.000000
0.000000
0.000000
0.000000
0.000000
0.000000
0.000000
0.000000
0.000000
0.000000
0.000000
0.000000
0.000000
0.000000
0.000000
0.000000
0.000000
0.000000
0.000000
0.000000
0.000000
0.000000
0.000000
0.000000
0.000000
0.000000
0.000000
0.000000
0.000000
0.000000
0.000000
0.000000
0.000000
0.000000
0.000000
0.000000
0.000000
0.000000
0.000000
0.000000
0.000000
0.000000
0.000000
0.000000
0.000000
0.000000
0.000000
0.000000
0.000000
0.000000
0.000000
0.000000
0.000000
0.000000
0.000000
0.000000
