27.007000
60.923700
1128.700000
260.600000
129.520000
77.247000
52.952000
36.732000
26.781000
19.548000
14.807000
11.407000
8.374600
6.017700
4.832900
3.917300
2.948500
2.040300
2.102900
1.352400
1.248000
0.898630
0.591340
0.607320
0.470140
0.284030
0.258850
0.158550
0.158140
0.122110
0.115170
0.085159
0.080440
0.075128
0.037325
0.028926
0.037410
0.021847
0.014820
0.011651
0.007473
0.013336
0.009166
0.003164
0.001512
0.001949
0.001704
0.001212
0.001299
0.001846
0.001591
0.000279
0.000199
0.000716
0.001167
0.000311
0.000181
0.000322
0.000008
0.000122
0.000097
0.000007
0.000003
0.000009
0.000012
0.000015
0.000007
0.000160
0.000015
0.000011
0.000000
0.000007
0.000016
0.000000
0.000003
0.000000
0.000006
0.000003
0.000000
0.000000
0.000008
0.000003
0.000000
0.000000
0.000000
0.000000
0.000000
0.000000
0.000000
0.000000
0.000000
0.000000
0.000000
0.000000
0.000000
0.000000
0.000000
0.000000
0.000000
0.000000
0.000000
0.000000
0.000000
0.000000
0.000000
0.000000
0.000000
0.000000
0.000000
0.000000
0.000000
0.000000
0.000000
0.000000
0.000000
0.000000
0.000000
0.000000
0.000000
0.000000
0.000000
0.000000
0.000000
0.000000
0.000000
0.000000
0.000000
0.000000
0.000000
0.000000
0.000000
0.000000
0.000000
0.000000
0.000000
0.000000
0.000000
0.000000
0.000000
0.000000
0.000000
0.000000
0.000000
0.000000
0.000000
0.000000
0.000000
0.000000
0.000000
0.000000
0.000000
0.000000
0.000000
0.000000
0.000000
0.000000
0.000000
0.000000
0.000000
0.000000
0.000000
0.000000
0.000000
0.000000
0.000000
0.000000
0.000000
0.000000
0.000000
0.000000
0.000000
0.000000
0.000000
0.000000
0.000000
0.000000
0.000000
0.000000
0.000000
0.000000
0.000000
0.000000
0.000000
0.000000
0.000000
0.000000
0.000000
0.000000
0.000000
0.000000
0.000000
0.000000
0.000000
0.000000
0.000000
0.000000
0.000000
0.000000
0.000000
0.000000
0.000000
0.000000
