32.233200
72.750700
1025.800000
248.680000
129.270000
66.290000
43.703000
31.993000
24.129000
15.665000
12.477000
9.023400
6.924400
5.259800
3.684200
2.857800
2.215000
1.494500
1.314700
1.087900
0.765130
0.640990
0.466850
0.408600
0.293060
0.182720
0.146430
0.101440
0.087177
0.054775
0.070693
0.047485
0.027001
0.032374
0.030313
0.022355
0.024049
0.011135
0.014223
0.002588
0.006454
0.003904
0.001610
0.005232
0.002062
0.000942
0.000983
0.000262
0.000268
0.000120
0.000216
0.000503
0.000066
0.000007
0.000093
0.000004
0.000000
0.000097
0.000057
0.000086
0.000050
0.000004
0.000000
0.000053
0.000011
0.000000
0.000000
0.000000
0.000000
0.000002
0.000000
0.000000
0.000000
0.000000
0.000000
0.000000
0.000000
0.000000
0.000000
0.000000
0.000000
0.000000
0.000000
0.000000
0.000000
0.000000
0.000000
0.000000
0.000000
0.000000
0.000000
0.000000
0.000000
0.000000
0.000000
0.000000
0.000000
0.000000
0.000000
0.000000
0.000000
0.000000
0.000000
0.000000
0.000000
0.000000
0.000000
0.000000
0.000000
0.000000
0.000000
0.000000
0.000000
0.000000
0.000000
0.000000
0.000000
0.000000
0.000000
0.000000
0.000000
0.000000
0.000000
0.000000
0.000000
0.000000
0.000000
0.000000
0.000000
0.000000
0.000000
0.000000
0.000000
0.000000
0.000000
0.000000
0.000000
0.000000
0.000000
0.000000
0.000000
0.000000
0.000000
0.000000
0.000000
0.000000
0.000000
0.000000
0.000000
0.000000
0.000000
0.000000
0.000000
0.000000
0.000000
0.000000
0.000000
0.000000
0.000000
0.000000
0.000000
0.000000
0.000000
0.000000
0.000000
0.000000
0.000000
0.000000
0.000000
0.000000
0.000000
0.000000
0.000000
0.000000
0.000000
0.000000
0.000000
0.000000
0.000000
0.000000
0.000000
0.000000
0.000000
0.000000
0.000000
0.000000
0.000000
0.000000
0.000000
0.000000
0.000000
0.000000
0.000000
0.000000
0.000000
0.000000
0.000000
0.000000
0.000000
0.000000
0.000000
0.000000
