32.439500
72.054300
1011.900000
250.830000
121.940000
73.121000
48.060000
31.201000
24.153000
16.584000
10.655000
8.968300
5.869800
4.305900
4.302400
2.893100
2.361900
1.485000
1.457100
0.963710
0.703340
0.634230
0.455880
0.322130
0.293270
0.212610
0.155650
0.147030
0.095948
0.072524
0.043334
0.029680
0.041914
0.021473
0.028728
0.012329
0.019919
0.011967
0.004690
0.009503
0.002880
0.002297
0.001524
0.006702
0.002344
0.000507
0.000869
0.001541
0.001063
0.000359
0.000272
0.000211
0.000077
0.000048
0.000096
0.000025
0.000073
0.000057
0.000075
0.000000
0.000000
0.000053
0.000000
0.000005
0.000000
0.000006
0.000002
0.000002
0.000000
0.000000
0.000000
0.000000
0.000000
0.000000
0.000000
0.000000
0.000000
0.000000
0.000000
0.000000
0.000000
0.000000
0.000000
0.000000
0.000000
0.000000
0.000000
0.000000
0.000000
0.000000
0.000000
0.000000
0.000000
0.000000
0.000000
0.000000
0.000000
0.000000
0.000000
0.000000
0.000000
0.000000
0.000000
0.000000
0.000000
0.000000
0.000000
0.000000
0.000000
0.000000
0.000000
0.000000
0.000000
0.000000
0.000000
0.000000
0.000000
0.000000
0.000000
0.000000
0.000000
0.000000
0.000000
0.000000
0.000000
0.000000
0.000000
0.000000
0.000000
0.000000
0.000000
0.000000
0.000000
0.000000
0.000000
0.000000
0.000000
0.000000
0.000000
0.000000
0.000000
0.000000
0.000000
0.000000
0.000000
0.000000
0.000000
0.000000
0.000000
0.000000
0.000000
0.000000
0.000000
0.000000
0.000000
0.000000
0.000000
0.000000
0.000000
0.000000
0.000000
0.000000
0.000000
0.000000
0.000000
0.000000
0.000000
0.000000
0.000000
0.000000
0.000000
0.000000
0.000000
0.000000
0.000000
0.000000
0.000000
0.000000
0.000000
0.000000
0.000000
0.000000
0.000000
0.000000
0.000000
0.000000
0.000000
0.000000
0.000000
0.000000
0.000000
0.000000
0.000000
0.000000
0.000000
0.000000
0.000000
0.000000
0.000000
0.000000
0.000000
0.000000
