26.775700
71.661800
1052.700000
267.320000
141.680000
76.361000
51.390000
35.574000
23.895000
18.053000
15.277000
11.127000
7.939400
6.237100
4.407500
3.185800
3.069000
2.075900
1.955400
1.464100
1.121400
0.828510
0.623580
0.453180
0.428580
0.287120
0.242910
0.185980
0.136690
0.117640
0.115240
0.072092
0.049001
0.025181
0.025768
0.031645
0.016869
0.016173
0.010840
0.010611
0.006335
0.009300
0.006612
0.007088
0.001662
0.000850
0.001980
0.000990
0.001918
0.000346
0.000365
0.000052
0.000146
0.000395
0.000127
0.000870
0.000271
0.000201
0.000000
0.000604
0.000067
0.000006
0.000015
0.000004
0.000003
0.000000
0.000000
0.000001
0.000275
0.000003
0.000001
0.000007
0.000013
0.000005
0.000000
0.000002
0.000000
0.000000
0.000000
0.000000
0.000000
0.000000
0.000000
0.000000
0.000000
0.000000
0.000000
0.000000
0.000000
0.000000
0.000000
0.000000
0.000000
0.000000
0.000006
0.000000
0.000000
0.000000
0.000000
0.000000
0.000000
0.000000
0.000000
0.000000
0.000000
0.000000
0.000000
0.000000
0.000000
0.000000
0.000000
0.000000
0.000000
0.000000
0.000000
0.000000
0.000000
0.000000
0.000000
0.000000
0.000000
0.000000
0.000000
0.000000
0.000000
0.000000
0.000000
0.000000
0.000000
0.000000
0.000000
0.000000
0.000000
0.000000
0.000000
0.000000
0.000000
0.000000
0.000000
0.000000
0.000000
0.000000
0.000000
0.000000
0.000000
0.000000
0.000000
0.000000
0.000000
0.000000
0.000000
0.000000
0.000000
0.000000
0.000000
0.000000
0.000000
0.000000
0.000000
0.000000
0.000000
0.000000
0.000000
0.000000
0.000000
0.000000
0.000000
0.000000
0.000000
0.000000
0.000000
0.000000
0.000000
0.000000
0.000000
0.000000
0.000000
0.000000
0.000000
0.000000
0.000000
0.000000
0.000000
0.000000
0.000000
0.000000
0.000000
0.000000
0.000000
0.000000
0.000000
0.000000
0.000000
0.000000
0.000000
0.000000
0.000000
0.000000
0.000000
0.000000
0.000000
0.000000
