20.717100
69.273100
1070.700000
267.290000
149.480000
84.751000
53.077000
42.731000
32.667000
21.999000
16.748000
13.410000
9.934300
7.253900
6.304300
4.664300
3.924700
3.070900
2.125000
1.711000
1.601700
1.103300
0.798990
0.721660
0.474520
0.493700
0.260900
0.308810
0.233750
0.183390
0.161190
0.135950
0.106900
0.064734
0.053982
0.043492
0.040210
0.026241
0.027647
0.024350
0.015477
0.018454
0.008865
0.004443
0.002196
0.004083
0.004140
0.003032
0.001979
0.001237
0.004109
0.001511
0.000194
0.001040
0.000347
0.000707
0.001673
0.001910
0.000067
0.000026
0.000119
0.000050
0.000024
0.000015
0.000048
0.000014
0.000506
0.000188
0.000010
0.000036
0.000000
0.000006
0.000004
0.000000
0.000003
0.000000
0.000000
0.000000
0.000003
0.000000
0.000000
0.000000
0.000000
0.000000
0.000000
0.000000
0.000000
0.000000
0.000000
0.000000
0.000000
0.000000
0.000001
0.000000
0.000000
0.000000
0.000000
0.000000
0.000000
0.000000
0.000000
0.000000
0.000000
0.000000
0.000000
0.000000
0.000000
0.000000
0.000000
0.000000
0.000000
0.000000
0.000000
0.000000
0.000000
0.000000
0.000000
0.000000
0.000000
0.000000
0.000000
0.000000
0.000000
0.000000
0.000000
0.000000
0.000000
0.000000
0.000000
0.000000
0.000000
0.000000
0.000000
0.000000
0.000000
0.000000
0.000000
0.000000
0.000000
0.000000
0.000000
0.000000
0.000000
0.000000
0.000000
0.000000
0.000000
0.000000
0.000000
0.000000
0.000000
0.000000
0.000000
0.000000
0.000000
0.000000
0.000000
0.000000
0.000000
0.000000
0.000000
0.000000
0.000000
0.000000
0.000000
0.000000
0.000000
0.000000
0.000000
0.000000
0.000000
0.000000
0.000000
0.000000
0.000000
0.000000
0.000000
0.000000
0.000000
0.000000
0.000000
0.000000
0.000000
0.000000
0.000000
0.000000
0.000000
0.000000
0.000000
0.000000
0.000000
0.000000
0.000000
0.000000
0.000000
0.000000
0.000000
0.000000
0.000000
0.000000
0.000000
0.000000
