32.366300
63.412300
1053.000000
273.610000
116.380000
74.943000
49.404000
32.403000
23.320000
16.129000
12.731000
9.257300
7.435600
5.524700
4.391300
2.802300
2.504700
1.812900
1.357700
1.068700
0.784170
0.641840
0.482760
0.400440
0.336750
0.247580
0.187530
0.123670
0.124480
0.102310
0.072544
0.036759
0.045519
0.037637
0.018044
0.023387
0.012591
0.013020
0.008147
0.005303
0.005440
0.007028
0.003914
0.002857
0.002080
0.003409
0.000774
0.000511
0.000495
0.000566
0.000175
0.000621
0.000535
0.000126
0.000161
0.000689
0.000046
0.000246
0.000000
0.000144
0.000031
0.000003
0.000023
0.000000
0.000000
0.000000
0.000002
0.000015
0.000002
0.000000
0.000000
0.000000
0.000003
0.000000
0.000001
0.000000
0.000000
0.000000
0.000000
0.000000
0.000000
0.000000
0.000000
0.000000
0.000000
0.000000
0.000000
0.000000
0.000000
0.000000
0.000000
0.000000
0.000000
0.000000
0.000000
0.000000
0.000000
0.000000
0.000000
0.000000
0.000000
0.000000
0.000000
0.000000
0.000000
0.000000
0.000000
0.000000
0.000000
0.000000
0.000000
0.000000
0.000000
0.000000
0.000000
0.000000
0.000000
0.000000
0.000000
0.000000
0.000000
0.000000
0.000000
0.000000
0.000000
0.000000
0.000000
0.000000
0.000000
0.000000
0.000000
0.000000
0.000000
0.000000
0.000000
0.000000
0.000000
0.000000
0.000000
0.000000
0.000000
0.000000
0.000000
0.000000
0.000000
0.000000
0.000000
0.000000
0.000000
0.000000
0.000000
0.000000
0.000000
0.000000
0.000000
0.000000
0.000000
0.000000
0.000000
0.000000
0.000000
0.000000
0.000000
0.000000
0.000000
0.000000
0.000000
0.000000
0.000000
0.000000
0.000000
0.000000
0.000000
0.000000
0.000000
0.000000
0.000000
0.000000
0.000000
0.000000
0.000000
0.000000
0.000000
0.000000
0.000000
0.000000
0.000000
0.000000
0.000000
0.000000
0.000000
0.000000
0.000000
0.000000
0.000000
0.000000
0.000000
0.000000
0.000000
0.000000
0.000000
0.000000
