35.552900
73.855200
923.660000
229.430000
114.780000
64.427000
44.860000
29.026000
21.463000
15.611000
11.195000
7.246900
6.479800
3.959300
3.349300
2.928900
1.847500
1.379900
0.949010
0.822130
0.604920
0.445160
0.295720
0.225260
0.218600
0.154930
0.151340
0.097728
0.067042
0.045671
0.039075
0.039389
0.028347
0.014331
0.020071
0.006299
0.015859
0.008380
0.004285
0.006557
0.001694
0.002004
0.001761
0.000685
0.001041
0.000844
0.000487
0.000839
0.001469
0.001444
0.000212
0.000460
0.000262
0.000045
0.000577
0.000035
0.000020
0.000105
0.000008
0.000000
0.000004
0.000031
0.000089
0.000000
0.000005
0.000000
0.000000
0.000000
0.000000
0.000000
0.000000
0.000000
0.000000
0.000000
0.000002
0.000000
0.000000
0.000000
0.000000
0.000000
0.000000
0.000000
0.000000
0.000000
0.000000
0.000000
0.000000
0.000000
0.000000
0.000000
0.000000
0.000000
0.000000
0.000000
0.000000
0.000000
0.000000
0.000000
0.000000
0.000000
0.000000
0.000000
0.000000
0.000000
0.000000
0.000000
0.000000
0.000000
0.000000
0.000000
0.000000
0.000000
0.000000
0.000000
0.000000
0.000000
0.000000
0.000000
0.000000
0.000000
0.000000
0.000000
0.000000
0.000000
0.000000
0.000000
0.000000
0.000000
0.000000
0.000000
0.000000
0.000000
0.000000
0.000000
0.000000
0.000000
0.000000
0.000000
0.000000
0.000000
0.000000
0.000000
0.000000
0.000000
0.000000
0.000000
0.000000
0.000000
0.000000
0.000000
0.000000
0.000000
0.000000
0.000000
0.000000
0.000000
0.000000
0.000000
0.000000
0.000000
0.000000
0.000000
0.000000
0.000000
0.000000
0.000000
0.000000
0.000000
0.000000
0.000000
0.000000
0.000000
0.000000
0.000000
0.000000
0.000000
0.000000
0.000000
0.000000
0.000000
0.000000
0.000000
0.000000
0.000000
0.000000
0.000000
0.000000
0.000000
0.000000
0.000000
0.000000
0.000000
0.000000
0.000000
0.000000
0.000000
0.000000
0.000000
0.000000
0.000000
0.000000
0.000000
