22.490700
68.222600
1133.700000
286.000000
138.390000
89.826000
58.154000
40.968000
26.918000
21.249000
16.460000
12.214000
9.204700
7.293700
5.564400
4.567100
3.302900
2.489800
2.098500
1.811100
1.273000
1.120000
0.799980
0.666420
0.542210
0.339130
0.350340
0.236280
0.191010
0.219690
0.136250
0.098301
0.087736
0.063503
0.034268
0.029974
0.021789
0.018198
0.021922
0.023114
0.013291
0.005070
0.013211
0.004843
0.012481
0.001460
0.004968
0.001077
0.000887
0.000812
0.000388
0.001332
0.002513
0.000243
0.000070
0.001229
0.000251
0.000023
0.000106
0.000034
0.000013
0.000206
0.000025
0.000028
0.000022
0.000000
0.000007
0.000000
0.000006
0.000003
0.000000
0.000160
0.000000
0.000006
0.000000
0.000006
0.000000
0.000000
0.000000
0.000000
0.000000
0.000000
0.000000
0.000000
0.000000
0.000000
0.000000
0.000000
0.000000
0.000000
0.000000
0.000000
0.000000
0.000000
0.000000
0.000000
0.000000
0.000000
0.000000
0.000000
0.000000
0.000000
0.000000
0.000000
0.000000
0.000000
0.000000
0.000000
0.000000
0.000000
0.000000
0.000000
0.000000
0.000000
0.000000
0.000000
0.000000
0.000000
0.000000
0.000000
0.000000
0.000000
0.000000
0.000000
0.000000
0.000000
0.000000
0.000000
0.000000
0.000000
0.000000
0.000000
0.000000
0.000000
0.000000
0.000000
0.000000
0.000000
0.000000
0.000000
0.000000
0.000000
0.000000
0.000000
0.000000
0.000000
0.000000
0.000000
0.000000
0.000000
0.000000
0.000000
0.000000
0.000000
0.000000
0.000000
0.000000
0.000000
0.000000
0.000000
0.000000
0.000000
0.000000
0.000000
0.000000
0.000000
0.000000
0.000000
0.000000
0.000000
0.000000
0.000000
0.000000
0.000000
0.000000
0.000000
0.000000
0.000000
0.000000
0.000000
0.000000
0.000000
0.000000
0.000000
0.000000
0.000000
0.000000
0.000000
0.000000
0.000000
0.000000
0.000000
0.000000
0.000000
0.000000
0.000000
0.000000
0.000000
0.000000
0.000000
0.000000
0.000000
