38.047600
79.536000
1030.600000
236.940000
107.460000
62.229000
43.235000
28.789000
18.721000
13.745000
9.611400
7.853000
4.655800
4.224500
3.338900
2.418400
1.678600
1.064700
0.799570
0.639450
0.516350
0.424090
0.339130
0.190280
0.200460
0.138390
0.111060
0.107930
0.055585
0.049130
0.039131
0.023597
0.023725
0.017494
0.007541
0.005918
0.004077
0.008858
0.002769
0.004136
0.002051
0.001707
0.001416
0.000660
0.000145
0.000804
0.000302
0.000983
0.000018
0.000487
0.000056
0.000020
0.000053
0.000097
0.000279
0.000006
0.000034
0.000000
0.000000
0.000000
0.000007
0.000052
0.000006
0.000001
0.000000
0.000000
0.000000
0.000000
0.000000
0.000000
0.000000
0.000000
0.000002
0.000000
0.000000
0.000000
0.000000
0.000000
0.000000
0.000000
0.000000
0.000000
0.000000
0.000000
0.000000
0.000000
0.000000
0.000000
0.000000
0.000000
0.000000
0.000000
0.000000
0.000000
0.000000
0.000000
0.000000
0.000000
0.000000
0.000000
0.000000
0.000000
0.000000
0.000000
0.000000
0.000000
0.000000
0.000000
0.000000
0.000000
0.000000
0.000000
0.000000
0.000000
0.000000
0.000000
0.000000
0.000000
0.000000
0.000000
0.000000
0.000000
0.000000
0.000000
0.000000
0.000000
0.000000
0.000000
0.000000
0.000000
0.000000
0.000000
0.000000
0.000000
0.000000
0.000000
0.000000
0.000000
0.000000
0.000000
0.000000
0.000000
0.000000
0.000000
0.000000
0.000000
0.000000
0.000000
0.000000
0.000000
0.000000
0.000000
0.000000
0.000000
0.000000
0.000000
0.000000
0.000000
0.000000
0.000000
0.000000
0.000000
0.000000
0.000000
0.000000
0.000000
0.000000
0.000000
0.000000
0.000000
0.000000
0.000000
0.000000
0.000000
0.000000
0.000000
0.000000
0.000000
0.000000
0.000000
0.000000
0.000000
0.000000
0.000000
0.000000
0.000000
0.000000
0.000000
0.000000
0.000000
0.000000
0.000000
0.000000
0.000000
0.000000
0.000000
0.000000
0.000000
0.000000
0.000000
0.000000
0.000000
