20.983400
79.740700
1016.800000
270.720000
151.680000
92.430000
61.047000
41.963000
32.394000
22.209000
17.304000
11.660000
9.611500
7.312000
5.637200
4.324000
3.402100
2.704900
2.367200
1.543400
1.332800
1.019400
0.894980
0.604100
0.532900
0.411290
0.240430
0.249710
0.211960
0.105520
0.119160
0.065110
0.090025
0.044526
0.048164
0.042156
0.044651
0.028071
0.022369
0.023141
0.014169
0.005764
0.011823
0.005726
0.005858
0.002863
0.000379
0.004500
0.002273
0.001328
0.000478
0.000823
0.000055
0.000429
0.000092
0.000022
0.000010
0.000746
0.000016
0.000073
0.000004
0.000000
0.000506
0.000107
0.000042
0.000009
0.000000
0.000000
0.001029
0.000000
0.000000
0.000000
0.000000
0.000000
0.000009
0.000000
0.000000
0.000000
0.000000
0.000000
0.000000
0.000000
0.000000
0.000000
0.000000
0.000000
0.000000
0.000000
0.000000
0.000000
0.000000
0.000000
0.000000
0.000000
0.000000
0.000000
0.000000
0.000000
0.000000
0.000000
0.000000
0.000000
0.000000
0.000000
0.000000
0.000000
0.000000
0.000000
0.000000
0.000000
0.000000
0.000000
0.000000
0.000000
0.000000
0.000000
0.000000
0.000000
0.000000
0.000000
0.000000
0.000000
0.000000
0.000000
0.000000
0.000000
0.000000
0.000000
0.000000
0.000000
0.000000
0.000000
0.000000
0.000000
0.000000
0.000000
0.000000
0.000000
0.000000
0.000000
0.000000
0.000000
0.000000
0.000000
0.000000
0.000000
0.000000
0.000000
0.000000
0.000000
0.000000
0.000000
0.000000
0.000000
0.000000
0.000000
0.000000
0.000000
0.000000
0.000000
0.000000
0.000000
0.000000
0.000000
0.000000
0.000000
0.000000
0.000000
0.000000
0.000000
0.000000
0.000000
0.000000
0.000000
0.000000
0.000000
0.000000
0.000000
0.000000
0.000000
0.000000
0.000000
0.000000
0.000000
0.000000
0.000000
0.000000
0.000000
0.000000
0.000000
0.000000
0.000000
0.000000
0.000000
0.000000
0.000000
0.000000
0.000000
0.000000
0.000000
0.000000
0.000000
