32.861800
63.188500
1065.000000
237.890000
124.590000
74.671000
48.098000
32.601000
22.533000
16.548000
12.812000
8.989300
6.720000
4.709900
4.296800
2.482300
2.294500
1.782700
1.279500
0.973220
0.906150
0.685040
0.451240
0.334460
0.364360
0.252270
0.203870
0.158110
0.140430
0.099809
0.081097
0.052161
0.038390
0.027709
0.023410
0.019317
0.022417
0.011011
0.012541
0.009364
0.005660
0.005569
0.002791
0.003455
0.000797
0.001144
0.001238
0.000657
0.000656
0.000233
0.000203
0.000099
0.000086
0.000045
0.000118
0.000086
0.000294
0.000324
0.000058
0.000019
0.000005
0.000020
0.000000
0.000000
0.000002
0.000000
0.000005
0.000000
0.000009
0.000000
0.000057
0.000000
0.000000
0.000000
0.000000
0.000000
0.000000
0.000000
0.000000
0.000000
0.000000
0.000000
0.000000
0.000000
0.000000
0.000000
0.000000
0.000000
0.000000
0.000000
0.000000
0.000000
0.000000
0.000000
0.000000
0.000000
0.000000
0.000000
0.000000
0.000000
0.000000
0.000000
0.000000
0.000000
0.000000
0.000000
0.000000
0.000000
0.000000
0.000000
0.000000
0.000000
0.000000
0.000000
0.000000
0.000000
0.000000
0.000000
0.000000
0.000000
0.000000
0.000000
0.000000
0.000000
0.000000
0.000000
0.000000
0.000000
0.000000
0.000000
0.000000
0.000000
0.000000
0.000000
0.000000
0.000000
0.000000
0.000000
0.000000
0.000000
0.000000
0.000000
0.000000
0.000000
0.000000
0.000000
0.000000
0.000000
0.000000
0.000000
0.000000
0.000000
0.000000
0.000000
0.000000
0.000000
0.000000
0.000000
0.000000
0.000000
0.000000
0.000000
0.000000
0.000000
0.000000
0.000000
0.000000
0.000000
0.000000
0.000000
0.000000
0.000000
0.000000
0.000000
0.000000
0.000000
0.000000
0.000000
0.000000
0.000000
0.000000
0.000000
0.000000
0.000000
0.000000
0.000000
0.000000
0.000000
0.000000
0.000000
0.000000
0.000000
0.000000
0.000000
0.000000
0.000000
0.000000
0.000000
0.000000
0.000000
0.000000
0.000000
