26.993500
66.295000
1053.600000
269.880000
129.670000
74.102000
52.595000
36.551000
25.293000
19.748000
16.394000
10.789000
8.494300
6.523700
4.670900
3.716200
2.476700
2.380100
1.588900
1.510500
1.099400
0.811780
0.723150
0.638980
0.376700
0.278890
0.250220
0.152450
0.209430
0.112870
0.084317
0.050058
0.042330
0.041960
0.053484
0.030155
0.034792
0.012915
0.009176
0.010069
0.006072
0.014262
0.011780
0.003748
0.002396
0.003094
0.002928
0.000696
0.000538
0.003198
0.000706
0.000384
0.000240
0.000437
0.000071
0.000313
0.000013
0.000052
0.000013
0.000101
0.000123
0.000211
0.000054
0.000012
0.000000
0.000020
0.000000
0.000009
0.000036
0.000000
0.000005
0.000000
0.000011
0.000000
0.000000
0.000000
0.000000
0.000000
0.000000
0.000000
0.000000
0.000000
0.000000
0.000000
0.000000
0.000000
0.000000
0.000000
0.000000
0.000000
0.000000
0.000000
0.000000
0.000000
0.000000
0.000000
0.000000
0.000000
0.000000
0.000000
0.000000
0.000000
0.000000
0.000000
0.000000
0.000000
0.000000
0.000000
0.000000
0.000000
0.000000
0.000000
0.000000
0.000000
0.000000
0.000000
0.000000
0.000000
0.000000
0.000000
0.000000
0.000000
0.000000
0.000000
0.000000
0.000000
0.000000
0.000000
0.000000
0.000000
0.000000
0.000000
0.000000
0.000000
0.000000
0.000000
0.000000
0.000000
0.000000
0.000000
0.000000
0.000000
0.000000
0.000000
0.000000
0.000000
0.000000
0.000000
0.000000
0.000000
0.000000
0.000000
0.000000
0.000000
0.000000
0.000000
0.000000
0.000000
0.000000
0.000000
0.000000
0.000000
0.000000
0.000000
0.000000
0.000000
0.000000
0.000000
0.000000
0.000000
0.000000
0.000000
0.000000
0.000000
0.000000
0.000000
0.000000
0.000000
0.000000
0.000000
0.000000
0.000000
0.000000
0.000000
0.000000
0.000000
0.000000
0.000000
0.000000
0.000000
0.000000
0.000000
0.000000
0.000000
0.000000
0.000000
0.000000
0.000000
0.000000
0.000000
0.000000
0.000000
