26.661200
71.171200
1044.600000
259.370000
142.340000
81.586000
53.640000
35.206000
26.827000
18.688000
14.101000
10.546000
9.037700
6.209700
4.855000
4.144300
2.642200
2.290800
1.706700
1.437000
0.972110
0.874210
0.715240
0.550520
0.359070
0.290640
0.184020
0.178390
0.134450
0.097654
0.099767
0.064847
0.059712
0.046137
0.026077
0.037982
0.016242
0.020360
0.004342
0.016389
0.005465
0.005518
0.006879
0.003557
0.002219
0.003467
0.002136
0.000964
0.001696
0.002763
0.000530
0.000397
0.000266
0.000442
0.000043
0.000869
0.000225
0.000721
0.000430
0.000040
0.000007
0.000032
0.000003
0.000000
0.000002
0.000002
0.000000
0.000000
0.000006
0.000000
0.000000
0.000000
0.000000
0.000000
0.000007
0.000001
0.000000
0.000050
0.000000
0.000000
0.000000
0.000000
0.000000
0.000000
0.000000
0.000000
0.000000
0.000000
0.000000
0.000000
0.000000
0.000000
0.000000
0.000000
0.000000
0.000000
0.000000
0.000000
0.000000
0.000000
0.000000
0.000000
0.000000
0.000000
0.000000
0.000000
0.000000
0.000000
0.000000
0.000000
0.000000
0.000000
0.000000
0.000000
0.000000
0.000000
0.000000
0.000000
0.000000
0.000000
0.000000
0.000000
0.000000
0.000000
0.000000
0.000000
0.000000
0.000000
0.000000
0.000000
0.000000
0.000000
0.000000
0.000000
0.000000
0.000000
0.000000
0.000000
0.000000
0.000000
0.000000
0.000000
0.000000
0.000000
0.000000
0.000000
0.000000
0.000000
0.000000
0.000000
0.000000
0.000000
0.000000
0.000000
0.000000
0.000000
0.000000
0.000000
0.000000
0.000000
0.000000
0.000000
0.000000
0.000000
0.000000
0.000000
0.000000
0.000000
0.000000
0.000000
0.000000
0.000000
0.000000
0.000000
0.000000
0.000000
0.000000
0.000000
0.000000
0.000000
0.000000
0.000000
0.000000
0.000000
0.000000
0.000000
0.000000
0.000000
0.000000
0.000000
0.000000
0.000000
0.000000
0.000000
0.000000
0.000000
0.000000
0.000000
0.000000
0.000000
0.000000
0.000000
