36.124900
62.596000
1038.500000
243.900000
114.610000
70.245000
42.530000
28.589000
21.691000
14.871000
11.241000
8.526900
5.628500
4.091900
2.981400
2.474500
1.957900
1.625000
1.002900
0.954730
0.713390
0.482980
0.368040
0.316650
0.250360
0.160350
0.134630
0.137660
0.062476
0.049673
0.044072
0.032517
0.028042
0.019754
0.019298
0.019488
0.007780
0.011114
0.008203
0.004823
0.005388
0.001086
0.002282
0.003655
0.003135
0.001320
0.000526
0.000175
0.001297
0.001710
0.000885
0.000189
0.000231
0.000050
0.000180
0.000008
0.000127
0.000040
0.000033
0.000000
0.000008
0.000011
0.000013
0.000013
0.000001
0.000000
0.000007
0.000004
0.000002
0.000000
0.000000
0.000004
0.000000
0.000010
0.000000
0.000000
0.000000
0.000000
0.000000
0.000000
0.000000
0.000000
0.000000
0.000000
0.000000
0.000000
0.000000
0.000000
0.000000
0.000000
0.000000
0.000000
0.000000
0.000000
0.000000
0.000000
0.000000
0.000000
0.000000
0.000000
0.000000
0.000000
0.000000
0.000000
0.000000
0.000000
0.000000
0.000000
0.000000
0.000000
0.000000
0.000000
0.000000
0.000000
0.000000
0.000000
0.000000
0.000000
0.000000
0.000000
0.000000
0.000000
0.000000
0.000000
0.000000
0.000000
0.000000
0.000000
0.000000
0.000000
0.000000
0.000000
0.000000
0.000000
0.000000
0.000000
0.000000
0.000000
0.000000
0.000000
0.000000
0.000000
0.000000
0.000000
0.000000
0.000000
0.000000
0.000000
0.000000
0.000000
0.000000
0.000000
0.000000
0.000000
0.000000
0.000000
0.000000
0.000000
0.000000
0.000000
0.000000
0.000000
0.000000
0.000000
0.000000
0.000000
0.000000
0.000000
0.000000
0.000000
0.000000
0.000000
0.000000
0.000000
0.000000
0.000000
0.000000
0.000000
0.000000
0.000000
0.000000
0.000000
0.000000
0.000000
0.000000
0.000000
0.000000
0.000000
0.000000
0.000000
0.000000
0.000000
0.000000
0.000000
0.000000
0.000000
0.000000
0.000000
0.000000
0.000000
0.000000
0.000000
