20.101200
62.184700
1116.300000
281.670000
147.530000
88.493000
58.831000
44.537000
32.019000
24.049000
19.218000
14.265000
11.109000
7.909600
6.618600
5.017200
3.925200
3.190300
2.542700
1.874500
1.958300
1.176600
0.956400
0.767980
0.686380
0.479840
0.378620
0.361330
0.197920
0.255520
0.204780
0.172730
0.118690
0.134440
0.081072
0.069694
0.057592
0.029159
0.038329
0.031443
0.010561
0.016755
0.011658
0.003346
0.006073
0.008740
0.004110
0.005314
0.004677
0.001094
0.004151
0.001544
0.000604
0.003578
0.000334
0.001177
0.001299
0.000086
0.000451
0.000549
0.001754
0.000021
0.000270
0.000488
0.000097
0.000004
0.000007
0.000007
0.000022
0.000002
0.000000
0.000000
0.000001
0.000000
0.000002
0.000000
0.000008
0.000000
0.000000
0.000000
0.000000
0.000000
0.000000
0.000000
0.000000
0.000072
0.000000
0.000000
0.000000
0.000000
0.000000
0.000000
0.000000
0.000000
0.000000
0.000000
0.000000
0.000000
0.000000
0.000000
0.000000
0.000000
0.000000
0.000000
0.000000
0.000000
0.000000
0.000000
0.000000
0.000000
0.000000
0.000000
0.000000
0.000000
0.000000
0.000000
0.000000
0.000000
0.000000
0.000000
0.000000
0.000000
0.000000
0.000000
0.000000
0.000000
0.000000
0.000000
0.000000
0.000000
0.000000
0.000000
0.000000
0.000000
0.000000
0.000000
0.000000
0.000000
0.000000
0.000000
0.000000
0.000000
0.000000
0.000000
0.000000
0.000000
0.000000
0.000000
0.000000
0.000000
0.000000
0.000000
0.000000
0.000000
0.000000
0.000000
0.000000
0.000000
0.000000
0.000000
0.000000
0.000000
0.000000
0.000000
0.000000
0.000000
0.000000
0.000000
0.000000
0.000000
0.000000
0.000000
0.000000
0.000000
0.000000
0.000000
0.000000
0.000000
0.000000
0.000000
0.000000
0.000000
0.000000
0.000000
0.000000
0.000000
0.000000
0.000000
0.000000
0.000000
0.000000
0.000000
0.000000
0.000000
0.000000
0.000000
0.000000
0.000000
0.000000
0.000000
0.000000
0.000000
