31.280000
73.469700
1042.000000
252.020000
114.610000
76.518000
43.670000
32.181000
22.508000
17.041000
11.975000
8.574800
6.433900
5.214300
3.828900
2.861800
2.681800
1.878500
1.453300
1.108400
0.870310
0.686140
0.401600
0.379030
0.264180
0.240520
0.116310
0.170330
0.099063
0.074961
0.075029
0.050401
0.050815
0.033904
0.021153
0.015148
0.010716
0.009020
0.011420
0.006452
0.004294
0.003618
0.002710
0.000346
0.001014
0.002891
0.002092
0.000135
0.000472
0.000661
0.000441
0.000144
0.000030
0.000020
0.000359
0.000391
0.000043
0.000007
0.000153
0.000067
0.000064
0.000136
0.000044
0.000032
0.000000
0.000038
0.000000
0.000000
0.000000
0.000000
0.000000
0.000002
0.000000
0.000000
0.000037
0.000000
0.000000
0.000000
0.000000
0.000000
0.000000
0.000000
0.000000
0.000000
0.000000
0.000000
0.000000
0.000000
0.000000
0.000000
0.000000
0.000000
0.000000
0.000000
0.000000
0.000000
0.000000
0.000000
0.000000
0.000000
0.000000
0.000000
0.000000
0.000000
0.000000
0.000000
0.000000
0.000000
0.000000
0.000000
0.000000
0.000000
0.000000
0.000000
0.000000
0.000000
0.000000
0.000000
0.000000
0.000000
0.000000
0.000000
0.000000
0.000000
0.000000
0.000000
0.000000
0.000000
0.000000
0.000000
0.000000
0.000000
0.000000
0.000000
0.000000
0.000000
0.000000
0.000000
0.000000
0.000000
0.000000
0.000000
0.000000
0.000000
0.000000
0.000000
0.000000
0.000000
0.000000
0.000000
0.000000
0.000000
0.000000
0.000000
0.000000
0.000000
0.000000
0.000000
0.000000
0.000000
0.000000
0.000000
0.000000
0.000000
0.000000
0.000000
0.000000
0.000000
0.000000
0.000000
0.000000
0.000000
0.000000
0.000000
0.000000
0.000000
0.000000
0.000000
0.000000
0.000000
0.000000
0.000000
0.000000
0.000000
0.000000
0.000000
0.000000
0.000000
0.000000
0.000000
0.000000
0.000000
0.000000
0.000000
0.000000
0.000000
0.000000
0.000000
0.000000
0.000000
0.000000
0.000000
