39.374000
73.684600
972.510000
241.590000
103.030000
66.777000
38.197000
28.225000
19.600000
14.039000
9.689200
7.135400
5.209300
3.876000
3.013200
2.731900
1.740000
1.260600
0.821790
0.701220
0.556980
0.429270
0.304530
0.227220
0.159780
0.109630
0.088064
0.081712
0.062276
0.048709
0.028702
0.028158
0.027158
0.017277
0.006750
0.010334
0.007858
0.006823
0.002160
0.002609
0.002450
0.001288
0.000705
0.002622
0.001089
0.001618
0.000155
0.000517
0.000120
0.000157
0.000152
0.000018
0.000015
0.000025
0.000000
0.000003
0.000233
0.000000
0.000005
0.000022
0.000058
0.000026
0.000000
0.000007
0.000000
0.000000
0.000000
0.000000
0.000000
0.000000
0.000000
0.000002
0.000000
0.000000
0.000000
0.000000
0.000000
0.000000
0.000000
0.000000
0.000000
0.000000
0.000000
0.000000
0.000000
0.000000
0.000000
0.000000
0.000000
0.000000
0.000000
0.000000
0.000000
0.000000
0.000000
0.000000
0.000000
0.000000
0.000000
0.000000
0.000000
0.000000
0.000000
0.000000
0.000000
0.000000
0.000000
0.000000
0.000000
0.000000
0.000000
0.000000
0.000000
0.000000
0.000000
0.000000
0.000000
0.000000
0.000000
0.000000
0.000000
0.000000
0.000000
0.000000
0.000000
0.000000
0.000000
0.000000
0.000000
0.000000
0.000000
0.000000
0.000000
0.000000
0.000000
0.000000
0.000000
0.000000
0.000000
0.000000
0.000000
0.000000
0.000000
0.000000
0.000000
0.000000
0.000000
0.000000
0.000000
0.000000
0.000000
0.000000
0.000000
0.000000
0.000000
0.000000
0.000000
0.000000
0.000000
0.000000
0.000000
0.000000
0.000000
0.000000
0.000000
0.000000
0.000000
0.000000
0.000000
0.000000
0.000000
0.000000
0.000000
0.000000
0.000000
0.000000
0.000000
0.000000
0.000000
0.000000
0.000000
0.000000
0.000000
0.000000
0.000000
0.000000
0.000000
0.000000
0.000000
0.000000
0.000000
0.000000
0.000000
0.000000
0.000000
0.000000
0.000000
0.000000
0.000000
0.000000
0.000000
0.000000
