39.576500
63.198200
1022.700000
237.820000
110.370000
63.386000
41.072000
28.399000
18.513000
12.638000
9.428000
7.223900
5.593900
4.426900
2.901100
2.247600
1.937400
1.337300
0.961150
0.782220
0.577550
0.480950
0.313480
0.296370
0.217290
0.117770
0.106600
0.071932
0.071873
0.050382
0.035868
0.025309
0.025937
0.009231
0.018649
0.008459
0.004272
0.005390
0.004136
0.003843
0.002983
0.003263
0.001454
0.001761
0.000863
0.000912
0.000488
0.000987
0.000243
0.000264
0.000142
0.000136
0.000195
0.000141
0.000141
0.000012
0.000010
0.000015
0.000006
0.000005
0.000005
0.000000
0.000004
0.000000
0.000000
0.000040
0.000022
0.000003
0.000000
0.000002
0.000000
0.000000
0.000009
0.000000
0.000000
0.000000
0.000000
0.000000
0.000000
0.000001
0.000000
0.000000
0.000000
0.000000
0.000000
0.000000
0.000000
0.000000
0.000000
0.000000
0.000000
0.000000
0.000000
0.000000
0.000000
0.000000
0.000000
0.000000
0.000000
0.000000
0.000000
0.000000
0.000000
0.000000
0.000000
0.000000
0.000000
0.000000
0.000000
0.000000
0.000000
0.000000
0.000000
0.000000
0.000000
0.000000
0.000000
0.000000
0.000000
0.000000
0.000000
0.000000
0.000000
0.000000
0.000000
0.000000
0.000000
0.000000
0.000000
0.000000
0.000000
0.000000
0.000000
0.000000
0.000000
0.000000
0.000000
0.000000
0.000000
0.000000
0.000000
0.000000
0.000000
0.000000
0.000000
0.000000
0.000000
0.000000
0.000000
0.000000
0.000000
0.000000
0.000000
0.000000
0.000000
0.000000
0.000000
0.000000
0.000000
0.000000
0.000000
0.000000
0.000000
0.000000
0.000000
0.000000
0.000000
0.000000
0.000000
0.000000
0.000000
0.000000
0.000000
0.000000
0.000000
0.000000
0.000000
0.000000
0.000000
0.000000
0.000000
0.000000
0.000000
0.000000
0.000000
0.000000
0.000000
0.000000
0.000000
0.000000
0.000000
0.000000
0.000000
0.000000
0.000000
0.000000
0.000000
0.000000
0.000000
0.000000
0.000000
0.000000
