27.070600
66.965300
1067.500000
257.660000
140.090000
78.550000
51.075000
32.677000
27.294000
18.642000
15.136000
10.921000
7.626500
6.461700
5.287700
3.866100
2.982100
1.923400
1.672300
1.380300
0.989240
0.727200
0.525090
0.509210
0.464990
0.304950
0.233130
0.185420
0.144140
0.119320
0.106180
0.075200
0.051823
0.031761
0.020720
0.027859
0.010561
0.027008
0.008508
0.011826
0.008727
0.009450
0.002177
0.001558
0.002314
0.003324
0.005168
0.001251
0.000686
0.000591
0.001011
0.000209
0.000165
0.000182
0.000123
0.000133
0.000068
0.000004
0.000081
0.000155
0.000389
0.000049
0.000020
0.000038
0.000145
0.000280
0.000054
0.000000
0.000000
0.000002
0.000000
0.000000
0.000006
0.000000
0.000000
0.000000
0.000000
0.000000
0.000000
0.000000
0.000000
0.000000
0.000032
0.000000
0.000000
0.000000
0.000000
0.000000
0.000000
0.000000
0.000000
0.000000
0.000000
0.000000
0.000000
0.000000
0.000000
0.000000
0.000000
0.000000
0.000000
0.000000
0.000000
0.000000
0.000000
0.000000
0.000000
0.000000
0.000000
0.000000
0.000000
0.000000
0.000000
0.000000
0.000000
0.000000
0.000000
0.000000
0.000000
0.000000
0.000000
0.000000
0.000000
0.000000
0.000000
0.000000
0.000000
0.000000
0.000000
0.000000
0.000000
0.000000
0.000000
0.000000
0.000000
0.000000
0.000000
0.000000
0.000000
0.000000
0.000000
0.000000
0.000000
0.000000
0.000000
0.000000
0.000000
0.000000
0.000000
0.000000
0.000000
0.000000
0.000000
0.000000
0.000000
0.000000
0.000000
0.000000
0.000000
0.000000
0.000000
0.000000
0.000000
0.000000
0.000000
0.000000
0.000000
0.000000
0.000000
0.000000
0.000000
0.000000
0.000000
0.000000
0.000000
0.000000
0.000000
0.000000
0.000000
0.000000
0.000000
0.000000
0.000000
0.000000
0.000000
0.000000
0.000000
0.000000
0.000000
0.000000
0.000000
0.000000
0.000000
0.000000
0.000000
0.000000
0.000000
0.000000
0.000000
0.000000
0.000000
0.000000
