26.119700
76.743300
1022.400000
260.860000
134.100000
81.564000
53.568000
37.128000
24.725000
19.510000
14.588000
10.837000
7.943300
6.448600
4.410300
3.371400
2.975100
2.271900
1.483000
1.362600
1.214700
0.792960
0.497420
0.457820
0.381480
0.310100
0.278280
0.185880
0.187660
0.126080
0.080262
0.074679
0.048278
0.048067
0.040009
0.035129
0.035986
0.012755
0.023357
0.012396
0.016377
0.009336
0.002155
0.005912
0.004900
0.000669
0.000568
0.000886
0.000663
0.000069
0.002058
0.001441
0.000049
0.000460
0.000065
0.001040
0.000104
0.000037
0.000011
0.000099
0.000021
0.000027
0.000139
0.000010
0.000000
0.000000
0.000014
0.000003
0.000000
0.000000
0.000000
0.000000
0.000000
0.000000
0.000000
0.000000
0.000000
0.000000
0.000000
0.000000
0.000000
0.000000
0.000000
0.000000
0.000000
0.000000
0.000000
0.000000
0.000002
0.000002
0.000000
0.000000
0.000000
0.000000
0.000000
0.000000
0.000000
0.000000
0.000000
0.000000
0.000000
0.000000
0.000000
0.000000
0.000000
0.000000
0.000000
0.000000
0.000000
0.000000
0.000000
0.000000
0.000000
0.000000
0.000000
0.000000
0.000000
0.000000
0.000000
0.000000
0.000000
0.000000
0.000000
0.000000
0.000000
0.000000
0.000000
0.000000
0.000000
0.000000
0.000000
0.000000
0.000000
0.000000
0.000000
0.000000
0.000000
0.000000
0.000000
0.000000
0.000000
0.000000
0.000000
0.000000
0.000000
0.000000
0.000000
0.000000
0.000000
0.000000
0.000000
0.000000
0.000000
0.000000
0.000000
0.000000
0.000000
0.000000
0.000000
0.000000
0.000000
0.000000
0.000000
0.000000
0.000000
0.000000
0.000000
0.000000
0.000000
0.000000
0.000000
0.000000
0.000000
0.000000
0.000000
0.000000
0.000000
0.000000
0.000000
0.000000
0.000000
0.000000
0.000000
0.000000
0.000000
0.000000
0.000000
0.000000
0.000000
0.000000
0.000000
0.000000
0.000000
0.000000
0.000000
0.000000
0.000000
0.000000
0.000000
0.000000
0.000000
0.000000
