24.407000
76.021400
1074.600000
276.020000
134.050000
80.374000
54.014000
36.907000
26.255000
20.106000
15.045000
10.384000
8.557400
6.036000
5.009100
3.711100
2.917000
2.193300
1.812100
1.358100
0.985040
0.931080
0.662580
0.544930
0.350790
0.347490
0.210530
0.202640
0.175870
0.126250
0.110440
0.089405
0.053821
0.056081
0.052646
0.039875
0.039861
0.017046
0.011491
0.008072
0.008726
0.009479
0.006184
0.003243
0.003483
0.004859
0.001702
0.004368
0.001391
0.002887
0.000104
0.000133
0.001341
0.000713
0.000046
0.000082
0.000423
0.000097
0.000008
0.000010
0.000962
0.000074
0.000004
0.000044
0.000002
0.000000
0.000000
0.000000
0.000000
0.000000
0.000000
0.000000
0.000000
0.000005
0.000000
0.000000
0.000000
0.000000
0.000000
0.000000
0.000000
0.000000
0.000000
0.000000
0.000000
0.000000
0.000002
0.000000
0.000000
0.000000
0.000000
0.000000
0.000000
0.000000
0.000000
0.000000
0.000000
0.000000
0.000000
0.000000
0.000000
0.000000
0.000000
0.000000
0.000000
0.000000
0.000000
0.000000
0.000000
0.000000
0.000000
0.000000
0.000000
0.000000
0.000000
0.000000
0.000000
0.000000
0.000000
0.000000
0.000000
0.000000
0.000000
0.000000
0.000000
0.000000
0.000000
0.000000
0.000000
0.000000
0.000000
0.000000
0.000000
0.000000
0.000000
0.000000
0.000000
0.000000
0.000000
0.000000
0.000000
0.000000
0.000000
0.000000
0.000000
0.000000
0.000000
0.000000
0.000000
0.000000
0.000000
0.000000
0.000000
0.000000
0.000000
0.000000
0.000000
0.000000
0.000000
0.000000
0.000000
0.000000
0.000000
0.000000
0.000000
0.000000
0.000000
0.000000
0.000000
0.000000
0.000000
0.000000
0.000000
0.000000
0.000000
0.000000
0.000000
0.000000
0.000000
0.000000
0.000000
0.000000
0.000000
0.000000
0.000000
0.000000
0.000000
0.000000
0.000000
0.000000
0.000000
0.000000
0.000000
0.000000
0.000000
0.000000
0.000000
0.000000
0.000000
0.000000
0.000000
0.000000
