26.993500
66.295000
1036.300000
281.050000
138.790000
77.793000
53.076000
39.358000
26.276000
18.883000
14.770000
12.111000
9.052800
6.007100
5.029300
4.209200
2.950600
2.443900
1.948300
1.463100
0.897630
0.825450
0.567750
0.520600
0.358040
0.293560
0.251690
0.149930
0.109240
0.081529
0.081228
0.079201
0.043010
0.066185
0.033519
0.042349
0.014887
0.017152
0.006198
0.007312
0.011535
0.008631
0.003349
0.010494
0.000959
0.001975
0.002201
0.002008
0.002395
0.001147
0.000526
0.000229
0.000516
0.001098
0.000896
0.000407
0.000441
0.000375
0.000038
0.000313
0.000026
0.000080
0.000004
0.000045
0.000006
0.000029
0.000001
0.000000
0.000000
0.000030
0.000000
0.000104
0.000000
0.000000
0.000000
0.000000
0.000000
0.000000
0.000000
0.000000
0.000000
0.000000
0.000000
0.000005
0.000000
0.000000
0.000000
0.000000
0.000000
0.000000
0.000000
0.000000
0.000000
0.000000
0.000000
0.000000
0.000000
0.000000
0.000000
0.000000
0.000000
0.000000
0.000000
0.000000
0.000000
0.000000
0.000000
0.000000
0.000000
0.000000
0.000000
0.000000
0.000000
0.000000
0.000000
0.000000
0.000000
0.000000
0.000000
0.000000
0.000000
0.000000
0.000000
0.000000
0.000000
0.000000
0.000000
0.000000
0.000000
0.000000
0.000000
0.000000
0.000000
0.000000
0.000000
0.000000
0.000000
0.000000
0.000000
0.000000
0.000000
0.000000
0.000000
0.000000
0.000000
0.000000
0.000000
0.000000
0.000000
0.000000
0.000000
0.000000
0.000000
0.000000
0.000000
0.000000
0.000000
0.000000
0.000000
0.000000
0.000000
0.000000
0.000000
0.000000
0.000000
0.000000
0.000000
0.000000
0.000000
0.000000
0.000000
0.000000
0.000000
0.000000
0.000000
0.000000
0.000000
0.000000
0.000000
0.000000
0.000000
0.000000
0.000000
0.000000
0.000000
0.000000
0.000000
0.000000
0.000000
0.000000
0.000000
0.000000
0.000000
0.000000
0.000000
0.000000
0.000000
0.000000
0.000000
0.000000
0.000000
0.000000
