39.062200
74.768200
1022.000000
239.410000
112.250000
61.332000
39.451000
25.888000
20.156000
15.082000
9.959700
7.225400
4.916600
4.021900
2.893200
2.150500
1.511800
1.083700
0.838180
0.688870
0.514780
0.390890
0.322130
0.266390
0.179330
0.157020
0.107340
0.072241
0.089618
0.054953
0.059614
0.031054
0.012744
0.022640
0.008879
0.009499
0.016936
0.003404
0.003966
0.002098
0.002944
0.003383
0.000652
0.001801
0.000579
0.001904
0.000283
0.000392
0.000222
0.000217
0.000122
0.000023
0.000035
0.000027
0.000757
0.000000
0.000003
0.000002
0.000010
0.000003
0.000063
0.000003
0.000000
0.000000
0.000003
0.000011
0.000005
0.000000
0.000000
0.000001
0.000000
0.000000
0.000000
0.000000
0.000000
0.000000
0.000000
0.000000
0.000000
0.000000
0.000000
0.000000
0.000000
0.000000
0.000000
0.000000
0.000000
0.000000
0.000000
0.000000
0.000000
0.000000
0.000000
0.000000
0.000000
0.000000
0.000000
0.000000
0.000000
0.000000
0.000000
0.000000
0.000000
0.000000
0.000000
0.000000
0.000000
0.000000
0.000000
0.000000
0.000000
0.000000
0.000000
0.000000
0.000000
0.000000
0.000000
0.000000
0.000000
0.000000
0.000000
0.000000
0.000000
0.000000
0.000000
0.000000
0.000000
0.000000
0.000000
0.000000
0.000000
0.000000
0.000000
0.000000
0.000000
0.000000
0.000000
0.000000
0.000000
0.000000
0.000000
0.000000
0.000000
0.000000
0.000000
0.000000
0.000000
0.000000
0.000000
0.000000
0.000000
0.000000
0.000000
0.000000
0.000000
0.000000
0.000000
0.000000
0.000000
0.000000
0.000000
0.000000
0.000000
0.000000
0.000000
0.000000
0.000000
0.000000
0.000000
0.000000
0.000000
0.000000
0.000000
0.000000
0.000000
0.000000
0.000000
0.000000
0.000000
0.000000
0.000000
0.000000
0.000000
0.000000
0.000000
0.000000
0.000000
0.000000
0.000000
0.000000
0.000000
0.000000
0.000000
0.000000
0.000000
0.000000
0.000000
0.000000
0.000000
0.000000
0.000000
0.000000
