34.686800
65.298400
1017.700000
243.320000
122.400000
66.031000
43.503000
33.151000
23.318000
14.676000
12.127000
8.521300
6.611600
5.194000
3.643700
2.633300
1.733900
1.607900
1.121600
0.832820
0.665710
0.547940
0.387360
0.323310
0.260510
0.246670
0.157930
0.118510
0.086507
0.071608
0.053669
0.044131
0.030211
0.014586
0.018142
0.015790
0.011378
0.008152
0.005255
0.004124
0.004632
0.006428
0.001863
0.002744
0.002187
0.000840
0.001397
0.000733
0.001937
0.000606
0.001003
0.000096
0.000120
0.000163
0.000141
0.000019
0.000248
0.000069
0.000115
0.000050
0.000003
0.000022
0.000003
0.000000
0.000011
0.000365
0.000023
0.000000
0.000000
0.000000
0.000012
0.000000
0.000000
0.000000
0.000001
0.000000
0.000000
0.000000
0.000000
0.000000
0.000002
0.000000
0.000000
0.000000
0.000000
0.000000
0.000000
0.000000
0.000000
0.000000
0.000000
0.000000
0.000000
0.000000
0.000000
0.000000
0.000000
0.000000
0.000000
0.000000
0.000000
0.000000
0.000000
0.000000
0.000000
0.000000
0.000000
0.000000
0.000000
0.000000
0.000000
0.000000
0.000000
0.000000
0.000000
0.000000
0.000000
0.000000
0.000000
0.000000
0.000000
0.000000
0.000000
0.000000
0.000000
0.000000
0.000000
0.000000
0.000000
0.000000
0.000000
0.000000
0.000000
0.000000
0.000000
0.000000
0.000000
0.000000
0.000000
0.000000
0.000000
0.000000
0.000000
0.000000
0.000000
0.000000
0.000000
0.000000
0.000000
0.000000
0.000000
0.000000
0.000000
0.000000
0.000000
0.000000
0.000000
0.000000
0.000000
0.000000
0.000000
0.000000
0.000000
0.000000
0.000000
0.000000
0.000000
0.000000
0.000000
0.000000
0.000000
0.000000
0.000000
0.000000
0.000000
0.000000
0.000000
0.000000
0.000000
0.000000
0.000000
0.000000
0.000000
0.000000
0.000000
0.000000
0.000000
0.000000
0.000000
0.000000
0.000000
0.000000
0.000000
0.000000
0.000000
0.000000
0.000000
0.000000
0.000000
0.000000
0.000000
0.000000
