28.186100
67.829800
1078.000000
247.750000
123.010000
76.342000
53.086000
34.606000
25.486000
19.936000
13.225000
10.580000
7.405900
5.767600
4.613900
3.241600
2.637400
2.087500
1.415900
1.484900
0.980710
0.813810
0.678250
0.379860
0.352280
0.293750
0.228320
0.188850
0.130700
0.120100
0.077245
0.067222
0.048556
0.039581
0.037415
0.033828
0.031228
0.008042
0.018580
0.013002
0.014906
0.004165
0.005087
0.004402
0.004139
0.000954
0.001288
0.003234
0.001502
0.001441
0.000110
0.001251
0.000376
0.000504
0.000141
0.000383
0.000178
0.000017
0.000068
0.000075
0.000025
0.000041
0.000006
0.000048
0.000001
0.000040
0.000006
0.000002
0.000000
0.000000
0.000007
0.000000
0.000012
0.000004
0.000003
0.000000
0.000000
0.000000
0.000000
0.000000
0.000000
0.000000
0.000003
0.000000
0.000000
0.000000
0.000000
0.000000
0.000000
0.000000
0.000000
0.000000
0.000000
0.000000
0.000000
0.000000
0.000000
0.000000
0.000000
0.000000
0.000000
0.000000
0.000000
0.000000
0.000000
0.000000
0.000000
0.000000
0.000000
0.000000
0.000000
0.000000
0.000000
0.000000
0.000000
0.000000
0.000000
0.000000
0.000000
0.000000
0.000000
0.000000
0.000000
0.000000
0.000000
0.000000
0.000000
0.000000
0.000000
0.000000
0.000000
0.000000
0.000000
0.000000
0.000000
0.000000
0.000000
0.000000
0.000000
0.000000
0.000000
0.000000
0.000000
0.000000
0.000000
0.000000
0.000000
0.000000
0.000000
0.000000
0.000000
0.000000
0.000000
0.000000
0.000000
0.000000
0.000000
0.000000
0.000000
0.000000
0.000000
0.000000
0.000000
0.000000
0.000000
0.000000
0.000000
0.000000
0.000000
0.000000
0.000000
0.000000
0.000000
0.000000
0.000000
0.000000
0.000000
0.000000
0.000000
0.000000
0.000000
0.000000
0.000000
0.000000
0.000000
0.000000
0.000000
0.000000
0.000000
0.000000
0.000000
0.000000
0.000000
0.000000
0.000000
0.000000
0.000000
0.000000
0.000000
0.000000
0.000000
0.000000
