36.612900
75.169900
975.300000
242.320000
119.460000
62.947000
41.670000
29.143000
21.390000
13.862000
11.317000
7.087600
5.894200
4.479800
3.137000
2.343100
1.803300
1.444700
1.209600
0.559290
0.623950
0.410780
0.337100
0.287410
0.198280
0.140800
0.120840
0.113240
0.087038
0.042343
0.040863
0.022885
0.024583
0.017741
0.012634
0.005597
0.006577
0.004101
0.004732
0.006031
0.008263
0.002041
0.002863
0.000719
0.000294
0.001266
0.000212
0.001209
0.000016
0.000030
0.000014
0.000055
0.000045
0.000008
0.000214
0.000002
0.000054
0.000012
0.000022
0.000003
0.000007
0.000006
0.000039
0.000000
0.000004
0.000005
0.000000
0.000000
0.000000
0.000000
0.000000
0.000000
0.000000
0.000000
0.000000
0.000000
0.000000
0.000000
0.000000
0.000000
0.000000
0.000000
0.000000
0.000000
0.000000
0.000000
0.000000
0.000000
0.000000
0.000000
0.000000
0.000000
0.000000
0.000000
0.000000
0.000000
0.000000
0.000000
0.000000
0.000000
0.000000
0.000000
0.000000
0.000000
0.000000
0.000000
0.000000
0.000000
0.000000
0.000000
0.000000
0.000000
0.000000
0.000000
0.000000
0.000000
0.000000
0.000000
0.000000
0.000000
0.000000
0.000000
0.000000
0.000000
0.000000
0.000000
0.000000
0.000000
0.000000
0.000000
0.000000
0.000000
0.000000
0.000000
0.000000
0.000000
0.000000
0.000000
0.000000
0.000000
0.000000
0.000000
0.000000
0.000000
0.000000
0.000000
0.000000
0.000000
0.000000
0.000000
0.000000
0.000000
0.000000
0.000000
0.000000
0.000000
0.000000
0.000000
0.000000
0.000000
0.000000
0.000000
0.000000
0.000000
0.000000
0.000000
0.000000
0.000000
0.000000
0.000000
0.000000
0.000000
0.000000
0.000000
0.000000
0.000000
0.000000
0.000000
0.000000
0.000000
0.000000
0.000000
0.000000
0.000000
0.000000
0.000000
0.000000
0.000000
0.000000
0.000000
0.000000
0.000000
0.000000
0.000000
0.000000
0.000000
0.000000
0.000000
0.000000
0.000000
0.000000
0.000000
