24.687000
60.728300
1065.300000
282.640000
146.890000
84.012000
57.084000
36.900000
28.207000
19.719000
16.298000
11.209000
8.883300
6.715400
5.371200
3.533400
2.812300
2.621400
2.019000
1.654500
1.100100
1.020200
0.887450
0.545430
0.455570
0.350230
0.406530
0.271040
0.174870
0.113630
0.110540
0.091578
0.076946
0.053660
0.058752
0.047769
0.034673
0.019886
0.022679
0.013158
0.014398
0.008467
0.008884
0.012676
0.002440
0.003783
0.003145
0.002946
0.002684
0.003492
0.000483
0.003272
0.000232
0.000648
0.000231
0.000168
0.000222
0.000212
0.000026
0.000035
0.000106
0.000117
0.000090
0.000026
0.000020
0.000005
0.000002
0.000026
0.000023
0.000000
0.000098
0.000031
0.000000
0.000000
0.000005
0.000001
0.000000
0.000000
0.000000
0.000003
0.000000
0.000004
0.000000
0.000000
0.000000
0.000000
0.000000
0.000000
0.000000
0.000000
0.000000
0.000000
0.000000
0.000000
0.000000
0.000000
0.000000
0.000000
0.000000
0.000000
0.000000
0.000000
0.000000
0.000000
0.000000
0.000000
0.000000
0.000000
0.000000
0.000000
0.000000
0.000000
0.000000
0.000000
0.000000
0.000000
0.000000
0.000000
0.000000
0.000000
0.000000
0.000000
0.000000
0.000000
0.000000
0.000000
0.000000
0.000000
0.000000
0.000000
0.000000
0.000000
0.000000
0.000000
0.000000
0.000000
0.000000
0.000000
0.000000
0.000000
0.000000
0.000000
0.000000
0.000000
0.000000
0.000000
0.000000
0.000000
0.000000
0.000000
0.000000
0.000000
0.000000
0.000000
0.000000
0.000000
0.000000
0.000000
0.000000
0.000000
0.000000
0.000000
0.000000
0.000000
0.000000
0.000000
0.000000
0.000000
0.000000
0.000000
0.000000
0.000000
0.000000
0.000000
0.000000
0.000000
0.000000
0.000000
0.000000
0.000000
0.000000
0.000000
0.000000
0.000000
0.000000
0.000000
0.000000
0.000000
0.000000
0.000000
0.000000
0.000000
0.000000
0.000000
0.000000
0.000000
0.000000
0.000000
0.000000
0.000000
0.000000
0.000000
