33.351300
79.541300
1025.800000
266.510000
116.410000
75.493000
44.564000
30.956000
22.234000
15.339000
11.898000
8.356800
6.206000
5.180100
3.200000
2.863500
2.150400
1.559000
1.343100
0.875280
0.688100
0.516300
0.412570
0.300080
0.253890
0.164130
0.134630
0.127030
0.063294
0.036966
0.036054
0.043078
0.037394
0.015504
0.016308
0.020569
0.015614
0.009122
0.010195
0.001938
0.004446
0.001761
0.002078
0.001244
0.000698
0.002174
0.001120
0.001658
0.001366
0.001140
0.000782
0.000016
0.000611
0.000142
0.000096
0.000033
0.000206
0.000000
0.000036
0.000000
0.000000
0.000010
0.000009
0.000001
0.000004
0.000000
0.000019
0.000000
0.000000
0.000000
0.000000
0.000001
0.000000
0.000000
0.000000
0.000000
0.000000
0.000000
0.000000
0.000000
0.000000
0.000000
0.000000
0.000000
0.000000
0.000000
0.000000
0.000000
0.000000
0.000000
0.000000
0.000000
0.000000
0.000000
0.000000
0.000000
0.000000
0.000000
0.000000
0.000000
0.000000
0.000000
0.000000
0.000000
0.000000
0.000000
0.000000
0.000000
0.000000
0.000000
0.000000
0.000000
0.000000
0.000000
0.000000
0.000000
0.000000
0.000000
0.000000
0.000000
0.000000
0.000000
0.000000
0.000000
0.000000
0.000000
0.000000
0.000000
0.000000
0.000000
0.000000
0.000000
0.000000
0.000000
0.000000
0.000000
0.000000
0.000000
0.000000
0.000000
0.000000
0.000000
0.000000
0.000000
0.000000
0.000000
0.000000
0.000000
0.000000
0.000000
0.000000
0.000000
0.000000
0.000000
0.000000
0.000000
0.000000
0.000000
0.000000
0.000000
0.000000
0.000000
0.000000
0.000000
0.000000
0.000000
0.000000
0.000000
0.000000
0.000000
0.000000
0.000000
0.000000
0.000000
0.000000
0.000000
0.000000
0.000000
0.000000
0.000000
0.000000
0.000000
0.000000
0.000000
0.000000
0.000000
0.000000
0.000000
0.000000
0.000000
0.000000
0.000000
0.000000
0.000000
0.000000
0.000000
0.000000
0.000000
0.000000
0.000000
0.000000
0.000000
