22.490700
68.222600
1097.800000
275.100000
134.700000
85.777000
54.401000
40.679000
29.113000
22.151000
15.670000
12.073000
9.995700
7.065200
5.750200
4.272600
3.658200
2.858800
2.394500
1.785700
1.253600
1.104800
1.064000
0.689980
0.450760
0.279200
0.320520
0.325180
0.217900
0.166220
0.123330
0.119170
0.076775
0.058675
0.033664
0.054991
0.066087
0.010085
0.021118
0.022990
0.013002
0.005256
0.006115
0.006951
0.007372
0.004065
0.001932
0.002021
0.001139
0.000368
0.000586
0.000335
0.000279
0.000285
0.000177
0.000048
0.000274
0.000160
0.000550
0.000005
0.000493
0.000092
0.000031
0.000002
0.000000
0.000029
0.000003
0.000013
0.000071
0.000025
0.000000
0.000426
0.000000
0.000027
0.000002
0.000000
0.000000
0.000000
0.000011
0.000000
0.000000
0.000000
0.000000
0.000000
0.000006
0.000000
0.000000
0.000000
0.000000
0.000000
0.000000
0.000000
0.000000
0.000000
0.000000
0.000000
0.000000
0.000000
0.000000
0.000000
0.000000
0.000000
0.000000
0.000000
0.000000
0.000000
0.000000
0.000000
0.000000
0.000000
0.000000
0.000000
0.000000
0.000000
0.000000
0.000000
0.000000
0.000000
0.000000
0.000000
0.000000
0.000000
0.000000
0.000000
0.000000
0.000000
0.000000
0.000000
0.000000
0.000000
0.000000
0.000000
0.000000
0.000000
0.000000
0.000000
0.000000
0.000000
0.000000
0.000000
0.000000
0.000000
0.000000
0.000000
0.000000
0.000000
0.000000
0.000000
0.000000
0.000000
0.000000
0.000000
0.000000
0.000000
0.000000
0.000000
0.000000
0.000000
0.000000
0.000000
0.000000
0.000000
0.000000
0.000000
0.000000
0.000000
0.000000
0.000000
0.000000
0.000000
0.000000
0.000000
0.000000
0.000000
0.000000
0.000000
0.000000
0.000000
0.000000
0.000000
0.000000
0.000000
0.000000
0.000000
0.000000
0.000000
0.000000
0.000000
0.000000
0.000000
0.000000
0.000000
0.000000
0.000000
0.000000
0.000000
0.000000
0.000000
0.000000
0.000000
0.000000
0.000000
