39.224000
68.148300
940.320000
230.430000
101.700000
59.159000
42.961000
26.615000
19.357000
14.794000
11.668000
7.039900
5.649000
4.318200
2.709200
2.272000
1.866000
1.233600
0.986300
0.819880
0.646910
0.390700
0.254300
0.248220
0.200870
0.145100
0.075923
0.088234
0.070769
0.045366
0.035172
0.035326
0.012179
0.025582
0.007788
0.008827
0.007640
0.004794
0.004012
0.002669
0.004909
0.001354
0.002453
0.000656
0.001826
0.000985
0.000433
0.000802
0.000239
0.000731
0.000142
0.000987
0.000034
0.000007
0.000017
0.000024
0.000013
0.000076
0.000004
0.000005
0.000065
0.000000
0.000002
0.000002
0.000000
0.000000
0.000000
0.000000
0.000000
0.000000
0.000011
0.000000
0.000000
0.000005
0.000000
0.000000
0.000000
0.000000
0.000000
0.000000
0.000000
0.000000
0.000000
0.000000
0.000000
0.000000
0.000000
0.000000
0.000000
0.000000
0.000000
0.000000
0.000000
0.000000
0.000000
0.000000
0.000000
0.000000
0.000000
0.000000
0.000000
0.000000
0.000000
0.000000
0.000000
0.000000
0.000000
0.000000
0.000000
0.000000
0.000000
0.000000
0.000000
0.000000
0.000000
0.000000
0.000000
0.000000
0.000000
0.000000
0.000000
0.000000
0.000000
0.000000
0.000000
0.000000
0.000000
0.000000
0.000000
0.000000
0.000000
0.000000
0.000000
0.000000
0.000000
0.000000
0.000000
0.000000
0.000000
0.000000
0.000000
0.000000
0.000000
0.000000
0.000000
0.000000
0.000000
0.000000
0.000000
0.000000
0.000000
0.000000
0.000000
0.000000
0.000000
0.000000
0.000000
0.000000
0.000000
0.000000
0.000000
0.000000
0.000000
0.000000
0.000000
0.000000
0.000000
0.000000
0.000000
0.000000
0.000000
0.000000
0.000000
0.000000
0.000000
0.000000
0.000000
0.000000
0.000000
0.000000
0.000000
0.000000
0.000000
0.000000
0.000000
0.000000
0.000000
0.000000
0.000000
0.000000
0.000000
0.000000
0.000000
0.000000
0.000000
0.000000
0.000000
0.000000
0.000000
0.000000
0.000000
0.000000
