33.743900
65.873000
1032.900000
254.260000
127.270000
69.424000
47.608000
29.754000
21.925000
14.996000
11.784000
8.491700
5.929900
5.030300
3.684800
2.923800
2.018300
1.594200
1.305200
0.946530
0.751330
0.558880
0.586520
0.381680
0.214670
0.246920
0.154340
0.100460
0.096781
0.107400
0.080164
0.061770
0.031183
0.036985
0.031173
0.012752
0.010692
0.006708
0.005891
0.008076
0.004968
0.003617
0.001885
0.001901
0.001635
0.001092
0.000360
0.000289
0.000429
0.000073
0.000048
0.000381
0.000246
0.000027
0.000039
0.000066
0.000019
0.000000
0.000007
0.000000
0.000004
0.000017
0.000006
0.000141
0.000011
0.000014
0.000001
0.000010
0.000000
0.000000
0.000010
0.000031
0.000001
0.000000
0.000003
0.000000
0.000000
0.000000
0.000000
0.000000
0.000000
0.000000
0.000000
0.000000
0.000000
0.000000
0.000000
0.000000
0.000000
0.000000
0.000000
0.000000
0.000000
0.000000
0.000000
0.000000
0.000000
0.000000
0.000000
0.000000
0.000000
0.000000
0.000000
0.000000
0.000000
0.000000
0.000000
0.000000
0.000000
0.000000
0.000000
0.000000
0.000000
0.000000
0.000000
0.000000
0.000000
0.000000
0.000000
0.000000
0.000000
0.000000
0.000000
0.000000
0.000000
0.000000
0.000000
0.000000
0.000000
0.000000
0.000000
0.000000
0.000000
0.000000
0.000000
0.000000
0.000000
0.000000
0.000000
0.000000
0.000000
0.000000
0.000000
0.000000
0.000000
0.000000
0.000000
0.000000
0.000000
0.000000
0.000000
0.000000
0.000000
0.000000
0.000000
0.000000
0.000000
0.000000
0.000000
0.000000
0.000000
0.000000
0.000000
0.000000
0.000000
0.000000
0.000000
0.000000
0.000000
0.000000
0.000000
0.000000
0.000000
0.000000
0.000000
0.000000
0.000000
0.000000
0.000000
0.000000
0.000000
0.000000
0.000000
0.000000
0.000000
0.000000
0.000000
0.000000
0.000000
0.000000
0.000000
0.000000
0.000000
0.000000
0.000000
0.000000
0.000000
0.000000
0.000000
0.000000
0.000000
0.000000
