32.439400
63.177300
987.670000
227.420000
125.640000
72.229000
45.307000
32.705000
22.424000
16.028000
12.679000
9.578100
6.838300
5.191400
4.531600
2.900000
2.180000
1.824700
1.409800
0.954280
0.837670
0.631690
0.532990
0.382380
0.290160
0.272540
0.245060
0.137890
0.101660
0.084917
0.088149
0.062335
0.025394
0.033010
0.017910
0.012687
0.023741
0.014531
0.005234
0.006180
0.002074
0.005590
0.004006
0.002047
0.003987
0.001438
0.001027
0.000357
0.000783
0.000406
0.000478
0.000198
0.000765
0.000266
0.000017
0.000379
0.000052
0.000072
0.000205
0.000071
0.000014
0.000010
0.000031
0.000011
0.000000
0.000007
0.000000
0.000004
0.000004
0.000002
0.000000
0.000000
0.000000
0.000000
0.000006
0.000000
0.000067
0.000000
0.000000
0.000000
0.000000
0.000000
0.000000
0.000000
0.000000
0.000000
0.000000
0.000000
0.000000
0.000000
0.000000
0.000000
0.000000
0.000000
0.000000
0.000000
0.000000
0.000000
0.000000
0.000000
0.000000
0.000000
0.000000
0.000000
0.000000
0.000000
0.000000
0.000000
0.000000
0.000000
0.000000
0.000000
0.000000
0.000000
0.000000
0.000000
0.000000
0.000000
0.000000
0.000000
0.000000
0.000000
0.000000
0.000000
0.000000
0.000000
0.000000
0.000000
0.000000
0.000000
0.000000
0.000000
0.000000
0.000000
0.000000
0.000000
0.000000
0.000000
0.000000
0.000000
0.000000
0.000000
0.000000
0.000000
0.000000
0.000000
0.000000
0.000000
0.000000
0.000000
0.000000
0.000000
0.000000
0.000000
0.000000
0.000000
0.000000
0.000000
0.000000
0.000000
0.000000
0.000000
0.000000
0.000000
0.000000
0.000000
0.000000
0.000000
0.000000
0.000000
0.000000
0.000000
0.000000
0.000000
0.000000
0.000000
0.000000
0.000000
0.000000
0.000000
0.000000
0.000000
0.000000
0.000000
0.000000
0.000000
0.000000
0.000000
0.000000
0.000000
0.000000
0.000000
0.000000
0.000000
0.000000
0.000000
0.000000
0.000000
0.000000
0.000000
0.000000
0.000000
