24.245800
60.002100
1144.700000
263.540000
134.650000
87.269000
55.605000
42.462000
27.106000
21.324000
15.411000
12.355000
8.823600
7.390800
5.799700
4.406000
3.118500
2.704000
1.883900
1.623500
1.228100
1.135100
0.751990
0.612220
0.434250
0.343980
0.216400
0.279200
0.163120
0.175840
0.097285
0.094601
0.066084
0.080158
0.053807
0.038393
0.040686
0.036321
0.016996
0.025303
0.015162
0.022011
0.005822
0.005189
0.003363
0.003935
0.001707
0.001277
0.001014
0.000898
0.001713
0.000773
0.000549
0.000919
0.000259
0.000444
0.001097
0.000302
0.000097
0.000033
0.000056
0.000219
0.000000
0.000007
0.000018
0.000179
0.000009
0.000012
0.000002
0.000003
0.000002
0.000011
0.000000
0.000008
0.000005
0.000000
0.000000
0.000000
0.000002
0.000000
0.000000
0.000000
0.000000
0.000000
0.000000
0.000000
0.000000
0.000000
0.000000
0.000000
0.000000
0.000000
0.000000
0.000000
0.000000
0.000000
0.000000
0.000000
0.000000
0.000000
0.000000
0.000000
0.000000
0.000000
0.000000
0.000000
0.000000
0.000000
0.000000
0.000000
0.000000
0.000000
0.000000
0.000000
0.000000
0.000000
0.000000
0.000000
0.000000
0.000000
0.000000
0.000000
0.000000
0.000000
0.000000
0.000000
0.000000
0.000000
0.000000
0.000000
0.000000
0.000000
0.000000
0.000000
0.000000
0.000000
0.000000
0.000000
0.000000
0.000000
0.000000
0.000000
0.000000
0.000000
0.000000
0.000000
0.000000
0.000000
0.000000
0.000000
0.000000
0.000000
0.000000
0.000000
0.000000
0.000000
0.000000
0.000000
0.000000
0.000000
0.000000
0.000000
0.000000
0.000000
0.000000
0.000000
0.000000
0.000000
0.000000
0.000000
0.000000
0.000000
0.000000
0.000000
0.000000
0.000000
0.000000
0.000000
0.000000
0.000000
0.000000
0.000000
0.000000
0.000000
0.000000
0.000000
0.000000
0.000000
0.000000
0.000000
0.000000
0.000000
0.000000
0.000000
0.000000
0.000000
0.000000
0.000000
0.000000
0.000000
0.000000
0.000000
