38.818500
69.686100
996.480000
238.490000
110.730000
64.497000
40.126000
26.148000
20.871000
13.450000
9.682100
7.238500
5.608000
4.035800
2.952100
2.196700
1.712200
1.345900
0.890040
0.737010
0.460920
0.460690
0.380620
0.211960
0.196580
0.225930
0.135950
0.088353
0.048946
0.049974
0.040579
0.024628
0.013531
0.018446
0.013869
0.013956
0.009801
0.008237
0.004089
0.002954
0.002415
0.001054
0.001457
0.001336
0.000658
0.000940
0.000383
0.000783
0.000433
0.000398
0.000269
0.000014
0.000013
0.000053
0.000048
0.000022
0.000348
0.000235
0.000019
0.000065
0.000009
0.000000
0.000017
0.000003
0.000009
0.000000
0.000000
0.000004
0.000000
0.000000
0.000000
0.000000
0.000000
0.000000
0.000000
0.000000
0.000000
0.000000
0.000000
0.000000
0.000000
0.000000
0.000000
0.000000
0.000000
0.000000
0.000000
0.000000
0.000000
0.000000
0.000000
0.000000
0.000000
0.000000
0.000000
0.000000
0.000000
0.000000
0.000000
0.000000
0.000000
0.000000
0.000000
0.000000
0.000000
0.000000
0.000000
0.000000
0.000000
0.000000
0.000000
0.000000
0.000000
0.000000
0.000000
0.000000
0.000000
0.000000
0.000000
0.000000
0.000000
0.000000
0.000000
0.000000
0.000000
0.000000
0.000000
0.000000
0.000000
0.000000
0.000000
0.000000
0.000000
0.000000
0.000000
0.000000
0.000000
0.000000
0.000000
0.000000
0.000000
0.000000
0.000000
0.000000
0.000000
0.000000
0.000000
0.000000
0.000000
0.000000
0.000000
0.000000
0.000000
0.000000
0.000000
0.000000
0.000000
0.000000
0.000000
0.000000
0.000000
0.000000
0.000000
0.000000
0.000000
0.000000
0.000000
0.000000
0.000000
0.000000
0.000000
0.000000
0.000000
0.000000
0.000000
0.000000
0.000000
0.000000
0.000000
0.000000
0.000000
0.000000
0.000000
0.000000
0.000000
0.000000
0.000000
0.000000
0.000000
0.000000
0.000000
0.000000
0.000000
0.000000
0.000000
0.000000
0.000000
0.000000
0.000000
0.000000
0.000000
0.000000
