20.300500
70.362800
1065.000000
287.260000
145.080000
91.152000
64.573000
42.208000
29.379000
22.277000
16.643000
12.707000
11.000000
7.721400
6.308900
4.829600
4.087900
2.660000
2.410400
1.856600
1.424700
1.205900
0.828560
0.743680
0.589470
0.548060
0.464760
0.336170
0.308340
0.237800
0.147180
0.155000
0.123680
0.067551
0.044775
0.035430
0.043068
0.025264
0.026549
0.028548
0.021894
0.022071
0.012503
0.019450
0.006428
0.002212
0.003736
0.003064
0.004141
0.002478
0.003785
0.000836
0.000829
0.000474
0.002344
0.000033
0.000098
0.000132
0.000104
0.000106
0.000136
0.000237
0.000175
0.000002
0.000004
0.000005
0.000023
0.000001
0.000000
0.000013
0.000000
0.000000
0.000253
0.000000
0.000000
0.000245
0.000000
0.000000
0.000000
0.000000
0.000000
0.000000
0.000000
0.000000
0.000000
0.000000
0.000000
0.000000
0.000000
0.000000
0.000000
0.000000
0.000002
0.000000
0.000000
0.000000
0.000000
0.000000
0.000000
0.000000
0.000000
0.000000
0.000000
0.000000
0.000000
0.000000
0.000000
0.000000
0.000000
0.000000
0.000000
0.000000
0.000000
0.000000
0.000000
0.000000
0.000000
0.000000
0.000000
0.000000
0.000000
0.000000
0.000000
0.000000
0.000000
0.000000
0.000000
0.000000
0.000000
0.000000
0.000000
0.000000
0.000000
0.000000
0.000000
0.000000
0.000000
0.000000
0.000000
0.000000
0.000000
0.000000
0.000000
0.000000
0.000000
0.000000
0.000000
0.000000
0.000000
0.000000
0.000000
0.000000
0.000000
0.000000
0.000000
0.000000
0.000000
0.000000
0.000000
0.000000
0.000000
0.000000
0.000000
0.000000
0.000000
0.000000
0.000000
0.000000
0.000000
0.000000
0.000000
0.000000
0.000000
0.000000
0.000000
0.000000
0.000000
0.000000
0.000000
0.000000
0.000000
0.000000
0.000000
0.000000
0.000000
0.000000
0.000000
0.000000
0.000000
0.000000
0.000000
0.000000
0.000000
0.000000
0.000000
0.000000
0.000000
0.000000
0.000000
0.000000
0.000000
0.000000
