30.410600
62.398200
1009.400000
257.770000
126.410000
75.789000
51.697000
32.555000
23.761000
18.323000
13.784000
10.026000
7.817000
5.345000
4.245300
3.073100
2.361600
2.108600
1.422400
1.455800
0.882340
0.752590
0.588480
0.451990
0.389250
0.265190
0.176630
0.148290
0.123830
0.097657
0.092160
0.056553
0.040054
0.045043
0.047236
0.020990
0.024749
0.012823
0.015467
0.007891
0.012393
0.004620
0.005110
0.002440
0.000857
0.002517
0.001256
0.000784
0.001854
0.000690
0.000331
0.000104
0.000322
0.000383
0.000304
0.000027
0.000093
0.000017
0.000061
0.000083
0.000024
0.000019
0.000012
0.000000
0.000011
0.000039
0.000002
0.000000
0.000089
0.000000
0.000000
0.000000
0.000000
0.000000
0.000000
0.000000
0.000000
0.000000
0.000000
0.000000
0.000000
0.000000
0.000000
0.000000
0.000000
0.000000
0.000000
0.000000
0.000000
0.000000
0.000000
0.000000
0.000000
0.000000
0.000000
0.000000
0.000000
0.000000
0.000000
0.000000
0.000000
0.000000
0.000000
0.000000
0.000000
0.000000
0.000000
0.000000
0.000000
0.000000
0.000000
0.000000
0.000000
0.000000
0.000000
0.000000
0.000000
0.000000
0.000000
0.000000
0.000000
0.000000
0.000000
0.000000
0.000000
0.000000
0.000000
0.000000
0.000000
0.000000
0.000000
0.000000
0.000000
0.000000
0.000000
0.000000
0.000000
0.000000
0.000000
0.000000
0.000000
0.000000
0.000000
0.000000
0.000000
0.000000
0.000000
0.000000
0.000000
0.000000
0.000000
0.000000
0.000000
0.000000
0.000000
0.000000
0.000000
0.000000
0.000000
0.000000
0.000000
0.000000
0.000000
0.000000
0.000000
0.000000
0.000000
0.000000
0.000000
0.000000
0.000000
0.000000
0.000000
0.000000
0.000000
0.000000
0.000000
0.000000
0.000000
0.000000
0.000000
0.000000
0.000000
0.000000
0.000000
0.000000
0.000000
0.000000
0.000000
0.000000
0.000000
0.000000
0.000000
0.000000
0.000000
0.000000
0.000000
0.000000
0.000000
0.000000
0.000000
0.000000
