26.686300
67.654700
1061.600000
256.740000
134.000000
83.470000
51.885000
35.850000
27.442000
19.822000
16.140000
10.341000
8.572700
6.172400
5.109100
3.341600
2.874700
2.340800
1.667700
1.474500
1.241500
0.917850
0.587210
0.581980
0.381020
0.297890
0.260630
0.200910
0.160700
0.159100
0.119730
0.103820
0.056480
0.047140
0.031539
0.025846
0.018297
0.011632
0.018866
0.007798
0.006615
0.010144
0.002979
0.011234
0.009818
0.001791
0.004665
0.002473
0.001281
0.001462
0.000102
0.000359
0.000610
0.000276
0.000596
0.000064
0.000015
0.000089
0.000054
0.000485
0.000009
0.000194
0.000014
0.000004
0.000015
0.000000
0.000003
0.000022
0.000000
0.000000
0.000000
0.000005
0.000001
0.000000
0.000000
0.000000
0.000000
0.000000
0.000000
0.000000
0.000000
0.000000
0.000000
0.000000
0.000000
0.000000
0.000000
0.000000
0.000000
0.000000
0.000000
0.000000
0.000000
0.000000
0.000000
0.000000
0.000000
0.000000
0.000000
0.000000
0.000000
0.000000
0.000000
0.000000
0.000000
0.000000
0.000000
0.000000
0.000000
0.000000
0.000000
0.000000
0.000000
0.000000
0.000000
0.000000
0.000000
0.000000
0.000000
0.000000
0.000000
0.000000
0.000000
0.000000
0.000000
0.000000
0.000000
0.000000
0.000000
0.000000
0.000000
0.000000
0.000000
0.000000
0.000000
0.000000
0.000000
0.000000
0.000000
0.000000
0.000000
0.000000
0.000000
0.000000
0.000000
0.000000
0.000000
0.000000
0.000000
0.000000
0.000000
0.000000
0.000000
0.000000
0.000000
0.000000
0.000000
0.000000
0.000000
0.000000
0.000000
0.000000
0.000000
0.000000
0.000000
0.000000
0.000000
0.000000
0.000000
0.000000
0.000000
0.000000
0.000000
0.000000
0.000000
0.000000
0.000000
0.000000
0.000000
0.000000
0.000000
0.000000
0.000000
0.000000
0.000000
0.000000
0.000000
0.000000
0.000000
0.000000
0.000000
0.000000
0.000000
0.000000
0.000000
0.000000
0.000000
0.000000
0.000000
0.000000
0.000000
0.000000
