32.401400
76.772300
1071.600000
245.240000
128.270000
70.480000
46.181000
32.314000
19.964000
16.882000
12.003000
8.583500
6.204400
4.512600
3.718300
2.452800
1.886700
1.284200
1.358700
0.924250
0.826510
0.612400
0.448690
0.266090
0.264220
0.183170
0.151650
0.120590
0.100680
0.076944
0.042035
0.048682
0.040045
0.013951
0.021790
0.022514
0.009547
0.021248
0.007717
0.004713
0.001849
0.001480
0.004397
0.003233
0.000874
0.002648
0.002181
0.000144
0.000874
0.000884
0.000214
0.000026
0.000421
0.000422
0.000025
0.000016
0.000110
0.000036
0.000180
0.000017
0.000000
0.000020
0.000000
0.000018
0.000000
0.000000
0.000000
0.000000
0.000000
0.000001
0.000000
0.000000
0.000000
0.000000
0.000005
0.000000
0.000000
0.000000
0.000000
0.000000
0.000000
0.000000
0.000000
0.000000
0.000000
0.000000
0.000000
0.000000
0.000000
0.000000
0.000000
0.000000
0.000000
0.000000
0.000000
0.000000
0.000000
0.000000
0.000000
0.000000
0.000000
0.000000
0.000000
0.000000
0.000000
0.000000
0.000000
0.000000
0.000000
0.000000
0.000000
0.000000
0.000000
0.000000
0.000000
0.000000
0.000000
0.000000
0.000000
0.000000
0.000000
0.000000
0.000000
0.000000
0.000000
0.000000
0.000000
0.000000
0.000000
0.000000
0.000000
0.000000
0.000000
0.000000
0.000000
0.000000
0.000000
0.000000
0.000000
0.000000
0.000000
0.000000
0.000000
0.000000
0.000000
0.000000
0.000000
0.000000
0.000000
0.000000
0.000000
0.000000
0.000000
0.000000
0.000000
0.000000
0.000000
0.000000
0.000000
0.000000
0.000000
0.000000
0.000000
0.000000
0.000000
0.000000
0.000000
0.000000
0.000000
0.000000
0.000000
0.000000
0.000000
0.000000
0.000000
0.000000
0.000000
0.000000
0.000000
0.000000
0.000000
0.000000
0.000000
0.000000
0.000000
0.000000
0.000000
0.000000
0.000000
0.000000
0.000000
0.000000
0.000000
0.000000
0.000000
0.000000
0.000000
0.000000
0.000000
0.000000
0.000000
0.000000
