35.957200
61.603300
1012.000000
257.340000
119.780000
65.194000
44.355000
29.883000
21.479000
15.312000
9.913800
7.623600
6.096900
4.455200
3.610200
2.668600
2.384300
1.678000
1.254300
0.869670
0.817480
0.613150
0.380460
0.326880
0.293440
0.218530
0.174680
0.127910
0.077683
0.067020
0.040557
0.042639
0.030295
0.038208
0.016392
0.012922
0.015721
0.005833
0.004869
0.005450
0.001458
0.004989
0.000805
0.001176
0.000727
0.002155
0.000975
0.001963
0.000813
0.000494
0.000187
0.000872
0.000193
0.000206
0.000031
0.000035
0.000145
0.000015
0.000017
0.000027
0.000007
0.000004
0.000000
0.000003
0.000007
0.000008
0.000000
0.000021
0.000000
0.000000
0.000005
0.000000
0.000000
0.000000
0.000001
0.000000
0.000000
0.000000
0.000000
0.000000
0.000000
0.000000
0.000000
0.000000
0.000000
0.000000
0.000000
0.000000
0.000000
0.000000
0.000000
0.000000
0.000000
0.000000
0.000000
0.000000
0.000000
0.000000
0.000000
0.000000
0.000000
0.000000
0.000000
0.000000
0.000000
0.000000
0.000000
0.000000
0.000000
0.000000
0.000000
0.000000
0.000000
0.000000
0.000000
0.000000
0.000000
0.000000
0.000000
0.000000
0.000000
0.000000
0.000000
0.000000
0.000000
0.000000
0.000000
0.000000
0.000000
0.000000
0.000000
0.000000
0.000000
0.000000
0.000000
0.000000
0.000000
0.000000
0.000000
0.000000
0.000000
0.000000
0.000000
0.000000
0.000000
0.000000
0.000000
0.000000
0.000000
0.000000
0.000000
0.000000
0.000000
0.000000
0.000000
0.000000
0.000000
0.000000
0.000000
0.000000
0.000000
0.000000
0.000000
0.000000
0.000000
0.000000
0.000000
0.000000
0.000000
0.000000
0.000000
0.000000
0.000000
0.000000
0.000000
0.000000
0.000000
0.000000
0.000000
0.000000
0.000000
0.000000
0.000000
0.000000
0.000000
0.000000
0.000000
0.000000
0.000000
0.000000
0.000000
0.000000
0.000000
0.000000
0.000000
0.000000
0.000000
0.000000
0.000000
0.000000
0.000000
0.000000
