27.642800
74.791100
1114.900000
262.740000
126.440000
77.966000
52.171000
35.064000
24.657000
18.609000
13.139000
9.848100
7.106300
5.974100
4.042100
3.167000
2.599300
1.860700
1.477300
1.020600
0.721960
0.630940
0.573390
0.371940
0.346830
0.234700
0.248390
0.179730
0.117550
0.124360
0.077127
0.080087
0.063077
0.051890
0.037286
0.018795
0.019043
0.010845
0.007323
0.011681
0.008097
0.007258
0.005012
0.003719
0.002927
0.001324
0.001794
0.000686
0.000283
0.000365
0.000008
0.001095
0.000373
0.000036
0.000055
0.000014
0.000034
0.000150
0.000007
0.000207
0.000041
0.000000
0.000003
0.000000
0.000003
0.000000
0.000000
0.000000
0.000000
0.000010
0.000000
0.000000
0.000000
0.000000
0.000000
0.000003
0.000000
0.000000
0.000000
0.000000
0.000000
0.000000
0.000000
0.000000
0.000000
0.000000
0.000000
0.000000
0.000000
0.000000
0.000000
0.000000
0.000000
0.000000
0.000000
0.000000
0.000000
0.000000
0.000000
0.000000
0.000000
0.000000
0.000000
0.000000
0.000000
0.000000
0.000000
0.000000
0.000000
0.000000
0.000000
0.000000
0.000000
0.000000
0.000000
0.000000
0.000000
0.000000
0.000000
0.000000
0.000000
0.000000
0.000000
0.000000
0.000000
0.000000
0.000000
0.000000
0.000000
0.000000
0.000000
0.000000
0.000000
0.000000
0.000000
0.000000
0.000000
0.000000
0.000000
0.000000
0.000000
0.000000
0.000000
0.000000
0.000000
0.000000
0.000000
0.000000
0.000000
0.000000
0.000000
0.000000
0.000000
0.000000
0.000000
0.000000
0.000000
0.000000
0.000000
0.000000
0.000000
0.000000
0.000000
0.000000
0.000000
0.000000
0.000000
0.000000
0.000000
0.000000
0.000000
0.000000
0.000000
0.000000
0.000000
0.000000
0.000000
0.000000
0.000000
0.000000
0.000000
0.000000
0.000000
0.000000
0.000000
0.000000
0.000000
0.000000
0.000000
0.000000
0.000000
0.000000
0.000000
0.000000
0.000000
0.000000
0.000000
0.000000
0.000000
0.000000
0.000000
0.000000
