22.592500
66.031500
1086.700000
281.190000
131.410000
90.182000
58.276000
39.010000
28.066000
21.617000
16.925000
12.631000
9.519200
8.213200
5.563700
4.312900
3.343600
2.573800
2.289700
1.551700
1.364400
0.986680
0.914130
0.691040
0.592560
0.386680
0.335580
0.233350
0.208900
0.156860
0.085934
0.075124
0.095836
0.040917
0.028121
0.039768
0.038959
0.036358
0.034112
0.012902
0.007010
0.019093
0.006977
0.008619
0.010088
0.005462
0.003275
0.002157
0.002772
0.001893
0.000751
0.000860
0.000305
0.001198
0.000233
0.000481
0.000144
0.000011
0.000082
0.000029
0.000040
0.000076
0.000004
0.001312
0.000164
0.000002
0.000015
0.000000
0.000241
0.000003
0.000010
0.000000
0.000000
0.000000
0.000003
0.000009
0.000003
0.000000
0.000000
0.000000
0.000000
0.000000
0.000000
0.000000
0.000209
0.000000
0.000000
0.000000
0.000000
0.000000
0.000000
0.000000
0.000000
0.000000
0.000000
0.000000
0.000000
0.000000
0.000000
0.000000
0.000000
0.000000
0.000000
0.000000
0.000000
0.000000
0.000000
0.000000
0.000000
0.000000
0.000000
0.000000
0.000000
0.000000
0.000000
0.000000
0.000000
0.000000
0.000000
0.000000
0.000000
0.000000
0.000000
0.000000
0.000000
0.000000
0.000000
0.000000
0.000000
0.000000
0.000000
0.000000
0.000000
0.000000
0.000000
0.000000
0.000000
0.000000
0.000000
0.000000
0.000000
0.000000
0.000000
0.000000
0.000000
0.000000
0.000000
0.000000
0.000000
0.000000
0.000000
0.000000
0.000000
0.000000
0.000000
0.000000
0.000000
0.000000
0.000000
0.000000
0.000000
0.000000
0.000000
0.000000
0.000000
0.000000
0.000000
0.000000
0.000000
0.000000
0.000000
0.000000
0.000000
0.000000
0.000000
0.000000
0.000000
0.000000
0.000000
0.000000
0.000000
0.000000
0.000000
0.000000
0.000000
0.000000
0.000000
0.000000
0.000000
0.000000
0.000000
0.000000
0.000000
0.000000
0.000000
0.000000
0.000000
0.000000
0.000000
0.000000
0.000000
0.000000
