21.927900
79.163400
1098.600000
284.790000
139.930000
84.919000
55.905000
39.164000
27.663000
22.158000
15.740000
12.474000
8.926900
7.366200
5.452400
3.955300
3.201700
2.561500
1.977200
1.759400
1.212100
1.023900
0.724990
0.561360
0.503990
0.312700
0.309390
0.218050
0.205500
0.208380
0.103280
0.095974
0.084581
0.074607
0.050112
0.030027
0.036457
0.020161
0.018331
0.016023
0.004062
0.005992
0.007866
0.007304
0.009872
0.001410
0.001924
0.001212
0.000103
0.001141
0.000868
0.000999
0.000301
0.000005
0.000469
0.000166
0.000579
0.000715
0.000371
0.001285
0.000031
0.000185
0.000000
0.000007
0.000000
0.000008
0.000003
0.000001
0.000000
0.000056
0.000001
0.000000
0.000000
0.000038
0.000010
0.000000
0.000000
0.000000
0.000000
0.000000
0.000000
0.000000
0.000001
0.000000
0.000000
0.000000
0.000000
0.000000
0.000000
0.000000
0.000000
0.000000
0.000000
0.000000
0.000000
0.000000
0.000000
0.000000
0.000000
0.000000
0.000000
0.000000
0.000000
0.000000
0.000000
0.000000
0.000000
0.000000
0.000000
0.000000
0.000000
0.000000
0.000000
0.000000
0.000000
0.000000
0.000000
0.000000
0.000000
0.000000
0.000000
0.000000
0.000000
0.000000
0.000000
0.000000
0.000000
0.000000
0.000000
0.000000
0.000000
0.000000
0.000000
0.000000
0.000000
0.000000
0.000000
0.000000
0.000000
0.000000
0.000000
0.000000
0.000000
0.000000
0.000000
0.000000
0.000000
0.000000
0.000000
0.000000
0.000000
0.000000
0.000000
0.000000
0.000000
0.000000
0.000000
0.000000
0.000000
0.000000
0.000000
0.000000
0.000000
0.000000
0.000000
0.000000
0.000000
0.000000
0.000000
0.000000
0.000000
0.000000
0.000000
0.000000
0.000000
0.000000
0.000000
0.000000
0.000000
0.000000
0.000000
0.000000
0.000000
0.000000
0.000000
0.000000
0.000000
0.000000
0.000000
0.000000
0.000000
0.000000
0.000000
0.000000
0.000000
0.000000
0.000000
0.000000
0.000000
0.000000
0.000000
0.000000
