25.341300
77.004900
1103.700000
272.840000
141.610000
83.124000
52.339000
38.418000
26.565000
19.170000
13.951000
11.026000
9.131300
5.682300
4.742500
3.694900
2.765000
2.339500
1.432900
1.349400
0.889570
0.651350
0.574540
0.548580
0.308150
0.313060
0.238250
0.150090
0.144000
0.144520
0.110150
0.118880
0.060501
0.038205
0.029310
0.027969
0.042088
0.014323
0.013984
0.013643
0.005339
0.007248
0.008184
0.001821
0.002542
0.002592
0.001922
0.002055
0.000484
0.000846
0.000515
0.001482
0.000666
0.002092
0.002489
0.000141
0.000038
0.001219
0.000019
0.000019
0.000000
0.000041
0.000002
0.000011
0.000019
0.000002
0.000056
0.000000
0.000000
0.000000
0.000000
0.000003
0.000004
0.000000
0.000012
0.000000
0.000000
0.000000
0.000000
0.000000
0.000000
0.000000
0.000000
0.000000
0.000000
0.000000
0.000000
0.000000
0.000000
0.000000
0.000000
0.000000
0.000000
0.000000
0.000000
0.000000
0.000000
0.000000
0.000000
0.000000
0.000000
0.000000
0.000000
0.000000
0.000000
0.000000
0.000000
0.000000
0.000000
0.000000
0.000000
0.000000
0.000000
0.000000
0.000000
0.000000
0.000000
0.000000
0.000000
0.000000
0.000000
0.000000
0.000000
0.000000
0.000000
0.000000
0.000000
0.000000
0.000000
0.000000
0.000000
0.000000
0.000000
0.000000
0.000000
0.000000
0.000000
0.000000
0.000000
0.000000
0.000000
0.000000
0.000000
0.000000
0.000000
0.000000
0.000000
0.000000
0.000000
0.000000
0.000000
0.000000
0.000000
0.000000
0.000000
0.000000
0.000000
0.000000
0.000000
0.000000
0.000000
0.000000
0.000000
0.000000
0.000000
0.000000
0.000000
0.000000
0.000000
0.000000
0.000000
0.000000
0.000000
0.000000
0.000000
0.000000
0.000000
0.000000
0.000000
0.000000
0.000000
0.000000
0.000000
0.000000
0.000000
0.000000
0.000000
0.000000
0.000000
0.000000
0.000000
0.000000
0.000000
0.000000
0.000000
0.000000
0.000000
0.000000
0.000000
0.000000
0.000000
0.000000
