22.736100
78.146300
1021.900000
297.810000
150.100000
77.573000
57.096000
37.133000
28.137000
22.017000
16.165000
12.359000
9.599900
6.772100
4.784700
3.672000
3.111100
2.289100
2.087700
1.621500
1.196100
0.834230
0.673610
0.458160
0.303520
0.290850
0.298960
0.224280
0.145620
0.133900
0.105630
0.062046
0.076913
0.060980
0.026252
0.047720
0.032798
0.015151
0.014896
0.016112
0.012122
0.006272
0.009877
0.004663
0.009373
0.003987
0.002395
0.001729
0.003021
0.000751
0.000848
0.000164
0.000264
0.000353
0.000068
0.000655
0.000311
0.000004
0.000466
0.000368
0.000013
0.000012
0.000010
0.000000
0.000007
0.000000
0.000000
0.000000
0.000002
0.000009
0.000012
0.000000
0.000000
0.000000
0.000000
0.000000
0.000000
0.000000
0.000000
0.000000
0.000000
0.000054
0.000000
0.000000
0.000000
0.000000
0.000000
0.000000
0.000000
0.000000
0.000000
0.000082
0.000000
0.000000
0.000000
0.000000
0.000000
0.000000
0.000000
0.000000
0.000000
0.000000
0.000000
0.000000
0.000000
0.000000
0.000000
0.000000
0.000000
0.000000
0.000000
0.000000
0.000000
0.000000
0.000000
0.000000
0.000000
0.000000
0.000000
0.000000
0.000000
0.000000
0.000000
0.000000
0.000000
0.000000
0.000000
0.000000
0.000000
0.000000
0.000000
0.000000
0.000000
0.000000
0.000000
0.000000
0.000000
0.000000
0.000000
0.000000
0.000000
0.000000
0.000000
0.000000
0.000000
0.000000
0.000000
0.000000
0.000000
0.000000
0.000000
0.000000
0.000000
0.000000
0.000000
0.000000
0.000000
0.000000
0.000000
0.000000
0.000000
0.000000
0.000000
0.000000
0.000000
0.000000
0.000000
0.000000
0.000000
0.000000
0.000000
0.000000
0.000000
0.000000
0.000000
0.000000
0.000000
0.000000
0.000000
0.000000
0.000000
0.000000
0.000000
0.000000
0.000000
0.000000
0.000000
0.000000
0.000000
0.000000
0.000000
0.000000
0.000000
0.000000
0.000000
0.000000
0.000000
0.000000
0.000000
0.000000
0.000000
0.000000
