32.352300
79.311500
1033.400000
250.040000
120.780000
74.003000
46.251000
29.882000
23.795000
15.743000
11.182000
8.791000
6.187200
4.494100
3.706700
2.583400
2.119100
1.690700
1.202200
1.018700
0.671000
0.555640
0.455240
0.330900
0.244520
0.197900
0.142980
0.108940
0.080215
0.054203
0.046736
0.039304
0.056169
0.025319
0.018626
0.008682
0.007650
0.012625
0.004106
0.004220
0.005220
0.002514
0.005767
0.004563
0.001132
0.000634
0.000342
0.000035
0.001725
0.000098
0.000796
0.002649
0.000031
0.000004
0.000005
0.000027
0.000006
0.000022
0.000000
0.000003
0.000000
0.000000
0.000005
0.000000
0.000136
0.000002
0.000034
0.000000
0.000000
0.000000
0.000000
0.000000
0.000000
0.000002
0.000000
0.000000
0.000000
0.000000
0.000000
0.000000
0.000000
0.000000
0.000000
0.000000
0.000000
0.000000
0.000000
0.000000
0.000000
0.000000
0.000000
0.000000
0.000000
0.000000
0.000000
0.000000
0.000000
0.000000
0.000000
0.000000
0.000000
0.000000
0.000000
0.000000
0.000000
0.000000
0.000000
0.000000
0.000000
0.000000
0.000000
0.000000
0.000000
0.000000
0.000000
0.000000
0.000000
0.000000
0.000000
0.000000
0.000000
0.000000
0.000000
0.000000
0.000000
0.000000
0.000000
0.000000
0.000000
0.000000
0.000000
0.000000
0.000000
0.000000
0.000000
0.000000
0.000000
0.000000
0.000000
0.000000
0.000000
0.000000
0.000000
0.000000
0.000000
0.000000
0.000000
0.000000
0.000000
0.000000
0.000000
0.000000
0.000000
0.000000
0.000000
0.000000
0.000000
0.000000
0.000000
0.000000
0.000000
0.000000
0.000000
0.000000
0.000000
0.000000
0.000000
0.000000
0.000000
0.000000
0.000000
0.000000
0.000000
0.000000
0.000000
0.000000
0.000000
0.000000
0.000000
0.000000
0.000000
0.000000
0.000000
0.000000
0.000000
0.000000
0.000000
0.000000
0.000000
0.000000
0.000000
0.000000
0.000000
0.000000
0.000000
0.000000
0.000000
0.000000
0.000000
0.000000
0.000000
0.000000
