31.774500
65.353800
1029.100000
259.640000
120.380000
69.950000
47.918000
32.629000
23.154000
15.551000
12.183000
10.299000
7.330300
5.088000
4.186900
2.997800
2.454400
2.023100
1.221500
1.091300
0.933880
0.644230
0.436140
0.350470
0.324350
0.283350
0.189050
0.137530
0.108560
0.113430
0.060919
0.045887
0.035977
0.022557
0.022587
0.019579
0.015296
0.008678
0.009451
0.006664
0.008857
0.002325
0.003789
0.002298
0.004679
0.002727
0.001288
0.001135
0.000914
0.001331
0.000178
0.000292
0.000559
0.000132
0.000126
0.000148
0.000115
0.000012
0.000020
0.000048
0.000042
0.000012
0.000002
0.000017
0.000011
0.000007
0.000002
0.000002
0.000003
0.000000
0.000002
0.000000
0.000003
0.000000
0.000003
0.000000
0.000000
0.000000
0.000000
0.000029
0.000000
0.000000
0.000000
0.000000
0.000000
0.000000
0.000000
0.000000
0.000000
0.000000
0.000000
0.000000
0.000000
0.000000
0.000000
0.000000
0.000000
0.000000
0.000000
0.000000
0.000000
0.000000
0.000000
0.000000
0.000000
0.000000
0.000000
0.000000
0.000000
0.000000
0.000000
0.000000
0.000000
0.000000
0.000000
0.000000
0.000000
0.000000
0.000000
0.000000
0.000000
0.000000
0.000000
0.000000
0.000000
0.000000
0.000000
0.000000
0.000000
0.000000
0.000000
0.000000
0.000000
0.000000
0.000000
0.000000
0.000000
0.000000
0.000000
0.000000
0.000000
0.000000
0.000000
0.000000
0.000000
0.000000
0.000000
0.000000
0.000000
0.000000
0.000000
0.000000
0.000000
0.000000
0.000000
0.000000
0.000000
0.000000
0.000000
0.000000
0.000000
0.000000
0.000000
0.000000
0.000000
0.000000
0.000000
0.000000
0.000000
0.000000
0.000000
0.000000
0.000000
0.000000
0.000000
0.000000
0.000000
0.000000
0.000000
0.000000
0.000000
0.000000
0.000000
0.000000
0.000000
0.000000
0.000000
0.000000
0.000000
0.000000
0.000000
0.000000
0.000000
0.000000
0.000000
0.000000
0.000000
0.000000
0.000000
0.000000
0.000000
0.000000
