34.756900
62.428700
974.150000
242.150000
124.790000
71.514000
45.926000
30.561000
21.948000
16.312000
11.492000
9.049500
6.869700
4.635400
3.655100
3.003800
2.241100
1.715900
1.080000
0.950730
0.875190
0.536750
0.437230
0.370890
0.291360
0.171010
0.179740
0.132210
0.099647
0.082099
0.066291
0.040117
0.032066
0.032457
0.024971
0.019180
0.009482
0.008462
0.010919
0.002917
0.005901
0.001984
0.003130
0.003230
0.005892
0.001007
0.001623
0.001793
0.001017
0.000191
0.000770
0.000750
0.000252
0.000064
0.000281
0.000126
0.000007
0.000033
0.000101
0.000027
0.000049
0.000007
0.000032
0.000000
0.000002
0.000007
0.000000
0.000000
0.000000
0.000001
0.000000
0.000000
0.000000
0.000000
0.000000
0.000000
0.000001
0.000000
0.000000
0.000000
0.000000
0.000000
0.000000
0.000000
0.000000
0.000000
0.000000
0.000000
0.000000
0.000000
0.000000
0.000000
0.000000
0.000000
0.000000
0.000000
0.000000
0.000000
0.000000
0.000000
0.000000
0.000000
0.000000
0.000000
0.000000
0.000000
0.000000
0.000000
0.000000
0.000000
0.000000
0.000000
0.000000
0.000000
0.000000
0.000000
0.000000
0.000000
0.000000
0.000000
0.000000
0.000000
0.000000
0.000000
0.000000
0.000000
0.000000
0.000000
0.000000
0.000000
0.000000
0.000000
0.000000
0.000000
0.000000
0.000000
0.000000
0.000000
0.000000
0.000000
0.000000
0.000000
0.000000
0.000000
0.000000
0.000000
0.000000
0.000000
0.000000
0.000000
0.000000
0.000000
0.000000
0.000000
0.000000
0.000000
0.000000
0.000000
0.000000
0.000000
0.000000
0.000000
0.000000
0.000000
0.000000
0.000000
0.000000
0.000000
0.000000
0.000000
0.000000
0.000000
0.000000
0.000000
0.000000
0.000000
0.000000
0.000000
0.000000
0.000000
0.000000
0.000000
0.000000
0.000000
0.000000
0.000000
0.000000
0.000000
0.000000
0.000000
0.000000
0.000000
0.000000
0.000000
0.000000
0.000000
0.000000
0.000000
0.000000
0.000000
0.000000
0.000000
