36.474400
69.265600
1025.200000
259.040000
114.430000
67.041000
44.756000
28.904000
21.053000
16.191000
10.245000
8.150900
5.728700
4.017100
3.178300
2.453700
1.940800
1.319300
1.186600
0.775880
0.706200
0.468840
0.420910
0.267300
0.208240
0.162900
0.086234
0.103820
0.075360
0.050964
0.027930
0.024222
0.018740
0.027964
0.014994
0.007520
0.014197
0.006059
0.004444
0.003681
0.004133
0.002331
0.001797
0.001260
0.000621
0.000553
0.000703
0.000657
0.000261
0.000170
0.000105
0.000877
0.000235
0.000762
0.000567
0.000027
0.000012
0.000013
0.000014
0.000010
0.000002
0.000000
0.000072
0.000000
0.000000
0.000009
0.000000
0.000006
0.000000
0.000000
0.000000
0.000000
0.000000
0.000002
0.000000
0.000001
0.000000
0.000000
0.000000
0.000000
0.000000
0.000033
0.000000
0.000000
0.000000
0.000000
0.000000
0.000000
0.000000
0.000000
0.000000
0.000000
0.000000
0.000000
0.000000
0.000000
0.000000
0.000000
0.000000
0.000000
0.000000
0.000000
0.000000
0.000000
0.000000
0.000000
0.000000
0.000000
0.000000
0.000000
0.000000
0.000000
0.000000
0.000000
0.000000
0.000000
0.000000
0.000000
0.000000
0.000000
0.000000
0.000000
0.000000
0.000000
0.000000
0.000000
0.000000
0.000000
0.000000
0.000000
0.000000
0.000000
0.000000
0.000000
0.000000
0.000000
0.000000
0.000000
0.000000
0.000000
0.000000
0.000000
0.000000
0.000000
0.000000
0.000000
0.000000
0.000000
0.000000
0.000000
0.000000
0.000000
0.000000
0.000000
0.000000
0.000000
0.000000
0.000000
0.000000
0.000000
0.000000
0.000000
0.000000
0.000000
0.000000
0.000000
0.000000
0.000000
0.000000
0.000000
0.000000
0.000000
0.000000
0.000000
0.000000
0.000000
0.000000
0.000000
0.000000
0.000000
0.000000
0.000000
0.000000
0.000000
0.000000
0.000000
0.000000
0.000000
0.000000
0.000000
0.000000
0.000000
0.000000
0.000000
0.000000
0.000000
0.000000
0.000000
0.000000
0.000000
0.000000
0.000000
