21.284100
78.102100
1057.000000
271.140000
145.460000
86.575000
56.588000
42.121000
29.181000
22.880000
16.672000
11.744000
9.786900
6.752300
5.155300
4.021400
3.359100
2.631800
2.076700
1.658100
1.217400
1.048100
0.862410
0.540040
0.499590
0.543040
0.437570
0.199340
0.216110
0.203700
0.123730
0.111720
0.089733
0.041020
0.052581
0.054781
0.026130
0.026960
0.019514
0.012241
0.012609
0.008334
0.010370
0.006339
0.006152
0.003595
0.001519
0.003754
0.001362
0.002522
0.000236
0.000527
0.001041
0.000340
0.000065
0.000268
0.002039
0.000085
0.000039
0.000042
0.000110
0.000031
0.000171
0.000561
0.000019
0.000189
0.000000
0.000000
0.000000
0.000000
0.000000
0.000002
0.000000
0.000001
0.000000
0.000000
0.000000
0.000000
0.000000
0.000002
0.000000
0.000000
0.000000
0.000000
0.000000
0.000000
0.000000
0.000000
0.000000
0.000000
0.000000
0.000000
0.000000
0.000000
0.000000
0.000000
0.000000
0.000000
0.000000
0.000000
0.000000
0.000000
0.000000
0.000000
0.000000
0.000000
0.000000
0.000000
0.000000
0.000000
0.000000
0.000000
0.000000
0.000000
0.000000
0.000000
0.000000
0.000000
0.000000
0.000000
0.000000
0.000000
0.000000
0.000000
0.000000
0.000000
0.000000
0.000000
0.000000
0.000000
0.000000
0.000000
0.000000
0.000000
0.000000
0.000000
0.000000
0.000000
0.000000
0.000000
0.000000
0.000000
0.000000
0.000000
0.000000
0.000000
0.000000
0.000000
0.000000
0.000000
0.000000
0.000000
0.000000
0.000000
0.000000
0.000000
0.000000
0.000000
0.000000
0.000000
0.000000
0.000000
0.000000
0.000000
0.000000
0.000000
0.000000
0.000000
0.000000
0.000000
0.000000
0.000000
0.000000
0.000000
0.000000
0.000000
0.000000
0.000000
0.000000
0.000000
0.000000
0.000000
0.000000
0.000000
0.000000
0.000000
0.000000
0.000000
0.000000
0.000000
0.000000
0.000000
0.000000
0.000000
0.000000
0.000000
0.000000
0.000000
0.000000
0.000000
0.000000
0.000000
