34.379300
73.577100
1033.900000
241.410000
115.530000
70.928000
44.512000
28.830000
22.218000
16.140000
10.978000
8.187300
6.352200
4.714500
4.107000
2.856200
1.887200
1.464300
1.128100
0.968090
0.771300
0.570820
0.348950
0.333520
0.235320
0.223970
0.157770
0.092168
0.073825
0.097057
0.046730
0.042347
0.024303
0.022535
0.020941
0.019512
0.010355
0.010312
0.006153
0.003683
0.003661
0.003877
0.004132
0.000699
0.000790
0.000530
0.000156
0.000558
0.000556
0.000239
0.000810
0.000084
0.000094
0.000077
0.000061
0.000074
0.000024
0.000001
0.000005
0.000042
0.000011
0.000004
0.000000
0.000000
0.000000
0.000000
0.000000
0.000003
0.000000
0.000000
0.000000
0.000020
0.000000
0.000000
0.000021
0.000000
0.000000
0.000000
0.000000
0.000000
0.000000
0.000000
0.000000
0.000000
0.000000
0.000000
0.000000
0.000000
0.000000
0.000000
0.000000
0.000000
0.000000
0.000000
0.000000
0.000000
0.000000
0.000000
0.000000
0.000000
0.000000
0.000000
0.000000
0.000000
0.000000
0.000000
0.000000
0.000000
0.000000
0.000000
0.000000
0.000000
0.000000
0.000000
0.000000
0.000000
0.000000
0.000000
0.000000
0.000000
0.000000
0.000000
0.000000
0.000000
0.000000
0.000000
0.000000
0.000000
0.000000
0.000000
0.000000
0.000000
0.000000
0.000000
0.000000
0.000000
0.000000
0.000000
0.000000
0.000000
0.000000
0.000000
0.000000
0.000000
0.000000
0.000000
0.000000
0.000000
0.000000
0.000000
0.000000
0.000000
0.000000
0.000000
0.000000
0.000000
0.000000
0.000000
0.000000
0.000000
0.000000
0.000000
0.000000
0.000000
0.000000
0.000000
0.000000
0.000000
0.000000
0.000000
0.000000
0.000000
0.000000
0.000000
0.000000
0.000000
0.000000
0.000000
0.000000
0.000000
0.000000
0.000000
0.000000
0.000000
0.000000
0.000000
0.000000
0.000000
0.000000
0.000000
0.000000
0.000000
0.000000
0.000000
0.000000
0.000000
0.000000
0.000000
0.000000
0.000000
0.000000
0.000000
