22.955100
61.563900
1069.900000
274.320000
143.190000
92.326000
59.800000
42.322000
28.355000
22.077000
15.757000
12.287000
9.627900
7.813100
5.724700
4.489600
3.214100
2.552500
2.065000
1.678000
1.285400
1.045800
0.904810
0.709520
0.510350
0.426930
0.357780
0.222030
0.207370
0.100120
0.121620
0.110440
0.078387
0.062325
0.052256
0.044006
0.031959
0.033104
0.025061
0.013305
0.019526
0.010446
0.002705
0.011559
0.014043
0.004929
0.007503
0.002401
0.006823
0.001496
0.002420
0.000340
0.001499
0.000245
0.000639
0.000128
0.000153
0.000443
0.001896
0.000188
0.000064
0.000092
0.000196
0.000002
0.000002
0.000048
0.000027
0.000000
0.000037
0.000038
0.000000
0.000000
0.000000
0.000000
0.000000
0.000009
0.000000
0.000000
0.000000
0.000000
0.000000
0.000000
0.000000
0.000009
0.000000
0.000000
0.000001
0.000000
0.000000
0.000000
0.000000
0.000000
0.000000
0.000000
0.000000
0.000000
0.000000
0.000000
0.000000
0.000000
0.000000
0.000000
0.000000
0.000000
0.000000
0.000000
0.000000
0.000000
0.000000
0.000000
0.000000
0.000000
0.000000
0.000000
0.000000
0.000000
0.000000
0.000000
0.000000
0.000000
0.000000
0.000000
0.000000
0.000000
0.000000
0.000000
0.000000
0.000000
0.000000
0.000000
0.000000
0.000000
0.000000
0.000000
0.000000
0.000000
0.000000
0.000000
0.000000
0.000000
0.000000
0.000000
0.000000
0.000000
0.000000
0.000000
0.000000
0.000000
0.000000
0.000000
0.000000
0.000000
0.000000
0.000000
0.000000
0.000000
0.000000
0.000000
0.000000
0.000000
0.000000
0.000000
0.000000
0.000000
0.000000
0.000000
0.000000
0.000000
0.000000
0.000000
0.000000
0.000000
0.000000
0.000000
0.000000
0.000000
0.000000
0.000000
0.000000
0.000000
0.000000
0.000000
0.000000
0.000000
0.000000
0.000000
0.000000
0.000000
0.000000
0.000000
0.000000
0.000000
0.000000
0.000000
0.000000
0.000000
0.000000
0.000000
0.000000
0.000000
0.000000
0.000000
