29.421800
79.089200
983.300000
261.520000
123.540000
75.715000
48.115000
34.807000
23.319000
15.685000
12.255000
9.074400
7.181200
5.012000
3.913900
3.030500
2.482400
1.641900
1.345600
1.026000
0.836690
0.678200
0.539570
0.409760
0.276380
0.281940
0.163420
0.165140
0.107810
0.106900
0.088654
0.044764
0.036228
0.029518
0.020381
0.019698
0.028654
0.008297
0.007349
0.004874
0.008520
0.001146
0.001638
0.001258
0.004212
0.001018
0.001258
0.000880
0.000509
0.001974
0.000290
0.000074
0.000574
0.000113
0.000123
0.000181
0.000157
0.000000
0.000364
0.000000
0.000000
0.000000
0.000002
0.000000
0.000000
0.000000
0.000009
0.000000
0.000000
0.000083
0.000000
0.000000
0.000000
0.000001
0.000005
0.000000
0.000000
0.000000
0.000000
0.000000
0.000000
0.000000
0.000000
0.000000
0.000000
0.000000
0.000004
0.000000
0.000000
0.000000
0.000000
0.000000
0.000000
0.000000
0.000000
0.000000
0.000000
0.000000
0.000000
0.000000
0.000000
0.000000
0.000000
0.000000
0.000000
0.000000
0.000000
0.000000
0.000000
0.000000
0.000000
0.000000
0.000000
0.000000
0.000000
0.000000
0.000000
0.000000
0.000000
0.000000
0.000000
0.000000
0.000000
0.000000
0.000000
0.000000
0.000000
0.000000
0.000000
0.000000
0.000000
0.000000
0.000000
0.000000
0.000000
0.000000
0.000000
0.000000
0.000000
0.000000
0.000000
0.000000
0.000000
0.000000
0.000000
0.000000
0.000000
0.000000
0.000000
0.000000
0.000000
0.000000
0.000000
0.000000
0.000000
0.000000
0.000000
0.000000
0.000000
0.000000
0.000000
0.000000
0.000000
0.000000
0.000000
0.000000
0.000000
0.000000
0.000000
0.000000
0.000000
0.000000
0.000000
0.000000
0.000000
0.000000
0.000000
0.000000
0.000000
0.000000
0.000000
0.000000
0.000000
0.000000
0.000000
0.000000
0.000000
0.000000
0.000000
0.000000
0.000000
0.000000
0.000000
0.000000
0.000000
0.000000
0.000000
0.000000
0.000000
0.000000
0.000000
0.000000
