20.367500
70.784600
1122.200000
307.350000
142.370000
90.069000
60.721000
42.041000
31.746000
21.556000
15.595000
12.354000
9.400800
7.676000
5.522000
4.319700
3.750600
2.905600
2.298900
1.938300
1.297600
1.145200
0.780960
0.662920
0.607540
0.468090
0.363810
0.334290
0.208660
0.178220
0.172570
0.126310
0.093856
0.090798
0.068781
0.047096
0.049498
0.026279
0.025807
0.018053
0.011694
0.012695
0.005449
0.007606
0.002237
0.004513
0.004380
0.004837
0.002193
0.002872
0.001482
0.004408
0.000928
0.001099
0.000182
0.000006
0.001278
0.000269
0.000003
0.000270
0.000051
0.000006
0.000046
0.000006
0.000074
0.000000
0.000000
0.000002
0.000000
0.000012
0.000001
0.000000
0.000000
0.000011
0.000001
0.000011
0.000000
0.000000
0.000002
0.000000
0.000000
0.000000
0.000000
0.000000
0.000000
0.000000
0.000000
0.000000
0.000000
0.000000
0.000000
0.000000
0.000000
0.000000
0.000000
0.000000
0.000000
0.000000
0.000000
0.000000
0.000000
0.000000
0.000000
0.000000
0.000000
0.000000
0.000000
0.000000
0.000000
0.000000
0.000000
0.000000
0.000000
0.000000
0.000000
0.000000
0.000000
0.000000
0.000000
0.000000
0.000000
0.000000
0.000000
0.000000
0.000000
0.000000
0.000000
0.000000
0.000000
0.000000
0.000000
0.000000
0.000000
0.000000
0.000000
0.000000
0.000000
0.000000
0.000000
0.000000
0.000000
0.000000
0.000000
0.000000
0.000000
0.000000
0.000000
0.000000
0.000000
0.000000
0.000000
0.000000
0.000000
0.000000
0.000000
0.000000
0.000000
0.000000
0.000000
0.000000
0.000000
0.000000
0.000000
0.000000
0.000000
0.000000
0.000000
0.000000
0.000000
0.000000
0.000000
0.000000
0.000000
0.000000
0.000000
0.000000
0.000000
0.000000
0.000000
0.000000
0.000000
0.000000
0.000000
0.000000
0.000000
0.000000
0.000000
0.000000
0.000000
0.000000
0.000000
0.000000
0.000000
0.000000
0.000000
0.000000
0.000000
0.000000
0.000000
0.000000
0.000000
0.000000
