38.401400
66.378000
1014.300000
246.180000
115.190000
63.659000
42.235000
30.271000
19.635000
15.115000
9.078200
7.358100
5.434800
4.103100
3.042900
2.168900
1.741300
1.373900
1.068200
0.827850
0.501880
0.452160
0.381860
0.315040
0.198520
0.159070
0.119670
0.087424
0.072132
0.047572
0.052436
0.036786
0.018276
0.015591
0.012734
0.005153
0.009798
0.007155
0.005817
0.002601
0.003238
0.005814
0.000430
0.001641
0.000257
0.003151
0.001340
0.000746
0.000680
0.000236
0.000371
0.000241
0.000187
0.000074
0.000036
0.000059
0.000111
0.000248
0.000016
0.000016
0.000005
0.000000
0.000000
0.000006
0.000002
0.000000
0.000007
0.000000
0.000000
0.000000
0.000000
0.000001
0.000003
0.000000
0.000000
0.000000
0.000000
0.000000
0.000000
0.000000
0.000000
0.000000
0.000000
0.000000
0.000000
0.000000
0.000000
0.000000
0.000000
0.000000
0.000000
0.000000
0.000000
0.000000
0.000000
0.000000
0.000000
0.000000
0.000000
0.000000
0.000000
0.000000
0.000000
0.000000
0.000000
0.000000
0.000000
0.000000
0.000000
0.000000
0.000000
0.000000
0.000000
0.000000
0.000000
0.000000
0.000000
0.000000
0.000000
0.000000
0.000000
0.000000
0.000000
0.000000
0.000000
0.000000
0.000000
0.000000
0.000000
0.000000
0.000000
0.000000
0.000000
0.000000
0.000000
0.000000
0.000000
0.000000
0.000000
0.000000
0.000000
0.000000
0.000000
0.000000
0.000000
0.000000
0.000000
0.000000
0.000000
0.000000
0.000000
0.000000
0.000000
0.000000
0.000000
0.000000
0.000000
0.000000
0.000000
0.000000
0.000000
0.000000
0.000000
0.000000
0.000000
0.000000
0.000000
0.000000
0.000000
0.000000
0.000000
0.000000
0.000000
0.000000
0.000000
0.000000
0.000000
0.000000
0.000000
0.000000
0.000000
0.000000
0.000000
0.000000
0.000000
0.000000
0.000000
0.000000
0.000000
0.000000
0.000000
0.000000
0.000000
0.000000
0.000000
0.000000
0.000000
0.000000
0.000000
0.000000
0.000000
0.000000
