34.191000
76.288400
1034.000000
249.460000
109.900000
66.660000
43.926000
27.854000
23.328000
15.495000
11.192000
9.047900
6.302900
3.995100
3.332200
2.665500
2.154000
1.508700
1.240400
0.762270
0.553670
0.550460
0.362480
0.263710
0.208050
0.180030
0.150100
0.086522
0.094001
0.033116
0.060924
0.046669
0.041123
0.032806
0.020732
0.007604
0.009588
0.005489
0.005444
0.009088
0.002774
0.003710
0.001279
0.001367
0.000420
0.000482
0.000499
0.000049
0.000176
0.000041
0.000184
0.000029
0.000156
0.000047
0.000042
0.000011
0.000011
0.000006
0.000013
0.000002
0.000081
0.000034
0.000000
0.000018
0.000000
0.000000
0.000047
0.000008
0.000004
0.000000
0.000000
0.000002
0.000000
0.000000
0.000000
0.000000
0.000000
0.000000
0.000000
0.000000
0.000000
0.000000
0.000000
0.000000
0.000000
0.000000
0.000000
0.000000
0.000000
0.000000
0.000000
0.000000
0.000000
0.000000
0.000000
0.000000
0.000000
0.000000
0.000000
0.000000
0.000000
0.000000
0.000000
0.000000
0.000000
0.000000
0.000000
0.000000
0.000000
0.000000
0.000000
0.000000
0.000000
0.000000
0.000000
0.000000
0.000000
0.000000
0.000000
0.000000
0.000000
0.000000
0.000000
0.000000
0.000000
0.000000
0.000000
0.000000
0.000000
0.000000
0.000000
0.000000
0.000000
0.000000
0.000000
0.000000
0.000000
0.000000
0.000000
0.000000
0.000000
0.000000
0.000000
0.000000
0.000000
0.000000
0.000000
0.000000
0.000000
0.000000
0.000000
0.000000
0.000000
0.000000
0.000000
0.000000
0.000000
0.000000
0.000000
0.000000
0.000000
0.000000
0.000000
0.000000
0.000000
0.000000
0.000000
0.000000
0.000000
0.000000
0.000000
0.000000
0.000000
0.000000
0.000000
0.000000
0.000000
0.000000
0.000000
0.000000
0.000000
0.000000
0.000000
0.000000
0.000000
0.000000
0.000000
0.000000
0.000000
0.000000
0.000000
0.000000
0.000000
0.000000
0.000000
0.000000
0.000000
0.000000
0.000000
0.000000
0.000000
0.000000
