39.735600
61.943100
993.150000
242.500000
105.020000
60.925000
43.189000
26.016000
19.282000
14.618000
9.700200
7.561500
5.633700
4.280100
2.884300
2.117700
1.658000
1.312300
0.889110
0.697290
0.673430
0.476840
0.383220
0.249730
0.234010
0.167600
0.141860
0.100870
0.080334
0.051568
0.045115
0.037324
0.033477
0.016300
0.012183
0.016884
0.006921
0.006710
0.005194
0.004901
0.003139
0.001937
0.002315
0.000808
0.001052
0.000577
0.000508
0.000919
0.000276
0.000147
0.000178
0.000287
0.000025
0.000037
0.000031
0.000225
0.000013
0.000040
0.000006
0.000005
0.000010
0.000006
0.000032
0.000047
0.000000
0.000008
0.000000
0.000000
0.000000
0.000000
0.000001
0.000000
0.000002
0.000000
0.000000
0.000000
0.000000
0.000000
0.000000
0.000000
0.000000
0.000000
0.000000
0.000000
0.000000
0.000000
0.000000
0.000000
0.000000
0.000000
0.000000
0.000000
0.000000
0.000000
0.000000
0.000000
0.000000
0.000000
0.000000
0.000000
0.000000
0.000000
0.000000
0.000000
0.000000
0.000000
0.000000
0.000000
0.000000
0.000000
0.000000
0.000000
0.000000
0.000000
0.000000
0.000000
0.000000
0.000000
0.000000
0.000000
0.000000
0.000000
0.000000
0.000000
0.000000
0.000000
0.000000
0.000000
0.000000
0.000000
0.000000
0.000000
0.000000
0.000000
0.000000
0.000000
0.000000
0.000000
0.000000
0.000000
0.000000
0.000000
0.000000
0.000000
0.000000
0.000000
0.000000
0.000000
0.000000
0.000000
0.000000
0.000000
0.000000
0.000000
0.000000
0.000000
0.000000
0.000000
0.000000
0.000000
0.000000
0.000000
0.000000
0.000000
0.000000
0.000000
0.000000
0.000000
0.000000
0.000000
0.000000
0.000000
0.000000
0.000000
0.000000
0.000000
0.000000
0.000000
0.000000
0.000000
0.000000
0.000000
0.000000
0.000000
0.000000
0.000000
0.000000
0.000000
0.000000
0.000000
0.000000
0.000000
0.000000
0.000000
0.000000
0.000000
0.000000
0.000000
0.000000
0.000000
0.000000
0.000000
