23.223100
74.990300
1058.300000
292.660000
143.650000
83.948000
55.979000
37.496000
28.142000
21.134000
15.523000
11.375000
9.475600
7.003000
5.417600
4.406500
3.045000
2.203000
1.806800
1.420900
0.858310
0.849120
0.769670
0.583590
0.452860
0.270130
0.270630
0.280380
0.172320
0.152480
0.134450
0.124850
0.060179
0.042360
0.025907
0.037414
0.018117
0.025738
0.017219
0.018657
0.012861
0.014487
0.028268
0.005746
0.001920
0.004312
0.001812
0.002209
0.001536
0.002366
0.000447
0.000574
0.000898
0.000126
0.000571
0.000621
0.000013
0.000299
0.000054
0.000069
0.000018
0.000005
0.000000
0.000001
0.000142
0.000154
0.000002
0.000000
0.000000
0.000002
0.000000
0.000000
0.000006
0.000000
0.000000
0.000000
0.000000
0.000000
0.000000
0.000000
0.000000
0.000000
0.000000
0.000000
0.000000
0.000003
0.000000
0.000000
0.000000
0.000000
0.000000
0.000026
0.000000
0.000000
0.000000
0.000000
0.000000
0.000000
0.000000
0.000000
0.000000
0.000000
0.000000
0.000000
0.000000
0.000000
0.000000
0.000000
0.000000
0.000000
0.000000
0.000000
0.000000
0.000000
0.000000
0.000000
0.000000
0.000000
0.000000
0.000000
0.000000
0.000000
0.000000
0.000000
0.000000
0.000000
0.000000
0.000000
0.000000
0.000000
0.000000
0.000000
0.000000
0.000000
0.000000
0.000000
0.000000
0.000000
0.000000
0.000000
0.000000
0.000000
0.000000
0.000000
0.000000
0.000000
0.000000
0.000000
0.000000
0.000000
0.000000
0.000000
0.000000
0.000000
0.000000
0.000000
0.000000
0.000000
0.000000
0.000000
0.000000
0.000000
0.000000
0.000000
0.000000
0.000000
0.000000
0.000000
0.000000
0.000000
0.000000
0.000000
0.000000
0.000000
0.000000
0.000000
0.000000
0.000000
0.000000
0.000000
0.000000
0.000000
0.000000
0.000000
0.000000
0.000000
0.000000
0.000000
0.000000
0.000000
0.000000
0.000000
0.000000
0.000000
0.000000
0.000000
0.000000
0.000000
0.000000
0.000000
0.000000
0.000000
