38.401400
66.378000
1038.900000
233.080000
109.480000
67.646000
41.186000
29.733000
18.832000
13.854000
10.611000
7.752800
6.049300
4.069000
2.947300
2.449400
1.869900
1.285300
1.011000
0.622900
0.598550
0.446810
0.326340
0.211220
0.183720
0.112680
0.108790
0.086887
0.077512
0.049399
0.038704
0.026009
0.019380
0.023836
0.024714
0.010189
0.008111
0.014654
0.005982
0.001408
0.003455
0.000810
0.001901
0.000819
0.001189
0.000387
0.000175
0.000242
0.000212
0.000181
0.000053
0.000310
0.000019
0.000070
0.000026
0.000211
0.000364
0.000015
0.000009
0.000031
0.000005
0.000000
0.000000
0.000000
0.000000
0.000003
0.000000
0.000000
0.000000
0.000000
0.000000
0.000000
0.000000
0.000000
0.000004
0.000000
0.000000
0.000000
0.000000
0.000000
0.000000
0.000000
0.000000
0.000000
0.000000
0.000000
0.000000
0.000000
0.000000
0.000000
0.000000
0.000000
0.000000
0.000000
0.000000
0.000000
0.000000
0.000000
0.000000
0.000000
0.000000
0.000000
0.000000
0.000000
0.000000
0.000000
0.000000
0.000000
0.000000
0.000000
0.000000
0.000000
0.000000
0.000000
0.000000
0.000000
0.000000
0.000000
0.000000
0.000000
0.000000
0.000000
0.000000
0.000000
0.000000
0.000000
0.000000
0.000000
0.000000
0.000000
0.000000
0.000000
0.000000
0.000000
0.000000
0.000000
0.000000
0.000000
0.000000
0.000000
0.000000
0.000000
0.000000
0.000000
0.000000
0.000000
0.000000
0.000000
0.000000
0.000000
0.000000
0.000000
0.000000
0.000000
0.000000
0.000000
0.000000
0.000000
0.000000
0.000000
0.000000
0.000000
0.000000
0.000000
0.000000
0.000000
0.000000
0.000000
0.000000
0.000000
0.000000
0.000000
0.000000
0.000000
0.000000
0.000000
0.000000
0.000000
0.000000
0.000000
0.000000
0.000000
0.000000
0.000000
0.000000
0.000000
0.000000
0.000000
0.000000
0.000000
0.000000
0.000000
0.000000
0.000000
0.000000
0.000000
0.000000
0.000000
0.000000
0.000000
0.000000
0.000000
