20.718700
76.984100
1149.000000
298.880000
147.510000
89.768000
55.488000
44.527000
33.913000
23.844000
17.023000
13.289000
8.750100
7.974200
5.401900
4.757100
3.739000
3.246100
2.112000
1.565800
1.425000
1.001400
0.883160
0.575650
0.536940
0.374670
0.374440
0.241870
0.194190
0.152960
0.143930
0.081414
0.077475
0.046951
0.081673
0.035764
0.041268
0.024186
0.019016
0.019644
0.017884
0.019530
0.006999
0.003655
0.011745
0.002796
0.002396
0.000507
0.001035
0.001078
0.002936
0.000408
0.000548
0.000046
0.000172
0.000130
0.002045
0.000496
0.000281
0.000020
0.000004
0.000033
0.000030
0.000177
0.000000
0.000005
0.000000
0.000000
0.000000
0.000000
0.000000
0.000000
0.000000
0.000000
0.000000
0.000044
0.000000
0.000000
0.000000
0.000000
0.000001
0.000000
0.000000
0.000000
0.000000
0.000000
0.000000
0.000000
0.000000
0.000000
0.000000
0.000000
0.000000
0.000000
0.000000
0.000000
0.000000
0.000000
0.000000
0.000000
0.000000
0.000000
0.000000
0.000000
0.000000
0.000000
0.000000
0.000000
0.000000
0.000000
0.000000
0.000000
0.000000
0.000000
0.000000
0.000000
0.000000
0.000000
0.000000
0.000000
0.000000
0.000000
0.000000
0.000000
0.000000
0.000000
0.000000
0.000000
0.000000
0.000000
0.000000
0.000000
0.000000
0.000000
0.000000
0.000000
0.000000
0.000000
0.000000
0.000000
0.000000
0.000000
0.000000
0.000000
0.000000
0.000000
0.000000
0.000000
0.000000
0.000000
0.000000
0.000000
0.000000
0.000000
0.000000
0.000000
0.000000
0.000000
0.000000
0.000000
0.000000
0.000000
0.000000
0.000000
0.000000
0.000000
0.000000
0.000000
0.000000
0.000000
0.000000
0.000000
0.000000
0.000000
0.000000
0.000000
0.000000
0.000000
0.000000
0.000000
0.000000
0.000000
0.000000
0.000000
0.000000
0.000000
0.000000
0.000000
0.000000
0.000000
0.000000
0.000000
0.000000
0.000000
0.000000
0.000000
0.000000
0.000000
0.000000
0.000000
0.000000
0.000000
