22.736100
78.146300
1129.000000
276.580000
137.910000
83.958000
55.445000
37.690000
28.726000
20.307000
16.574000
11.854000
8.495700
7.066000
4.961700
4.569000
2.984800
2.642500
1.983200
1.583500
1.059000
0.977800
0.785460
0.432230
0.514720
0.306740
0.266430
0.231390
0.169060
0.165020
0.101740
0.075865
0.093220
0.064090
0.049360
0.039222
0.020245
0.041815
0.020327
0.011475
0.021533
0.007216
0.001896
0.007950
0.005164
0.003252
0.002548
0.001339
0.004579
0.000084
0.002399
0.000017
0.000941
0.000041
0.003055
0.000010
0.000251
0.000134
0.000764
0.000022
0.001609
0.000164
0.000490
0.000058
0.000032
0.000065
0.000000
0.000007
0.000000
0.000000
0.000000
0.000000
0.000000
0.000002
0.000000
0.000000
0.000000
0.000000
0.000000
0.000000
0.000000
0.000009
0.000000
0.000000
0.000000
0.000000
0.000000
0.000000
0.000000
0.000000
0.000000
0.000000
0.000000
0.000000
0.000000
0.000000
0.000000
0.000000
0.000000
0.000000
0.000000
0.000000
0.000000
0.000000
0.000000
0.000000
0.000000
0.000000
0.000000
0.000000
0.000000
0.000000
0.000000
0.000000
0.000000
0.000000
0.000000
0.000000
0.000000
0.000000
0.000000
0.000000
0.000000
0.000000
0.000000
0.000000
0.000000
0.000000
0.000000
0.000000
0.000000
0.000000
0.000000
0.000000
0.000000
0.000000
0.000000
0.000000
0.000000
0.000000
0.000000
0.000000
0.000000
0.000000
0.000000
0.000000
0.000000
0.000000
0.000000
0.000000
0.000000
0.000000
0.000000
0.000000
0.000000
0.000000
0.000000
0.000000
0.000000
0.000000
0.000000
0.000000
0.000000
0.000000
0.000000
0.000000
0.000000
0.000000
0.000000
0.000000
0.000000
0.000000
0.000000
0.000000
0.000000
0.000000
0.000000
0.000000
0.000000
0.000000
0.000000
0.000000
0.000000
0.000000
0.000000
0.000000
0.000000
0.000000
0.000000
0.000000
0.000000
0.000000
0.000000
0.000000
0.000000
0.000000
0.000000
0.000000
0.000000
0.000000
0.000000
0.000000
