34.686800
65.298400
1074.600000
243.180000
118.100000
66.173000
45.004000
31.927000
21.337000
15.992000
11.642000
7.925000
6.500500
4.636500
3.475500
2.760200
2.203100
1.773600
1.156300
0.932630
0.737000
0.513150
0.450790
0.284210
0.277310
0.254160
0.177640
0.119430
0.088471
0.060037
0.036264
0.043947
0.032100
0.022106
0.018448
0.012946
0.010568
0.010880
0.009954
0.003711
0.009412
0.002156
0.001159
0.004893
0.003873
0.002120
0.000689
0.001221
0.000831
0.000641
0.000360
0.000034
0.000099
0.000032
0.000023
0.000011
0.000049
0.000032
0.000062
0.000016
0.000055
0.000035
0.000004
0.000011
0.000000
0.000000
0.000000
0.000000
0.000000
0.000000
0.000002
0.000000
0.000002
0.000000
0.000000
0.000000
0.000000
0.000000
0.000000
0.000000
0.000000
0.000000
0.000000
0.000000
0.000000
0.000000
0.000000
0.000000
0.000000
0.000000
0.000000
0.000000
0.000000
0.000000
0.000000
0.000000
0.000000
0.000000
0.000000
0.000000
0.000000
0.000000
0.000000
0.000000
0.000000
0.000000
0.000000
0.000000
0.000000
0.000000
0.000000
0.000000
0.000000
0.000000
0.000000
0.000000
0.000000
0.000000
0.000000
0.000000
0.000000
0.000000
0.000000
0.000000
0.000000
0.000000
0.000000
0.000000
0.000000
0.000000
0.000000
0.000000
0.000000
0.000000
0.000000
0.000000
0.000000
0.000000
0.000000
0.000000
0.000000
0.000000
0.000000
0.000000
0.000000
0.000000
0.000000
0.000000
0.000000
0.000000
0.000000
0.000000
0.000000
0.000000
0.000000
0.000000
0.000000
0.000000
0.000000
0.000000
0.000000
0.000000
0.000000
0.000000
0.000000
0.000000
0.000000
0.000000
0.000000
0.000000
0.000000
0.000000
0.000000
0.000000
0.000000
0.000000
0.000000
0.000000
0.000000
0.000000
0.000000
0.000000
0.000000
0.000000
0.000000
0.000000
0.000000
0.000000
0.000000
0.000000
0.000000
0.000000
0.000000
0.000000
0.000000
0.000000
0.000000
0.000000
0.000000
0.000000
0.000000
0.000000
