29.492900
72.433900
1063.000000
256.130000
127.290000
68.058000
46.766000
33.134000
24.001000
18.107000
12.929000
9.541400
8.078200
5.532300
4.111900
3.399400
2.400500
1.904100
1.189000
0.904380
0.980880
0.594310
0.650640
0.446130
0.281870
0.267190
0.173620
0.179100
0.113740
0.110880
0.066464
0.064752
0.047783
0.036722
0.029347
0.017340
0.032428
0.009938
0.006488
0.006010
0.005498
0.002527
0.005327
0.001388
0.001024
0.001239
0.001036
0.001513
0.000614
0.001360
0.000041
0.000623
0.000041
0.000562
0.000249
0.000036
0.000013
0.000245
0.000068
0.000015
0.000024
0.000064
0.000000
0.000003
0.000000
0.000004
0.000002
0.000004
0.000000
0.000000
0.000000
0.000004
0.000000
0.000000
0.000000
0.000000
0.000000
0.000000
0.000000
0.000000
0.000000
0.000000
0.000000
0.000000
0.000000
0.000000
0.000000
0.000000
0.000000
0.000000
0.000000
0.000000
0.000000
0.000000
0.000000
0.000000
0.000000
0.000000
0.000000
0.000000
0.000000
0.000000
0.000000
0.000000
0.000000
0.000000
0.000000
0.000000
0.000000
0.000000
0.000000
0.000000
0.000000
0.000000
0.000000
0.000000
0.000000
0.000000
0.000000
0.000000
0.000000
0.000000
0.000000
0.000000
0.000000
0.000000
0.000000
0.000000
0.000000
0.000000
0.000000
0.000000
0.000000
0.000000
0.000000
0.000000
0.000000
0.000000
0.000000
0.000000
0.000000
0.000000
0.000000
0.000000
0.000000
0.000000
0.000000
0.000000
0.000000
0.000000
0.000000
0.000000
0.000000
0.000000
0.000000
0.000000
0.000000
0.000000
0.000000
0.000000
0.000000
0.000000
0.000000
0.000000
0.000000
0.000000
0.000000
0.000000
0.000000
0.000000
0.000000
0.000000
0.000000
0.000000
0.000000
0.000000
0.000000
0.000000
0.000000
0.000000
0.000000
0.000000
0.000000
0.000000
0.000000
0.000000
0.000000
0.000000
0.000000
0.000000
0.000000
0.000000
0.000000
0.000000
0.000000
0.000000
0.000000
0.000000
0.000000
0.000000
0.000000
0.000000
