32.248600
67.303100
1040.400000
245.980000
123.440000
73.020000
49.873000
31.661000
23.360000
16.691000
11.032000
8.665800
7.001100
5.122300
3.699000
2.971500
2.310700
1.705400
1.566200
0.937180
0.839240
0.597730
0.508970
0.345090
0.280060
0.253470
0.167760
0.146150
0.118890
0.077499
0.056074
0.064098
0.039956
0.034681
0.032470
0.023765
0.009319
0.017932
0.007314
0.004247
0.003682
0.006073
0.003692
0.003425
0.004222
0.000973
0.000329
0.000425
0.000916
0.000880
0.000116
0.000172
0.000112
0.000096
0.000048
0.000033
0.000004
0.000005
0.000012
0.000373
0.000118
0.000013
0.000002
0.000001
0.000000
0.000000
0.000007
0.000005
0.000000
0.000010
0.000003
0.000000
0.000181
0.000015
0.000000
0.000001
0.000000
0.000000
0.000000
0.000001
0.000000
0.000000
0.000000
0.000000
0.000000
0.000000
0.000000
0.000000
0.000000
0.000000
0.000000
0.000000
0.000000
0.000000
0.000000
0.000000
0.000000
0.000000
0.000000
0.000000
0.000000
0.000000
0.000000
0.000000
0.000000
0.000000
0.000000
0.000000
0.000000
0.000000
0.000000
0.000000
0.000000
0.000000
0.000000
0.000000
0.000000
0.000000
0.000000
0.000000
0.000000
0.000000
0.000000
0.000000
0.000000
0.000000
0.000000
0.000000
0.000000
0.000000
0.000000
0.000000
0.000000
0.000000
0.000000
0.000000
0.000000
0.000000
0.000000
0.000000
0.000000
0.000000
0.000000
0.000000
0.000000
0.000000
0.000000
0.000000
0.000000
0.000000
0.000000
0.000000
0.000000
0.000000
0.000000
0.000000
0.000000
0.000000
0.000000
0.000000
0.000000
0.000000
0.000000
0.000000
0.000000
0.000000
0.000000
0.000000
0.000000
0.000000
0.000000
0.000000
0.000000
0.000000
0.000000
0.000000
0.000000
0.000000
0.000000
0.000000
0.000000
0.000000
0.000000
0.000000
0.000000
0.000000
0.000000
0.000000
0.000000
0.000000
0.000000
0.000000
0.000000
0.000000
0.000000
0.000000
0.000000
0.000000
0.000000
0.000000
0.000000
0.000000
