33.304300
60.907400
989.900000
252.780000
122.890000
69.311000
47.205000
33.017000
22.006000
16.569000
11.532000
8.988700
6.830100
4.696800
3.909800
2.892100
2.370200
1.840800
1.222600
0.983870
0.762050
0.546690
0.485180
0.349940
0.295750
0.188410
0.179680
0.135410
0.097600
0.086408
0.060578
0.090367
0.042998
0.033138
0.022383
0.022570
0.015642
0.010984
0.005162
0.009552
0.006666
0.004833
0.001452
0.004358
0.001023
0.001893
0.001244
0.000463
0.000262
0.000431
0.000554
0.000082
0.000348
0.000691
0.000311
0.000136
0.000112
0.000042
0.000406
0.000022
0.000016
0.000017
0.000028
0.000005
0.000007
0.000000
0.000012
0.000003
0.000000
0.000004
0.000000
0.000000
0.000000
0.000000
0.000002
0.000000
0.000000
0.000000
0.000000
0.000000
0.000000
0.000000
0.000000
0.000000
0.000000
0.000000
0.000000
0.000000
0.000000
0.000000
0.000000
0.000000
0.000000
0.000000
0.000000
0.000000
0.000000
0.000000
0.000000
0.000000
0.000000
0.000000
0.000000
0.000000
0.000000
0.000000
0.000000
0.000000
0.000000
0.000000
0.000000
0.000000
0.000000
0.000000
0.000000
0.000000
0.000000
0.000000
0.000000
0.000000
0.000000
0.000000
0.000000
0.000000
0.000000
0.000000
0.000000
0.000000
0.000000
0.000000
0.000000
0.000000
0.000000
0.000000
0.000000
0.000000
0.000000
0.000000
0.000000
0.000000
0.000000
0.000000
0.000000
0.000000
0.000000
0.000000
0.000000
0.000000
0.000000
0.000000
0.000000
0.000000
0.000000
0.000000
0.000000
0.000000
0.000000
0.000000
0.000000
0.000000
0.000000
0.000000
0.000000
0.000000
0.000000
0.000000
0.000000
0.000000
0.000000
0.000000
0.000000
0.000000
0.000000
0.000000
0.000000
0.000000
0.000000
0.000000
0.000000
0.000000
0.000000
0.000000
0.000000
0.000000
0.000000
0.000000
0.000000
0.000000
0.000000
0.000000
0.000000
0.000000
0.000000
0.000000
0.000000
0.000000
0.000000
0.000000
0.000000
0.000000
0.000000
0.000000
