32.233200
72.750700
1030.700000
245.870000
120.930000
73.583000
46.696000
32.045000
22.438000
16.745000
11.282000
9.504600
6.444800
4.921400
3.448700
3.079100
2.183200
1.640100
1.331500
0.820720
0.720500
0.555340
0.453830
0.394620
0.266270
0.196940
0.156600
0.116520
0.097009
0.079817
0.056417
0.038701
0.026736
0.032401
0.031596
0.024413
0.010676
0.007844
0.010443
0.005170
0.008832
0.007149
0.003674
0.001112
0.001983
0.002821
0.001101
0.000435
0.000672
0.000177
0.000115
0.000165
0.000131
0.000139
0.000023
0.000023
0.000047
0.000105
0.000200
0.000087
0.000017
0.000005
0.000003
0.000000
0.000004
0.000000
0.000000
0.000085
0.000000
0.000000
0.000000
0.000000
0.000000
0.000000
0.000001
0.000000
0.000000
0.000000
0.000000
0.000000
0.000000
0.000000
0.000000
0.000000
0.000000
0.000000
0.000000
0.000000
0.000000
0.000000
0.000000
0.000000
0.000000
0.000000
0.000000
0.000000
0.000000
0.000000
0.000000
0.000000
0.000000
0.000000
0.000000
0.000000
0.000000
0.000000
0.000000
0.000000
0.000000
0.000000
0.000000
0.000000
0.000000
0.000000
0.000000
0.000000
0.000000
0.000000
0.000000
0.000000
0.000000
0.000000
0.000000
0.000000
0.000000
0.000000
0.000000
0.000000
0.000000
0.000000
0.000000
0.000000
0.000000
0.000000
0.000000
0.000000
0.000000
0.000000
0.000000
0.000000
0.000000
0.000000
0.000000
0.000000
0.000000
0.000000
0.000000
0.000000
0.000000
0.000000
0.000000
0.000000
0.000000
0.000000
0.000000
0.000000
0.000000
0.000000
0.000000
0.000000
0.000000
0.000000
0.000000
0.000000
0.000000
0.000000
0.000000
0.000000
0.000000
0.000000
0.000000
0.000000
0.000000
0.000000
0.000000
0.000000
0.000000
0.000000
0.000000
0.000000
0.000000
0.000000
0.000000
0.000000
0.000000
0.000000
0.000000
0.000000
0.000000
0.000000
0.000000
0.000000
0.000000
0.000000
0.000000
0.000000
0.000000
0.000000
0.000000
0.000000
0.000000
0.000000
