29.864300
78.642000
1030.900000
250.630000
122.040000
72.384000
49.936000
31.999000
23.727000
17.255000
11.700000
9.363200
6.749300
5.182000
4.098200
3.339600
1.859100
1.973100
1.365200
1.080500
0.801770
0.575540
0.490950
0.301950
0.294270
0.190830
0.156990
0.148110
0.108870
0.074929
0.055664
0.038499
0.026704
0.017509
0.025780
0.017988
0.012114
0.013644
0.009011
0.007443
0.007815
0.005002
0.006339
0.007595
0.002303
0.002222
0.000480
0.000916
0.000324
0.000184
0.000045
0.000251
0.000042
0.000127
0.000038
0.000038
0.000250
0.000041
0.000004
0.000028
0.000018
0.000133
0.000006
0.000000
0.000049
0.000000
0.000000
0.000000
0.000000
0.000000
0.000000
0.000009
0.000000
0.000000
0.000000
0.000108
0.000000
0.000000
0.000000
0.000000
0.000000
0.000000
0.000000
0.000000
0.000000
0.000000
0.000000
0.000000
0.000000
0.000000
0.000000
0.000000
0.000000
0.000000
0.000000
0.000000
0.000000
0.000000
0.000000
0.000000
0.000000
0.000000
0.000000
0.000000
0.000000
0.000000
0.000000
0.000000
0.000000
0.000000
0.000000
0.000000
0.000000
0.000000
0.000000
0.000000
0.000000
0.000000
0.000000
0.000000
0.000000
0.000000
0.000000
0.000000
0.000000
0.000000
0.000000
0.000000
0.000000
0.000000
0.000000
0.000000
0.000000
0.000000
0.000000
0.000000
0.000000
0.000000
0.000000
0.000000
0.000000
0.000000
0.000000
0.000000
0.000000
0.000000
0.000000
0.000000
0.000000
0.000000
0.000000
0.000000
0.000000
0.000000
0.000000
0.000000
0.000000
0.000000
0.000000
0.000000
0.000000
0.000000
0.000000
0.000000
0.000000
0.000000
0.000000
0.000000
0.000000
0.000000
0.000000
0.000000
0.000000
0.000000
0.000000
0.000000
0.000000
0.000000
0.000000
0.000000
0.000000
0.000000
0.000000
0.000000
0.000000
0.000000
0.000000
0.000000
0.000000
0.000000
0.000000
0.000000
0.000000
0.000000
0.000000
0.000000
0.000000
0.000000
0.000000
0.000000
0.000000
0.000000
