31.483300
70.628900
979.460000
248.170000
124.360000
73.822000
47.414000
33.253000
23.508000
17.331000
12.147000
9.230300
6.969500
4.898200
4.481000
2.997100
2.412100
1.776700
1.206000
1.129400
0.823370
0.677570
0.442190
0.326460
0.341330
0.200520
0.159850
0.164340
0.141170
0.079157
0.072807
0.047879
0.045064
0.054480
0.024458
0.012581
0.008993
0.014504
0.006230
0.010793
0.002903
0.001594
0.002199
0.002153
0.002616
0.001313
0.001331
0.001367
0.000593
0.000174
0.000088
0.000122
0.000234
0.000208
0.000008
0.000006
0.000006
0.000091
0.000018
0.000010
0.000055
0.000010
0.000019
0.000028
0.000039
0.000000
0.000006
0.000000
0.000000
0.000001
0.000000
0.000000
0.000000
0.000000
0.000000
0.000000
0.000000
0.000000
0.000000
0.000000
0.000000
0.000000
0.000000
0.000000
0.000000
0.000000
0.000000
0.000000
0.000000
0.000000
0.000000
0.000000
0.000000
0.000000
0.000000
0.000000
0.000000
0.000000
0.000000
0.000000
0.000000
0.000000
0.000000
0.000000
0.000000
0.000000
0.000000
0.000000
0.000000
0.000000
0.000000
0.000000
0.000000
0.000000
0.000000
0.000000
0.000000
0.000000
0.000000
0.000000
0.000000
0.000000
0.000000
0.000000
0.000000
0.000000
0.000000
0.000000
0.000000
0.000000
0.000000
0.000000
0.000000
0.000000
0.000000
0.000000
0.000000
0.000000
0.000000
0.000000
0.000000
0.000000
0.000000
0.000000
0.000000
0.000000
0.000000
0.000000
0.000000
0.000000
0.000000
0.000000
0.000000
0.000000
0.000000
0.000000
0.000000
0.000000
0.000000
0.000000
0.000000
0.000000
0.000000
0.000000
0.000000
0.000000
0.000000
0.000000
0.000000
0.000000
0.000000
0.000000
0.000000
0.000000
0.000000
0.000000
0.000000
0.000000
0.000000
0.000000
0.000000
0.000000
0.000000
0.000000
0.000000
0.000000
0.000000
0.000000
0.000000
0.000000
0.000000
0.000000
0.000000
0.000000
0.000000
0.000000
0.000000
0.000000
0.000000
0.000000
0.000000
0.000000
