20.754400
67.370600
1089.300000
291.730000
149.290000
89.157000
56.606000
42.542000
33.790000
22.429000
16.642000
13.254000
9.732100
7.178800
6.024000
4.088200
3.740800
2.605500
2.193300
1.860100
1.454600
1.186700
1.021000
0.729220
0.476550
0.392580
0.354320
0.258510
0.177590
0.205510
0.136120
0.148010
0.098799
0.083010
0.036526
0.067580
0.028582
0.034810
0.025756
0.030792
0.006988
0.013361
0.007869
0.008453
0.004145
0.005486
0.000668
0.002877
0.002304
0.000663
0.001139
0.000539
0.000730
0.001105
0.001034
0.000671
0.000334
0.000174
0.000047
0.000313
0.000068
0.000043
0.000044
0.000227
0.000373
0.000311
0.000000
0.000000
0.000000
0.000006
0.000001
0.000239
0.000000
0.000000
0.000001
0.000017
0.000000
0.000011
0.000006
0.000000
0.000000
0.000000
0.000001
0.000152
0.000000
0.000000
0.000000
0.000000
0.000000
0.000000
0.000000
0.000000
0.000000
0.000000
0.000000
0.000000
0.000000
0.000000
0.000000
0.000000
0.000000
0.000000
0.000000
0.000000
0.000000
0.000000
0.000000
0.000000
0.000000
0.000000
0.000000
0.000000
0.000000
0.000000
0.000000
0.000000
0.000000
0.000000
0.000000
0.000000
0.000000
0.000000
0.000000
0.000000
0.000000
0.000000
0.000000
0.000000
0.000000
0.000000
0.000000
0.000000
0.000000
0.000000
0.000000
0.000000
0.000000
0.000000
0.000000
0.000000
0.000000
0.000000
0.000000
0.000000
0.000000
0.000000
0.000000
0.000000
0.000000
0.000000
0.000000
0.000000
0.000000
0.000000
0.000000
0.000000
0.000000
0.000000
0.000000
0.000000
0.000000
0.000000
0.000000
0.000000
0.000000
0.000000
0.000000
0.000000
0.000000
0.000000
0.000000
0.000000
0.000000
0.000000
0.000000
0.000000
0.000000
0.000000
0.000000
0.000000
0.000000
0.000000
0.000000
0.000000
0.000000
0.000000
0.000000
0.000000
0.000000
0.000000
0.000000
0.000000
0.000000
0.000000
0.000000
0.000000
0.000000
0.000000
0.000000
0.000000
0.000000
0.000000
