26.261600
62.506400
1065.000000
265.020000
137.340000
77.078000
51.602000
36.415000
26.779000
20.681000
15.493000
10.647000
9.167900
7.136000
5.650000
3.949800
2.931300
2.322800
1.915400
1.441600
1.220400
0.872290
0.655880
0.533000
0.440480
0.329090
0.246400
0.168770
0.161190
0.146730
0.084180
0.082992
0.050569
0.046620
0.046603
0.050751
0.014433
0.033790
0.010942
0.012570
0.008721
0.007071
0.003732
0.005788
0.002179
0.001706
0.001142
0.002818
0.000485
0.000991
0.001130
0.001396
0.000363
0.001192
0.003974
0.000157
0.000098
0.000090
0.000072
0.000111
0.000240
0.000033
0.000011
0.000150
0.000010
0.000000
0.000049
0.000000
0.000550
0.000005
0.000015
0.000011
0.000000
0.000004
0.000000
0.000000
0.000002
0.000000
0.000000
0.000000
0.000000
0.000000
0.000000
0.000000
0.000000
0.000000
0.000000
0.000000
0.000000
0.000000
0.000000
0.000000
0.000000
0.000000
0.000000
0.000000
0.000000
0.000000
0.000000
0.000000
0.000000
0.000000
0.000000
0.000000
0.000000
0.000000
0.000000
0.000000
0.000000
0.000000
0.000000
0.000000
0.000000
0.000000
0.000000
0.000000
0.000000
0.000000
0.000000
0.000000
0.000000
0.000000
0.000000
0.000000
0.000000
0.000000
0.000000
0.000000
0.000000
0.000000
0.000000
0.000000
0.000000
0.000000
0.000000
0.000000
0.000000
0.000000
0.000000
0.000000
0.000000
0.000000
0.000000
0.000000
0.000000
0.000000
0.000000
0.000000
0.000000
0.000000
0.000000
0.000000
0.000000
0.000000
0.000000
0.000000
0.000000
0.000000
0.000000
0.000000
0.000000
0.000000
0.000000
0.000000
0.000000
0.000000
0.000000
0.000000
0.000000
0.000000
0.000000
0.000000
0.000000
0.000000
0.000000
0.000000
0.000000
0.000000
0.000000
0.000000
0.000000
0.000000
0.000000
0.000000
0.000000
0.000000
0.000000
0.000000
0.000000
0.000000
0.000000
0.000000
0.000000
0.000000
0.000000
0.000000
0.000000
0.000000
0.000000
0.000000
0.000000
0.000000
