28.760300
60.067700
1036.500000
256.500000
129.780000
82.014000
53.173000
34.578000
25.851000
19.518000
14.951000
10.161000
7.307100
6.096900
5.025200
3.570700
2.615500
2.443900
1.676500
1.244500
1.140200
0.839110
0.566530
0.536130
0.375680
0.280010
0.266650
0.170300
0.131010
0.087283
0.116600
0.061087
0.045910
0.046533
0.028855
0.026341
0.015355
0.013853
0.009616
0.007100
0.009432
0.004076
0.003771
0.002789
0.003917
0.002224
0.002724
0.001572
0.000477
0.000856
0.002085
0.000692
0.000654
0.000889
0.000676
0.000237
0.000129
0.000257
0.000218
0.000076
0.000231
0.000008
0.000014
0.000010
0.000000
0.000004
0.000004
0.000044
0.000145
0.000000
0.000002
0.000000
0.000000
0.000000
0.000000
0.000000
0.000005
0.000002
0.000000
0.000000
0.000000
0.000000
0.000000
0.000000
0.000000
0.000000
0.000000
0.000000
0.000000
0.000000
0.000000
0.000000
0.000000
0.000000
0.000000
0.000000
0.000000
0.000000
0.000000
0.000000
0.000000
0.000000
0.000000
0.000000
0.000000
0.000000
0.000000
0.000000
0.000000
0.000000
0.000000
0.000000
0.000000
0.000000
0.000000
0.000000
0.000000
0.000000
0.000000
0.000000
0.000000
0.000000
0.000000
0.000000
0.000000
0.000000
0.000000
0.000000
0.000000
0.000000
0.000000
0.000000
0.000000
0.000000
0.000000
0.000000
0.000000
0.000000
0.000000
0.000000
0.000000
0.000000
0.000000
0.000000
0.000000
0.000000
0.000000
0.000000
0.000000
0.000000
0.000000
0.000000
0.000000
0.000000
0.000000
0.000000
0.000000
0.000000
0.000000
0.000000
0.000000
0.000000
0.000000
0.000000
0.000000
0.000000
0.000000
0.000000
0.000000
0.000000
0.000000
0.000000
0.000000
0.000000
0.000000
0.000000
0.000000
0.000000
0.000000
0.000000
0.000000
0.000000
0.000000
0.000000
0.000000
0.000000
0.000000
0.000000
0.000000
0.000000
0.000000
0.000000
0.000000
0.000000
0.000000
0.000000
0.000000
0.000000
0.000000
0.000000
0.000000
0.000000
