25.447600
79.758500
1024.800000
272.530000
131.100000
78.536000
52.873000
36.805000
28.312000
19.829000
14.872000
10.334000
8.126400
5.796500
4.899800
3.710800
2.747500
2.265900
1.563400
1.349500
0.984020
0.724080
0.645570
0.519880
0.359770
0.362070
0.219370
0.244420
0.152330
0.142330
0.090959
0.067152
0.047542
0.054774
0.038113
0.010870
0.021747
0.011176
0.016896
0.008038
0.006794
0.006558
0.016309
0.000909
0.007445
0.002436
0.001482
0.002121
0.001843
0.000642
0.002014
0.001200
0.000161
0.000331
0.000062
0.000010
0.000000
0.000601
0.000021
0.000015
0.000056
0.000000
0.000000
0.000000
0.000000
0.000037
0.000000
0.000000
0.000008
0.000000
0.000000
0.000000
0.000002
0.000000
0.000000
0.000000
0.000144
0.000000
0.000000
0.000000
0.000000
0.000012
0.000000
0.000000
0.000000
0.000000
0.000000
0.000000
0.000000
0.000000
0.000000
0.000000
0.000000
0.000000
0.000000
0.000000
0.000000
0.000000
0.000000
0.000000
0.000000
0.000000
0.000000
0.000000
0.000000
0.000000
0.000000
0.000000
0.000000
0.000000
0.000000
0.000000
0.000000
0.000000
0.000000
0.000000
0.000000
0.000000
0.000000
0.000000
0.000000
0.000000
0.000000
0.000000
0.000000
0.000000
0.000000
0.000000
0.000000
0.000000
0.000000
0.000000
0.000000
0.000000
0.000000
0.000000
0.000000
0.000000
0.000000
0.000000
0.000000
0.000000
0.000000
0.000000
0.000000
0.000000
0.000000
0.000000
0.000000
0.000000
0.000000
0.000000
0.000000
0.000000
0.000000
0.000000
0.000000
0.000000
0.000000
0.000000
0.000000
0.000000
0.000000
0.000000
0.000000
0.000000
0.000000
0.000000
0.000000
0.000000
0.000000
0.000000
0.000000
0.000000
0.000000
0.000000
0.000000
0.000000
0.000000
0.000000
0.000000
0.000000
0.000000
0.000000
0.000000
0.000000
0.000000
0.000000
0.000000
0.000000
0.000000
0.000000
0.000000
0.000000
0.000000
0.000000
0.000000
0.000000
0.000000
0.000000
0.000000
0.000000
