25.447600
79.758500
1127.100000
267.870000
137.080000
81.599000
56.340000
35.831000
26.119000
19.555000
14.840000
10.418000
8.291900
5.605600
4.667400
3.431700
2.819300
2.132800
1.566700
1.197000
1.045900
0.790340
0.591490
0.452360
0.443140
0.286650
0.262750
0.138260
0.151800
0.095225
0.128000
0.064887
0.047864
0.024729
0.036363
0.031829
0.017765
0.014676
0.008009
0.006746
0.007752
0.002253
0.006534
0.007945
0.001380
0.001819
0.001000
0.001363
0.000934
0.001455
0.001721
0.000447
0.000728
0.000034
0.002119
0.000006
0.000138
0.000295
0.000010
0.000004
0.000210
0.000010
0.000438
0.000092
0.000493
0.000004
0.000023
0.000003
0.000022
0.000000
0.000000
0.000000
0.000000
0.000006
0.000001
0.000001
0.000000
0.000000
0.000000
0.000000
0.000000
0.000000
0.000001
0.000000
0.000000
0.000000
0.000000
0.000000
0.000000
0.000000
0.000000
0.000000
0.000000
0.000000
0.000000
0.000000
0.000000
0.000000
0.000000
0.000000
0.000000
0.000000
0.000000
0.000000
0.000000
0.000000
0.000000
0.000000
0.000000
0.000000
0.000000
0.000000
0.000000
0.000000
0.000000
0.000000
0.000000
0.000000
0.000000
0.000000
0.000000
0.000000
0.000000
0.000000
0.000000
0.000000
0.000000
0.000000
0.000000
0.000000
0.000000
0.000000
0.000000
0.000000
0.000000
0.000000
0.000000
0.000000
0.000000
0.000000
0.000000
0.000000
0.000000
0.000000
0.000000
0.000000
0.000000
0.000000
0.000000
0.000000
0.000000
0.000000
0.000000
0.000000
0.000000
0.000000
0.000000
0.000000
0.000000
0.000000
0.000000
0.000000
0.000000
0.000000
0.000000
0.000000
0.000000
0.000000
0.000000
0.000000
0.000000
0.000000
0.000000
0.000000
0.000000
0.000000
0.000000
0.000000
0.000000
0.000000
0.000000
0.000000
0.000000
0.000000
0.000000
0.000000
0.000000
0.000000
0.000000
0.000000
0.000000
0.000000
0.000000
0.000000
0.000000
0.000000
0.000000
0.000000
0.000000
0.000000
0.000000
0.000000
