35.897900
63.206100
1014.000000
241.190000
116.300000
66.827000
45.525000
28.382000
20.247000
15.933000
10.690000
8.975100
5.771800
5.114900
3.589000
2.525500
1.798700
1.604400
1.110000
0.802890
0.566330
0.558690
0.430470
0.318310
0.255890
0.162040
0.158060
0.123270
0.092249
0.072547
0.028849
0.039436
0.026680
0.020107
0.025704
0.010944
0.010666
0.008177
0.010419
0.004765
0.004794
0.006147
0.001918
0.003761
0.002034
0.003055
0.001433
0.001098
0.000387
0.000196
0.000606
0.000423
0.000044
0.000235
0.000109
0.000022
0.000609
0.000079
0.000019
0.000002
0.000000
0.000013
0.000015
0.000005
0.000012
0.000000
0.000017
0.000000
0.000000
0.000000
0.000000
0.000000
0.000000
0.000000
0.000000
0.000000
0.000002
0.000000
0.000000
0.000000
0.000000
0.000000
0.000000
0.000000
0.000000
0.000000
0.000000
0.000000
0.000000
0.000000
0.000000
0.000000
0.000000
0.000000
0.000000
0.000000
0.000000
0.000000
0.000000
0.000000
0.000000
0.000000
0.000000
0.000000
0.000000
0.000000
0.000000
0.000000
0.000000
0.000000
0.000000
0.000000
0.000000
0.000000
0.000000
0.000000
0.000000
0.000000
0.000000
0.000000
0.000000
0.000000
0.000000
0.000000
0.000000
0.000000
0.000000
0.000000
0.000000
0.000000
0.000000
0.000000
0.000000
0.000000
0.000000
0.000000
0.000000
0.000000
0.000000
0.000000
0.000000
0.000000
0.000000
0.000000
0.000000
0.000000
0.000000
0.000000
0.000000
0.000000
0.000000
0.000000
0.000000
0.000000
0.000000
0.000000
0.000000
0.000000
0.000000
0.000000
0.000000
0.000000
0.000000
0.000000
0.000000
0.000000
0.000000
0.000000
0.000000
0.000000
0.000000
0.000000
0.000000
0.000000
0.000000
0.000000
0.000000
0.000000
0.000000
0.000000
0.000000
0.000000
0.000000
0.000000
0.000000
0.000000
0.000000
0.000000
0.000000
0.000000
0.000000
0.000000
0.000000
0.000000
0.000000
0.000000
0.000000
0.000000
0.000000
0.000000
0.000000
0.000000
