36.336100
76.788800
1078.500000
244.110000
110.560000
68.460000
42.077000
28.525000
19.869000
15.337000
10.058000
8.153500
5.603200
4.661800
3.542900
2.668700
1.413600
1.549700
0.964040
0.951020
0.635890
0.401340
0.412390
0.297130
0.171610
0.134130
0.124600
0.081895
0.091471
0.040316
0.030997
0.027611
0.024540
0.009024
0.010277
0.011850
0.008764
0.008074
0.003178
0.002134
0.008201
0.003126
0.001701
0.000493
0.003074
0.000183
0.000043
0.000419
0.000514
0.000818
0.000144
0.000220
0.000041
0.000003
0.000021
0.000620
0.000090
0.000007
0.000057
0.000185
0.000006
0.000009
0.000000
0.000007
0.000011
0.000000
0.000000
0.000000
0.000001
0.000000
0.000000
0.000000
0.000000
0.000000
0.000001
0.000000
0.000000
0.000000
0.000001
0.000000
0.000000
0.000000
0.000000
0.000000
0.000000
0.000000
0.000000
0.000000
0.000000
0.000000
0.000000
0.000000
0.000000
0.000000
0.000000
0.000000
0.000000
0.000000
0.000000
0.000000
0.000000
0.000000
0.000000
0.000000
0.000000
0.000000
0.000000
0.000000
0.000000
0.000000
0.000000
0.000000
0.000000
0.000000
0.000000
0.000000
0.000000
0.000000
0.000000
0.000000
0.000000
0.000000
0.000000
0.000000
0.000000
0.000000
0.000000
0.000000
0.000000
0.000000
0.000000
0.000000
0.000000
0.000000
0.000000
0.000000
0.000000
0.000000
0.000000
0.000000
0.000000
0.000000
0.000000
0.000000
0.000000
0.000000
0.000000
0.000000
0.000000
0.000000
0.000000
0.000000
0.000000
0.000000
0.000000
0.000000
0.000000
0.000000
0.000000
0.000000
0.000000
0.000000
0.000000
0.000000
0.000000
0.000000
0.000000
0.000000
0.000000
0.000000
0.000000
0.000000
0.000000
0.000000
0.000000
0.000000
0.000000
0.000000
0.000000
0.000000
0.000000
0.000000
0.000000
0.000000
0.000000
0.000000
0.000000
0.000000
0.000000
0.000000
0.000000
0.000000
0.000000
0.000000
0.000000
0.000000
0.000000
0.000000
0.000000
0.000000
0.000000
0.000000
