36.027000
77.183500
1035.800000
242.220000
113.750000
69.106000
43.172000
29.452000
18.851000
15.648000
10.959000
7.584900
5.691900
4.251900
3.027000
2.203500
2.074100
1.458700
1.122500
0.747220
0.546710
0.298070
0.371780
0.260190
0.241910
0.120750
0.168580
0.106630
0.079319
0.050829
0.037230
0.028383
0.017740
0.030588
0.014440
0.014822
0.017350
0.008386
0.003078
0.004525
0.002764
0.002186
0.006318
0.000603
0.002622
0.000487
0.001148
0.000614
0.000191
0.000028
0.000351
0.000076
0.000075
0.000008
0.000039
0.000018
0.000051
0.000038
0.000116
0.000030
0.000008
0.000003
0.000000
0.000017
0.000000
0.000002
0.000000
0.000000
0.000001
0.000000
0.000000
0.000000
0.000000
0.000000
0.000000
0.000000
0.000000
0.000000
0.000000
0.000000
0.000000
0.000000
0.000000
0.000000
0.000000
0.000000
0.000000
0.000000
0.000000
0.000000
0.000000
0.000000
0.000000
0.000000
0.000000
0.000000
0.000000
0.000000
0.000000
0.000000
0.000000
0.000000
0.000000
0.000000
0.000000
0.000000
0.000000
0.000000
0.000000
0.000000
0.000000
0.000000
0.000000
0.000000
0.000000
0.000000
0.000000
0.000000
0.000000
0.000000
0.000000
0.000000
0.000000
0.000000
0.000000
0.000000
0.000000
0.000000
0.000000
0.000000
0.000000
0.000000
0.000000
0.000000
0.000000
0.000000
0.000000
0.000000
0.000000
0.000000
0.000000
0.000000
0.000000
0.000000
0.000000
0.000000
0.000000
0.000000
0.000000
0.000000
0.000000
0.000000
0.000000
0.000000
0.000000
0.000000
0.000000
0.000000
0.000000
0.000000
0.000000
0.000000
0.000000
0.000000
0.000000
0.000000
0.000000
0.000000
0.000000
0.000000
0.000000
0.000000
0.000000
0.000000
0.000000
0.000000
0.000000
0.000000
0.000000
0.000000
0.000000
0.000000
0.000000
0.000000
0.000000
0.000000
0.000000
0.000000
0.000000
0.000000
0.000000
0.000000
0.000000
0.000000
0.000000
0.000000
0.000000
0.000000
0.000000
0.000000
0.000000
0.000000
