35.596800
66.947200
1027.000000
239.510000
120.340000
66.353000
41.402000
29.033000
21.532000
14.842000
11.998000
8.682800
6.830700
4.858600
3.455500
2.415500
1.960900
1.407900
1.106500
0.805280
0.649270
0.578230
0.342580
0.298010
0.211970
0.133900
0.148150
0.095463
0.082229
0.046781
0.049527
0.035929
0.022514
0.025649
0.017329
0.015415
0.011458
0.004230
0.011674
0.005775
0.001428
0.001746
0.001527
0.001733
0.004742
0.000556
0.001670
0.001048
0.000283
0.000545
0.000153
0.000076
0.000660
0.000342
0.000091
0.000049
0.000003
0.000010
0.000000
0.000012
0.000009
0.000017
0.000040
0.000000
0.000028
0.000004
0.000009
0.000000
0.000000
0.000031
0.000000
0.000000
0.000000
0.000000
0.000000
0.000000
0.000000
0.000000
0.000002
0.000000
0.000000
0.000000
0.000000
0.000000
0.000000
0.000000
0.000000
0.000000
0.000000
0.000000
0.000000
0.000000
0.000000
0.000000
0.000000
0.000000
0.000000
0.000000
0.000000
0.000000
0.000000
0.000000
0.000000
0.000000
0.000000
0.000000
0.000000
0.000000
0.000000
0.000000
0.000000
0.000000
0.000000
0.000000
0.000000
0.000000
0.000000
0.000000
0.000000
0.000000
0.000000
0.000000
0.000000
0.000000
0.000000
0.000000
0.000000
0.000000
0.000000
0.000000
0.000000
0.000000
0.000000
0.000000
0.000000
0.000000
0.000000
0.000000
0.000000
0.000000
0.000000
0.000000
0.000000
0.000000
0.000000
0.000000
0.000000
0.000000
0.000000
0.000000
0.000000
0.000000
0.000000
0.000000
0.000000
0.000000
0.000000
0.000000
0.000000
0.000000
0.000000
0.000000
0.000000
0.000000
0.000000
0.000000
0.000000
0.000000
0.000000
0.000000
0.000000
0.000000
0.000000
0.000000
0.000000
0.000000
0.000000
0.000000
0.000000
0.000000
0.000000
0.000000
0.000000
0.000000
0.000000
0.000000
0.000000
0.000000
0.000000
0.000000
0.000000
0.000000
0.000000
0.000000
0.000000
0.000000
0.000000
0.000000
0.000000
0.000000
0.000000
0.000000
