21.284100
78.102100
1032.300000
270.650000
141.930000
87.415000
61.845000
40.358000
31.180000
20.488000
16.439000
11.677000
9.467300
7.268000
5.333000
4.173300
3.522500
2.753900
2.007100
1.455200
1.436600
0.899250
0.832450
0.640610
0.476600
0.402160
0.297230
0.254450
0.200410
0.160610
0.172720
0.115200
0.079468
0.060858
0.066712
0.035170
0.028689
0.035227
0.023956
0.009039
0.008787
0.016073
0.008977
0.002822
0.002032
0.003824
0.004939
0.002834
0.001499
0.001698
0.007959
0.000378
0.000214
0.000467
0.002490
0.000074
0.000132
0.000252
0.000029
0.000020
0.000004
0.000406
0.000002
0.000567
0.000002
0.000002
0.000504
0.000003
0.000000
0.000000
0.000000
0.000000
0.000000
0.000000
0.000000
0.000000
0.000000
0.000000
0.000000
0.000000
0.000000
0.000000
0.000000
0.000000
0.000000
0.000012
0.000000
0.000000
0.000000
0.000000
0.000000
0.000000
0.000000
0.000000
0.000000
0.000000
0.000000
0.000000
0.000000
0.000000
0.000000
0.000000
0.000000
0.000000
0.000000
0.000000
0.000000
0.000000
0.000000
0.000000
0.000000
0.000000
0.000000
0.000000
0.000000
0.000000
0.000000
0.000000
0.000000
0.000000
0.000000
0.000000
0.000000
0.000000
0.000000
0.000000
0.000000
0.000000
0.000000
0.000000
0.000000
0.000000
0.000000
0.000000
0.000000
0.000000
0.000000
0.000000
0.000000
0.000000
0.000000
0.000000
0.000000
0.000000
0.000000
0.000000
0.000000
0.000000
0.000000
0.000000
0.000000
0.000000
0.000000
0.000000
0.000000
0.000000
0.000000
0.000000
0.000000
0.000000
0.000000
0.000000
0.000000
0.000000
0.000000
0.000000
0.000000
0.000000
0.000000
0.000000
0.000000
0.000000
0.000000
0.000000
0.000000
0.000000
0.000000
0.000000
0.000000
0.000000
0.000000
0.000000
0.000000
0.000000
0.000000
0.000000
0.000000
0.000000
0.000000
0.000000
0.000000
0.000000
0.000000
0.000000
0.000000
0.000000
0.000000
0.000000
0.000000
0.000000
0.000000
0.000000
