32.600000
68.052700
994.630000
261.630000
122.810000
73.855000
44.989000
30.464000
23.463000
16.611000
11.978000
8.593900
6.926600
4.894500
3.842000
2.859800
2.281200
1.743800
1.278100
1.024700
0.606950
0.617320
0.386120
0.435750
0.324960
0.176960
0.164410
0.171230
0.098189
0.075272
0.072112
0.058932
0.033029
0.044502
0.023692
0.033069
0.012274
0.008553
0.011893
0.007804
0.006085
0.002662
0.004476
0.000755
0.003050
0.000808
0.000855
0.001260
0.000235
0.000349
0.000198
0.000265
0.000107
0.000457
0.000195
0.000003
0.000176
0.000126
0.000158
0.000164
0.000041
0.000004
0.000000
0.000000
0.000000
0.000000
0.000000
0.000000
0.000000
0.000006
0.000004
0.000000
0.000000
0.000002
0.000162
0.000000
0.000000
0.000009
0.000000
0.000000
0.000000
0.000000
0.000000
0.000000
0.000000
0.000000
0.000000
0.000000
0.000000
0.000000
0.000000
0.000000
0.000000
0.000000
0.000000
0.000000
0.000000
0.000000
0.000000
0.000000
0.000000
0.000000
0.000000
0.000000
0.000000
0.000000
0.000000
0.000000
0.000000
0.000000
0.000000
0.000000
0.000000
0.000000
0.000000
0.000000
0.000000
0.000000
0.000000
0.000000
0.000000
0.000000
0.000000
0.000000
0.000000
0.000000
0.000000
0.000000
0.000000
0.000000
0.000000
0.000000
0.000000
0.000000
0.000000
0.000000
0.000000
0.000000
0.000000
0.000000
0.000000
0.000000
0.000000
0.000000
0.000000
0.000000
0.000000
0.000000
0.000000
0.000000
0.000000
0.000000
0.000000
0.000000
0.000000
0.000000
0.000000
0.000000
0.000000
0.000000
0.000000
0.000000
0.000000
0.000000
0.000000
0.000000
0.000000
0.000000
0.000000
0.000000
0.000000
0.000000
0.000000
0.000000
0.000000
0.000000
0.000000
0.000000
0.000000
0.000000
0.000000
0.000000
0.000000
0.000000
0.000000
0.000000
0.000000
0.000000
0.000000
0.000000
0.000000
0.000000
0.000000
0.000000
0.000000
0.000000
0.000000
0.000000
0.000000
0.000000
0.000000
0.000000
