29.631200
65.635000
1061.700000
268.180000
131.510000
72.702000
52.897000
33.745000
24.476000
17.943000
12.804000
9.684900
7.759700
6.208600
4.440900
3.292600
2.524900
1.763200
1.465200
1.294900
0.932700
0.662850
0.647640
0.538930
0.314880
0.226140
0.130950
0.143960
0.112060
0.068138
0.079183
0.066292
0.049029
0.078580
0.030981
0.014824
0.013348
0.010029
0.004233
0.007416
0.011390
0.006028
0.001417
0.004541
0.000915
0.001044
0.001844
0.001516
0.000947
0.000180
0.000889
0.000577
0.001268
0.000375
0.000211
0.001890
0.000021
0.000061
0.000026
0.000008
0.000050
0.000160
0.000080
0.000013
0.000000
0.000003
0.000001
0.000045
0.000026
0.000011
0.000000
0.000001
0.000000
0.000000
0.000000
0.000001
0.000000
0.000000
0.000000
0.000000
0.000000
0.000001
0.000000
0.000000
0.000000
0.000000
0.000000
0.000000
0.000000
0.000000
0.000000
0.000000
0.000000
0.000000
0.000000
0.000000
0.000000
0.000000
0.000000
0.000000
0.000000
0.000000
0.000000
0.000000
0.000000
0.000000
0.000000
0.000000
0.000000
0.000000
0.000000
0.000000
0.000000
0.000000
0.000000
0.000000
0.000000
0.000000
0.000000
0.000000
0.000000
0.000000
0.000000
0.000000
0.000000
0.000000
0.000000
0.000000
0.000000
0.000000
0.000000
0.000000
0.000000
0.000000
0.000000
0.000000
0.000000
0.000000
0.000000
0.000000
0.000000
0.000000
0.000000
0.000000
0.000000
0.000000
0.000000
0.000000
0.000000
0.000000
0.000000
0.000000
0.000000
0.000000
0.000000
0.000000
0.000000
0.000000
0.000000
0.000000
0.000000
0.000000
0.000000
0.000000
0.000000
0.000000
0.000000
0.000000
0.000000
0.000000
0.000000
0.000000
0.000000
0.000000
0.000000
0.000000
0.000000
0.000000
0.000000
0.000000
0.000000
0.000000
0.000000
0.000000
0.000000
0.000000
0.000000
0.000000
0.000000
0.000000
0.000000
0.000000
0.000000
0.000000
0.000000
0.000000
0.000000
0.000000
0.000000
0.000000
0.000000
0.000000
