24.671700
63.090700
1063.600000
271.390000
141.620000
83.703000
57.265000
37.098000
26.511000
20.868000
15.252000
11.643000
8.415600
7.013600
5.830800
4.036600
3.415500
2.666700
1.874700
1.475300
1.326300
0.931280
0.809170
0.572170
0.495990
0.334250
0.304080
0.254030
0.210900
0.157740
0.104560
0.096893
0.075855
0.049759
0.026196
0.022471
0.013853
0.016805
0.013697
0.017548
0.014639
0.016288
0.009806
0.009471
0.003529
0.001934
0.001578
0.004277
0.003419
0.001480
0.002587
0.000595
0.000181
0.002246
0.001390
0.000068
0.000882
0.000034
0.000087
0.000008
0.000430
0.000019
0.000085
0.000006
0.000016
0.000004
0.000000
0.000000
0.000003
0.000008
0.000009
0.000003
0.000000
0.000000
0.000010
0.000076
0.000000
0.000000
0.000000
0.000000
0.000000
0.000000
0.000000
0.000000
0.000000
0.000000
0.000000
0.000000
0.000000
0.000004
0.000000
0.000000
0.000000
0.000000
0.000000
0.000000
0.000000
0.000000
0.000000
0.000000
0.000000
0.000000
0.000000
0.000000
0.000000
0.000000
0.000000
0.000000
0.000000
0.000000
0.000000
0.000000
0.000000
0.000000
0.000000
0.000000
0.000000
0.000000
0.000000
0.000000
0.000000
0.000000
0.000000
0.000000
0.000000
0.000000
0.000000
0.000000
0.000000
0.000000
0.000000
0.000000
0.000000
0.000000
0.000000
0.000000
0.000000
0.000000
0.000000
0.000000
0.000000
0.000000
0.000000
0.000000
0.000000
0.000000
0.000000
0.000000
0.000000
0.000000
0.000000
0.000000
0.000000
0.000000
0.000000
0.000000
0.000000
0.000000
0.000000
0.000000
0.000000
0.000000
0.000000
0.000000
0.000000
0.000000
0.000000
0.000000
0.000000
0.000000
0.000000
0.000000
0.000000
0.000000
0.000000
0.000000
0.000000
0.000000
0.000000
0.000000
0.000000
0.000000
0.000000
0.000000
0.000000
0.000000
0.000000
0.000000
0.000000
0.000000
0.000000
0.000000
0.000000
0.000000
0.000000
0.000000
0.000000
0.000000
0.000000
0.000000
0.000000
0.000000
