37.888300
63.091900
1028.500000
246.240000
112.060000
67.324000
44.557000
29.136000
20.088000
14.484000
10.278000
7.327500
5.705500
4.410700
3.381900
2.651100
2.269500
1.367400
1.214600
0.820060
0.646040
0.423130
0.438630
0.277000
0.219960
0.160920
0.127390
0.096296
0.063838
0.051091
0.055601
0.041480
0.027412
0.015547
0.025858
0.009504
0.010914
0.011219
0.009897
0.004868
0.002925
0.004192
0.002941
0.000466
0.000532
0.001338
0.000445
0.000408
0.000171
0.000525
0.000173
0.000105
0.000024
0.000027
0.000067
0.000019
0.000554
0.000000
0.000030
0.000074
0.000000
0.000003
0.000013
0.000001
0.000001
0.000003
0.000043
0.000000
0.000000
0.000000
0.000003
0.000000
0.000006
0.000000
0.000000
0.000000
0.000000
0.000000
0.000005
0.000000
0.000000
0.000000
0.000000
0.000000
0.000000
0.000000
0.000000
0.000000
0.000000
0.000000
0.000000
0.000000
0.000000
0.000000
0.000000
0.000000
0.000000
0.000000
0.000000
0.000000
0.000000
0.000000
0.000000
0.000000
0.000000
0.000000
0.000000
0.000000
0.000000
0.000000
0.000000
0.000000
0.000000
0.000000
0.000000
0.000000
0.000003
0.000000
0.000000
0.000000
0.000000
0.000000
0.000000
0.000000
0.000000
0.000000
0.000000
0.000000
0.000000
0.000000
0.000000
0.000000
0.000000
0.000000
0.000000
0.000000
0.000000
0.000000
0.000000
0.000000
0.000000
0.000000
0.000000
0.000000
0.000000
0.000000
0.000000
0.000000
0.000000
0.000000
0.000000
0.000000
0.000000
0.000000
0.000000
0.000000
0.000000
0.000000
0.000000
0.000000
0.000000
0.000000
0.000000
0.000000
0.000000
0.000000
0.000000
0.000000
0.000000
0.000000
0.000000
0.000000
0.000000
0.000000
0.000000
0.000000
0.000000
0.000000
0.000000
0.000000
0.000000
0.000000
0.000000
0.000000
0.000000
0.000000
0.000000
0.000000
0.000000
0.000000
0.000000
0.000000
0.000000
0.000000
0.000000
0.000000
0.000000
0.000000
0.000000
0.000000
0.000000
0.000000
