36.497600
79.460100
1007.100000
245.260000
112.480000
69.052000
40.678000
28.989000
19.407000
14.673000
9.729800
7.467600
5.888300
3.951400
2.856700
2.568800
1.772600
1.531000
1.091400
0.782790
0.540610
0.446210
0.327390
0.227920
0.163450
0.166710
0.084095
0.103200
0.083515
0.055536
0.055510
0.027025
0.014817
0.010556
0.009160
0.007715
0.011187
0.008050
0.001558
0.003891
0.004125
0.001069
0.005342
0.000975
0.000366
0.000871
0.000161
0.000076
0.000132
0.000146
0.000414
0.000191
0.000104
0.000012
0.000093
0.000046
0.000046
0.000002
0.000071
0.000000
0.000000
0.000000
0.000005
0.000002
0.000000
0.000000
0.000000
0.000000
0.000000
0.000000
0.000000
0.000000
0.000000
0.000007
0.000000
0.000000
0.000000
0.000000
0.000000
0.000000
0.000000
0.000000
0.000000
0.000000
0.000000
0.000000
0.000000
0.000000
0.000000
0.000000
0.000000
0.000000
0.000000
0.000000
0.000000
0.000000
0.000000
0.000000
0.000000
0.000000
0.000000
0.000000
0.000000
0.000000
0.000000
0.000000
0.000000
0.000000
0.000000
0.000000
0.000000
0.000000
0.000000
0.000000
0.000000
0.000000
0.000000
0.000000
0.000000
0.000000
0.000000
0.000000
0.000000
0.000000
0.000000
0.000000
0.000000
0.000000
0.000000
0.000000
0.000000
0.000000
0.000000
0.000000
0.000000
0.000000
0.000000
0.000000
0.000000
0.000000
0.000000
0.000000
0.000000
0.000000
0.000000
0.000000
0.000000
0.000000
0.000000
0.000000
0.000000
0.000000
0.000000
0.000000
0.000000
0.000000
0.000000
0.000000
0.000000
0.000000
0.000000
0.000000
0.000000
0.000000
0.000000
0.000000
0.000000
0.000000
0.000000
0.000000
0.000000
0.000000
0.000000
0.000000
0.000000
0.000000
0.000000
0.000000
0.000000
0.000000
0.000000
0.000000
0.000000
0.000000
0.000000
0.000000
0.000000
0.000000
0.000000
0.000000
0.000000
0.000000
0.000000
0.000000
0.000000
0.000000
0.000000
0.000000
0.000000
0.000000
0.000000
0.000000
