34.845900
74.896200
1030.100000
250.390000
118.610000
67.363000
40.944000
29.359000
21.166000
15.347000
10.769000
8.106500
5.755700
4.900800
3.541500
2.671000
1.900000
1.395700
1.095200
0.965220
0.575470
0.648620
0.348420
0.288070
0.258030
0.183230
0.152610
0.087823
0.067010
0.047975
0.057289
0.023484
0.028723
0.022281
0.024161
0.012842
0.010525
0.007378
0.004984
0.004123
0.004654
0.002436
0.000546
0.001143
0.002961
0.001946
0.000340
0.000420
0.000501
0.001251
0.000238
0.000355
0.000664
0.000327
0.000021
0.000220
0.000010
0.000018
0.000071
0.000005
0.000004
0.000000
0.000000
0.000000
0.000004
0.000063
0.000002
0.000000
0.000000
0.000000
0.000000
0.000000
0.000000
0.000000
0.000000
0.000000
0.000000
0.000000
0.000000
0.000000
0.000000
0.000000
0.000000
0.000000
0.000000
0.000000
0.000000
0.000000
0.000000
0.000000
0.000000
0.000000
0.000000
0.000000
0.000000
0.000000
0.000000
0.000000
0.000000
0.000000
0.000000
0.000000
0.000000
0.000000
0.000000
0.000000
0.000000
0.000000
0.000000
0.000000
0.000000
0.000000
0.000000
0.000000
0.000000
0.000000
0.000000
0.000000
0.000000
0.000000
0.000000
0.000000
0.000000
0.000000
0.000000
0.000000
0.000000
0.000000
0.000000
0.000000
0.000000
0.000000
0.000000
0.000000
0.000000
0.000000
0.000000
0.000000
0.000000
0.000000
0.000000
0.000000
0.000000
0.000000
0.000000
0.000000
0.000000
0.000000
0.000000
0.000000
0.000000
0.000000
0.000000
0.000000
0.000000
0.000000
0.000000
0.000000
0.000000
0.000000
0.000000
0.000000
0.000000
0.000000
0.000000
0.000000
0.000000
0.000000
0.000000
0.000000
0.000000
0.000000
0.000000
0.000000
0.000000
0.000000
0.000000
0.000000
0.000000
0.000000
0.000000
0.000000
0.000000
0.000000
0.000000
0.000000
0.000000
0.000000
0.000000
0.000000
0.000000
0.000000
0.000000
0.000000
0.000000
0.000000
0.000000
0.000000
0.000000
0.000000
0.000000
0.000000
