34.267200
62.634300
1015.100000
240.650000
113.170000
71.391000
40.765000
31.677000
22.980000
15.946000
12.362000
8.452900
6.934300
5.317000
3.697100
2.951200
2.468000
1.664700
1.186400
1.066400
0.726970
0.547680
0.390240
0.396650
0.320680
0.186380
0.138110
0.103960
0.109320
0.071594
0.055841
0.049809
0.043939
0.019896
0.029811
0.016080
0.019237
0.006750
0.008861
0.002239
0.003825
0.002660
0.001753
0.001214
0.003111
0.000297
0.000653
0.000804
0.000302
0.000550
0.000095
0.000064
0.000632
0.000134
0.000206
0.000139
0.000200
0.000005
0.000077
0.000249
0.000016
0.000011
0.000001
0.000064
0.000015
0.000000
0.000005
0.000000
0.000000
0.000001
0.000038
0.000000
0.000000
0.000000
0.000000
0.000000
0.000000
0.000000
0.000000
0.000000
0.000000
0.000000
0.000000
0.000000
0.000000
0.000000
0.000000
0.000000
0.000000
0.000000
0.000000
0.000000
0.000000
0.000000
0.000000
0.000000
0.000000
0.000000
0.000000
0.000000
0.000000
0.000000
0.000000
0.000000
0.000000
0.000000
0.000000
0.000000
0.000000
0.000000
0.000000
0.000000
0.000000
0.000000
0.000000
0.000000
0.000000
0.000000
0.000000
0.000000
0.000000
0.000000
0.000000
0.000000
0.000000
0.000000
0.000000
0.000000
0.000000
0.000000
0.000000
0.000000
0.000000
0.000000
0.000000
0.000000
0.000000
0.000000
0.000000
0.000000
0.000000
0.000000
0.000000
0.000000
0.000000
0.000000
0.000000
0.000000
0.000000
0.000000
0.000000
0.000000
0.000000
0.000000
0.000000
0.000000
0.000000
0.000000
0.000000
0.000000
0.000000
0.000000
0.000000
0.000000
0.000000
0.000000
0.000000
0.000000
0.000000
0.000000
0.000000
0.000000
0.000000
0.000000
0.000000
0.000000
0.000000
0.000000
0.000000
0.000000
0.000000
0.000000
0.000000
0.000000
0.000000
0.000000
0.000000
0.000000
0.000000
0.000000
0.000000
0.000000
0.000000
0.000000
0.000000
0.000000
0.000000
0.000000
0.000000
0.000000
0.000000
0.000000
