34.465900
75.958600
1018.000000
254.100000
122.300000
65.339000
45.966000
29.711000
22.900000
15.764000
11.429000
8.236800
6.681000
4.622600
3.436300
2.664600
2.171000
1.576900
1.214900
0.831270
0.555320
0.500270
0.316660
0.321140
0.165910
0.124880
0.139080
0.130830
0.071538
0.100420
0.053930
0.036048
0.018512
0.026146
0.020286
0.014292
0.015224
0.006893
0.006319
0.004074
0.003729
0.006287
0.001053
0.000531
0.001085
0.005711
0.000604
0.000362
0.000849
0.000041
0.000053
0.001131
0.000008
0.000422
0.001646
0.000047
0.000013
0.000000
0.000000
0.000007
0.000002
0.000015
0.000129
0.000000
0.000000
0.000000
0.000000
0.000000
0.000000
0.000000
0.000000
0.000000
0.000000
0.000000
0.000001
0.000000
0.000000
0.000000
0.000000
0.000000
0.000000
0.000000
0.000000
0.000000
0.000000
0.000000
0.000000
0.000000
0.000000
0.000000
0.000000
0.000000
0.000000
0.000000
0.000000
0.000000
0.000000
0.000000
0.000000
0.000000
0.000000
0.000000
0.000000
0.000000
0.000000
0.000000
0.000000
0.000000
0.000000
0.000000
0.000000
0.000000
0.000000
0.000000
0.000000
0.000000
0.000000
0.000000
0.000000
0.000000
0.000000
0.000000
0.000000
0.000000
0.000000
0.000000
0.000000
0.000000
0.000000
0.000000
0.000000
0.000000
0.000000
0.000000
0.000000
0.000000
0.000000
0.000000
0.000000
0.000000
0.000000
0.000000
0.000000
0.000000
0.000000
0.000000
0.000000
0.000000
0.000000
0.000000
0.000000
0.000000
0.000000
0.000000
0.000000
0.000000
0.000000
0.000000
0.000000
0.000000
0.000000
0.000000
0.000000
0.000000
0.000000
0.000000
0.000000
0.000000
0.000000
0.000000
0.000000
0.000000
0.000000
0.000000
0.000000
0.000000
0.000000
0.000000
0.000000
0.000000
0.000000
0.000000
0.000000
0.000000
0.000000
0.000000
0.000000
0.000000
0.000000
0.000000
0.000000
0.000000
0.000000
0.000000
0.000000
0.000000
0.000000
0.000000
0.000000
0.000000
0.000000
0.000000
