38.435100
66.902100
974.060000
249.380000
105.890000
74.590000
41.305000
29.024000
19.267000
14.063000
9.855100
7.808800
5.480700
4.388600
3.315400
2.327500
2.017100
1.494500
1.088800
0.744040
0.656040
0.479070
0.311300
0.306780
0.166190
0.197280
0.086766
0.115090
0.073387
0.047806
0.029815
0.024809
0.020616
0.010979
0.012015
0.010071
0.006223
0.004594
0.005116
0.004692
0.003304
0.001101
0.002153
0.001039
0.000530
0.001072
0.000164
0.000286
0.000365
0.000234
0.000089
0.000260
0.000245
0.000051
0.000192
0.001068
0.000028
0.000017
0.000036
0.000008
0.000000
0.000000
0.000002
0.000005
0.000000
0.000000
0.000000
0.000000
0.000000
0.000005
0.000005
0.000000
0.000000
0.000002
0.000000
0.000000
0.000000
0.000000
0.000000
0.000000
0.000000
0.000000
0.000000
0.000000
0.000000
0.000000
0.000000
0.000000
0.000000
0.000000
0.000000
0.000000
0.000000
0.000000
0.000000
0.000000
0.000000
0.000000
0.000000
0.000000
0.000000
0.000000
0.000000
0.000000
0.000000
0.000000
0.000000
0.000000
0.000000
0.000000
0.000000
0.000000
0.000000
0.000000
0.000000
0.000000
0.000000
0.000000
0.000000
0.000000
0.000000
0.000000
0.000000
0.000000
0.000000
0.000000
0.000000
0.000000
0.000000
0.000000
0.000000
0.000000
0.000000
0.000000
0.000000
0.000000
0.000000
0.000000
0.000000
0.000000
0.000000
0.000000
0.000000
0.000000
0.000000
0.000000
0.000000
0.000000
0.000000
0.000000
0.000000
0.000000
0.000000
0.000000
0.000000
0.000000
0.000000
0.000000
0.000000
0.000000
0.000000
0.000000
0.000000
0.000000
0.000000
0.000000
0.000000
0.000000
0.000000
0.000000
0.000000
0.000000
0.000000
0.000000
0.000000
0.000000
0.000000
0.000000
0.000000
0.000000
0.000000
0.000000
0.000000
0.000000
0.000000
0.000000
0.000000
0.000000
0.000000
0.000000
0.000000
0.000000
0.000000
0.000000
0.000000
0.000000
0.000000
0.000000
0.000000
0.000000
0.000000
0.000000
