23.124200
75.763000
1104.100000
260.440000
138.360000
83.841000
57.153000
38.242000
27.609000
22.030000
14.507000
11.019000
8.841700
6.741700
5.277500
4.040300
3.136900
2.221300
1.943400
1.403400
1.308600
0.855140
0.741160
0.484520
0.456190
0.363620
0.318340
0.187730
0.206070
0.134560
0.155360
0.100090
0.082064
0.059662
0.041941
0.037987
0.026354
0.019960
0.017687
0.011811
0.006413
0.006708
0.008612
0.005714
0.003164
0.004014
0.006978
0.000522
0.001219
0.001023
0.000044
0.002275
0.002290
0.000989
0.001548
0.001803
0.000372
0.000084
0.001373
0.000029
0.000030
0.000319
0.000003
0.000007
0.000004
0.000000
0.000000
0.000005
0.000025
0.000002
0.000055
0.000000
0.000000
0.000085
0.000000
0.000000
0.000000
0.000000
0.000000
0.000000
0.000000
0.000000
0.000016
0.000000
0.000000
0.000000
0.000000
0.000000
0.000000
0.000000
0.000000
0.000000
0.000000
0.000000
0.000000
0.000000
0.000000
0.000000
0.000000
0.000000
0.000000
0.000000
0.000000
0.000000
0.000000
0.000000
0.000000
0.000000
0.000000
0.000000
0.000000
0.000000
0.000000
0.000000
0.000000
0.000000
0.000000
0.000000
0.000000
0.000000
0.000000
0.000000
0.000000
0.000000
0.000000
0.000000
0.000000
0.000000
0.000000
0.000000
0.000000
0.000000
0.000000
0.000000
0.000000
0.000000
0.000000
0.000000
0.000000
0.000000
0.000000
0.000000
0.000000
0.000000
0.000000
0.000000
0.000000
0.000000
0.000000
0.000000
0.000000
0.000000
0.000000
0.000000
0.000000
0.000000
0.000000
0.000000
0.000000
0.000000
0.000000
0.000000
0.000000
0.000000
0.000000
0.000000
0.000000
0.000000
0.000000
0.000000
0.000000
0.000000
0.000000
0.000000
0.000000
0.000000
0.000000
0.000000
0.000000
0.000000
0.000000
0.000000
0.000000
0.000000
0.000000
0.000000
0.000000
0.000000
0.000000
0.000000
0.000000
0.000000
0.000000
0.000000
0.000000
0.000000
0.000000
0.000000
0.000000
0.000000
0.000000
0.000000
