34.033900
72.201400
1032.400000
254.170000
117.380000
67.351000
43.998000
32.573000
20.050000
15.685000
11.797000
8.487600
6.385600
5.144100
3.517200
2.582600
1.914000
1.712600
1.187800
0.803020
0.763610
0.539680
0.425520
0.270280
0.217830
0.174120
0.186370
0.115200
0.085521
0.067130
0.076134
0.036996
0.044558
0.033768
0.016529
0.012397
0.007211
0.010250
0.006983
0.006349
0.002446
0.006986
0.004384
0.001095
0.000347
0.001719
0.001379
0.000232
0.000165
0.001030
0.000946
0.000456
0.000136
0.000054
0.000020
0.000060
0.000013
0.000005
0.000016
0.000018
0.000007
0.000001
0.000004
0.000000
0.000008
0.000005
0.000000
0.000000
0.000000
0.000000
0.000000
0.000000
0.000000
0.000000
0.000000
0.000000
0.000000
0.000000
0.000000
0.000000
0.000000
0.000000
0.000000
0.000000
0.000000
0.000000
0.000000
0.000000
0.000000
0.000000
0.000000
0.000000
0.000000
0.000000
0.000000
0.000000
0.000000
0.000000
0.000000
0.000000
0.000000
0.000000
0.000000
0.000000
0.000000
0.000000
0.000000
0.000000
0.000000
0.000000
0.000000
0.000000
0.000000
0.000000
0.000000
0.000000
0.000000
0.000000
0.000000
0.000000
0.000000
0.000000
0.000000
0.000000
0.000000
0.000000
0.000000
0.000000
0.000000
0.000000
0.000000
0.000000
0.000000
0.000000
0.000000
0.000000
0.000000
0.000000
0.000000
0.000000
0.000000
0.000000
0.000000
0.000000
0.000000
0.000000
0.000000
0.000000
0.000000
0.000000
0.000000
0.000000
0.000000
0.000000
0.000000
0.000000
0.000000
0.000000
0.000000
0.000000
0.000000
0.000000
0.000000
0.000000
0.000000
0.000000
0.000000
0.000000
0.000000
0.000000
0.000000
0.000000
0.000000
0.000000
0.000000
0.000000
0.000000
0.000000
0.000000
0.000000
0.000000
0.000000
0.000000
0.000000
0.000000
0.000000
0.000000
0.000000
0.000000
0.000000
0.000000
0.000000
0.000000
0.000000
0.000000
0.000000
0.000000
0.000000
0.000000
0.000000
0.000000
0.000000
