39.224000
68.148300
967.990000
236.710000
109.870000
67.667000
40.725000
27.799000
19.957000
14.117000
9.902200
7.554700
5.463200
3.910100
2.879300
2.150300
1.594800
1.379100
0.927680
0.872630
0.516260
0.488370
0.376270
0.208950
0.191180
0.125590
0.106370
0.089818
0.050099
0.042949
0.043235
0.037528
0.022835
0.020808
0.018455
0.011546
0.010169
0.005707
0.007272
0.002428
0.001673
0.003913
0.001790
0.000713
0.000471
0.001352
0.000338
0.000503
0.000111
0.000024
0.000328
0.000017
0.000150
0.000019
0.000004
0.000027
0.000029
0.000193
0.000000
0.000007
0.000004
0.000007
0.000000
0.000006
0.000003
0.000000
0.000000
0.000000
0.000000
0.000000
0.000000
0.000000
0.000000
0.000000
0.000000
0.000000
0.000000
0.000000
0.000000
0.000001
0.000000
0.000000
0.000000
0.000000
0.000000
0.000000
0.000000
0.000000
0.000000
0.000000
0.000000
0.000000
0.000000
0.000000
0.000000
0.000000
0.000000
0.000000
0.000000
0.000000
0.000000
0.000000
0.000000
0.000000
0.000000
0.000000
0.000000
0.000000
0.000000
0.000000
0.000000
0.000000
0.000000
0.000000
0.000000
0.000000
0.000000
0.000000
0.000000
0.000000
0.000000
0.000000
0.000000
0.000000
0.000000
0.000000
0.000000
0.000000
0.000000
0.000000
0.000000
0.000000
0.000000
0.000000
0.000000
0.000000
0.000000
0.000000
0.000000
0.000000
0.000000
0.000000
0.000000
0.000000
0.000000
0.000000
0.000000
0.000000
0.000000
0.000000
0.000000
0.000000
0.000000
0.000000
0.000000
0.000000
0.000000
0.000000
0.000000
0.000000
0.000000
0.000000
0.000000
0.000000
0.000000
0.000000
0.000000
0.000000
0.000000
0.000000
0.000000
0.000000
0.000000
0.000000
0.000000
0.000000
0.000000
0.000000
0.000000
0.000000
0.000000
0.000000
0.000000
0.000000
0.000000
0.000000
0.000000
0.000000
0.000000
0.000000
0.000000
0.000000
0.000000
0.000000
0.000000
0.000000
0.000000
0.000000
0.000000
0.000000
0.000000
0.000000
