36.937200
75.856900
975.550000
243.660000
108.580000
64.089000
40.655000
30.215000
19.668000
14.713000
10.350000
8.202800
5.644400
4.633500
3.249100
2.334100
1.782500
1.462300
1.007500
0.825990
0.444570
0.498240
0.356660
0.224980
0.208150
0.143110
0.112420
0.080200
0.077771
0.044311
0.045672
0.022642
0.022176
0.015965
0.022838
0.017669
0.009399
0.004717
0.004547
0.002085
0.001949
0.003992
0.002265
0.000613
0.000723
0.000160
0.000452
0.001061
0.000058
0.000231
0.000296
0.000042
0.000394
0.000014
0.000022
0.000006
0.000018
0.000006
0.000040
0.000140
0.000019
0.000002
0.000000
0.000000
0.000000
0.000005
0.000035
0.000000
0.000002
0.000004
0.000000
0.000000
0.000003
0.000000
0.000000
0.000000
0.000000
0.000000
0.000000
0.000000
0.000000
0.000000
0.000000
0.000000
0.000000
0.000000
0.000000
0.000000
0.000000
0.000000
0.000000
0.000000
0.000000
0.000000
0.000000
0.000000
0.000000
0.000000
0.000000
0.000000
0.000000
0.000000
0.000000
0.000000
0.000000
0.000000
0.000000
0.000000
0.000000
0.000000
0.000000
0.000000
0.000000
0.000000
0.000000
0.000000
0.000000
0.000000
0.000000
0.000000
0.000000
0.000000
0.000000
0.000000
0.000000
0.000000
0.000000
0.000000
0.000000
0.000000
0.000000
0.000000
0.000000
0.000000
0.000000
0.000000
0.000000
0.000000
0.000000
0.000000
0.000000
0.000000
0.000000
0.000000
0.000000
0.000000
0.000000
0.000000
0.000000
0.000000
0.000000
0.000000
0.000000
0.000000
0.000000
0.000000
0.000000
0.000000
0.000000
0.000000
0.000000
0.000000
0.000000
0.000000
0.000000
0.000000
0.000000
0.000000
0.000000
0.000000
0.000000
0.000000
0.000000
0.000000
0.000000
0.000000
0.000000
0.000000
0.000000
0.000000
0.000000
0.000000
0.000000
0.000000
0.000000
0.000000
0.000000
0.000000
0.000000
0.000000
0.000000
0.000000
0.000000
0.000000
0.000000
0.000000
0.000000
0.000000
0.000000
0.000000
0.000000
0.000000
