32.366300
63.412300
1059.200000
252.800000
123.210000
74.912000
50.647000
34.319000
22.638000
16.945000
12.328000
9.045500
7.381300
5.034100
3.956500
3.094500
2.459100
1.777000
1.467000
1.161900
0.815010
0.686280
0.528360
0.397340
0.302460
0.246200
0.163740
0.172380
0.092540
0.080036
0.050555
0.045671
0.055084
0.027873
0.025671
0.017214
0.012087
0.007343
0.008954
0.003682
0.005653
0.004901
0.002389
0.001316
0.002917
0.003784
0.001221
0.001458
0.000358
0.000748
0.000968
0.000058
0.000612
0.000094
0.000160
0.000517
0.000245
0.000012
0.000017
0.000046
0.000046
0.000010
0.000041
0.000038
0.000000
0.000003
0.000000
0.000000
0.000001
0.000000
0.000000
0.000000
0.000015
0.000000
0.000003
0.000000
0.000000
0.000000
0.000000
0.000000
0.000000
0.000000
0.000000
0.000000
0.000000
0.000000
0.000000
0.000000
0.000000
0.000000
0.000000
0.000000
0.000000
0.000000
0.000000
0.000000
0.000000
0.000000
0.000000
0.000000
0.000000
0.000000
0.000000
0.000000
0.000000
0.000000
0.000000
0.000000
0.000000
0.000000
0.000000
0.000000
0.000000
0.000000
0.000000
0.000000
0.000000
0.000000
0.000000
0.000000
0.000000
0.000000
0.000000
0.000000
0.000000
0.000000
0.000000
0.000000
0.000000
0.000000
0.000000
0.000000
0.000000
0.000000
0.000000
0.000000
0.000000
0.000000
0.000000
0.000000
0.000000
0.000000
0.000000
0.000000
0.000000
0.000000
0.000000
0.000000
0.000000
0.000000
0.000000
0.000000
0.000000
0.000000
0.000000
0.000000
0.000000
0.000000
0.000000
0.000000
0.000000
0.000000
0.000000
0.000000
0.000000
0.000000
0.000000
0.000000
0.000000
0.000000
0.000000
0.000000
0.000000
0.000000
0.000000
0.000000
0.000000
0.000000
0.000000
0.000000
0.000000
0.000000
0.000000
0.000000
0.000000
0.000000
0.000000
0.000000
0.000000
0.000000
0.000000
0.000000
0.000000
0.000000
0.000000
0.000000
0.000000
0.000000
0.000000
0.000000
0.000000
0.000000
