32.560900
67.189700
1047.000000
255.740000
121.790000
69.181000
45.233000
31.880000
21.448000
17.277000
11.964000
8.816900
6.518200
4.809300
3.923000
2.976500
2.069100
1.834000
1.443100
1.268300
0.834020
0.657200
0.525990
0.381820
0.291630
0.209410
0.208710
0.142450
0.149040
0.063685
0.051947
0.068607
0.041344
0.023196
0.030269
0.027125
0.015480
0.002806
0.008329
0.004190
0.003763
0.005798
0.001709
0.003423
0.000816
0.003029
0.001589
0.000662
0.000185
0.001287
0.000381
0.000149
0.000137
0.000078
0.000592
0.000014
0.000346
0.000010
0.000004
0.000063
0.000009
0.000095
0.000046
0.000000
0.000052
0.000000
0.000000
0.000000
0.000000
0.000000
0.000003
0.000000
0.000003
0.000001
0.000004
0.000000
0.000000
0.000000
0.000000
0.000000
0.000000
0.000000
0.000000
0.000000
0.000000
0.000000
0.000000
0.000000
0.000000
0.000000
0.000000
0.000000
0.000000
0.000000
0.000000
0.000000
0.000000
0.000000
0.000000
0.000000
0.000000
0.000000
0.000000
0.000000
0.000000
0.000000
0.000000
0.000000
0.000000
0.000000
0.000000
0.000000
0.000000
0.000000
0.000000
0.000000
0.000000
0.000000
0.000000
0.000000
0.000000
0.000000
0.000000
0.000000
0.000000
0.000000
0.000000
0.000000
0.000000
0.000000
0.000000
0.000000
0.000000
0.000000
0.000000
0.000000
0.000000
0.000000
0.000000
0.000000
0.000000
0.000000
0.000000
0.000000
0.000000
0.000000
0.000000
0.000000
0.000000
0.000000
0.000000
0.000000
0.000000
0.000000
0.000000
0.000000
0.000000
0.000000
0.000000
0.000000
0.000000
0.000000
0.000000
0.000000
0.000000
0.000000
0.000000
0.000000
0.000000
0.000000
0.000000
0.000000
0.000000
0.000000
0.000000
0.000000
0.000000
0.000000
0.000000
0.000000
0.000000
0.000000
0.000000
0.000000
0.000000
0.000000
0.000000
0.000000
0.000000
0.000000
0.000000
0.000000
0.000000
0.000000
0.000000
0.000000
0.000000
0.000000
0.000000
0.000000
0.000000
0.000000
