36.434900
61.074700
983.560000
248.140000
119.440000
67.477000
42.662000
29.505000
19.006000
15.546000
11.549000
8.630600
6.381500
4.383800
3.715000
2.631100
1.888400
1.468700
1.027800
1.005200
0.677610
0.553910
0.418930
0.293520
0.227310
0.191380
0.118120
0.096757
0.116260
0.053567
0.047163
0.051976
0.033232
0.035617
0.019249
0.017327
0.017904
0.008699
0.009586
0.006656
0.004444
0.001665
0.003543
0.004672
0.001402
0.001956
0.001226
0.001031
0.000373
0.000448
0.000241
0.000926
0.000532
0.000068
0.000177
0.000060
0.000126
0.000206
0.000000
0.000113
0.000000
0.000006
0.000000
0.000004
0.000013
0.000008
0.000000
0.000000
0.000000
0.000000
0.000000
0.000007
0.000002
0.000000
0.000000
0.000000
0.000000
0.000000
0.000000
0.000000
0.000000
0.000000
0.000000
0.000000
0.000000
0.000000
0.000000
0.000000
0.000000
0.000000
0.000000
0.000000
0.000000
0.000000
0.000000
0.000000
0.000000
0.000000
0.000000
0.000000
0.000000
0.000000
0.000000
0.000000
0.000000
0.000000
0.000000
0.000000
0.000000
0.000000
0.000000
0.000000
0.000000
0.000000
0.000000
0.000000
0.000000
0.000000
0.000000
0.000000
0.000000
0.000000
0.000000
0.000000
0.000000
0.000000
0.000000
0.000000
0.000000
0.000000
0.000000
0.000000
0.000000
0.000000
0.000000
0.000000
0.000000
0.000000
0.000000
0.000000
0.000000
0.000000
0.000000
0.000000
0.000000
0.000000
0.000000
0.000000
0.000000
0.000000
0.000000
0.000000
0.000000
0.000000
0.000000
0.000000
0.000000
0.000000
0.000000
0.000000
0.000000
0.000000
0.000000
0.000000
0.000000
0.000000
0.000000
0.000000
0.000000
0.000000
0.000000
0.000000
0.000000
0.000000
0.000000
0.000000
0.000000
0.000000
0.000000
0.000000
0.000000
0.000000
0.000000
0.000000
0.000000
0.000000
0.000000
0.000000
0.000000
0.000000
0.000000
0.000000
0.000000
0.000000
0.000000
0.000000
0.000000
0.000000
0.000000
0.000000
0.000000
0.000000
