23.880800
77.477100
1031.100000
280.290000
128.680000
84.051000
57.978000
40.586000
28.762000
20.381000
15.480000
10.726000
9.453300
5.745100
5.511900
3.850100
3.193300
2.202700
1.770800
1.445600
1.244700
0.726730
0.647980
0.532980
0.366250
0.383280
0.263740
0.227990
0.151900
0.145040
0.085572
0.065388
0.055902
0.073962
0.052647
0.053268
0.020846
0.014028
0.026054
0.008967
0.009901
0.006028
0.010594
0.009012
0.011815
0.002570
0.001073
0.003183
0.001857
0.000785
0.001564
0.000828
0.000034
0.000023
0.000995
0.000101
0.000516
0.000004
0.000308
0.000041
0.000059
0.000253
0.000006
0.000006
0.000000
0.000003
0.000005
0.000059
0.000008
0.000000
0.000006
0.000000
0.000000
0.000000
0.000000
0.000008
0.000003
0.000000
0.000000
0.000000
0.000000
0.000000
0.000000
0.000000
0.000000
0.000000
0.000000
0.000000
0.000000
0.000000
0.000000
0.000000
0.000000
0.000000
0.000000
0.000000
0.000000
0.000000
0.000000
0.000000
0.000000
0.000000
0.000000
0.000000
0.000000
0.000000
0.000000
0.000000
0.000000
0.000000
0.000000
0.000000
0.000000
0.000000
0.000000
0.000000
0.000000
0.000000
0.000000
0.000000
0.000000
0.000000
0.000000
0.000000
0.000000
0.000000
0.000000
0.000000
0.000000
0.000000
0.000000
0.000000
0.000000
0.000000
0.000000
0.000000
0.000000
0.000000
0.000000
0.000000
0.000000
0.000000
0.000000
0.000000
0.000000
0.000000
0.000000
0.000000
0.000000
0.000000
0.000000
0.000000
0.000000
0.000000
0.000000
0.000000
0.000000
0.000000
0.000000
0.000000
0.000000
0.000000
0.000000
0.000000
0.000000
0.000000
0.000000
0.000000
0.000000
0.000000
0.000000
0.000000
0.000000
0.000000
0.000000
0.000000
0.000000
0.000000
0.000000
0.000000
0.000000
0.000000
0.000000
0.000000
0.000000
0.000000
0.000000
0.000000
0.000000
0.000000
0.000000
0.000000
0.000000
0.000000
0.000000
0.000000
0.000000
0.000000
0.000000
0.000000
0.000000
0.000000
