27.482800
73.933600
1142.900000
288.180000
124.670000
75.123000
51.744000
35.867000
25.121000
19.986000
14.242000
9.985400
7.921200
5.449300
4.452500
3.859800
2.708400
1.966300
1.514500
1.077300
0.952020
0.819470
0.487170
0.522520
0.373490
0.271510
0.183350
0.261880
0.101790
0.109870
0.062935
0.081153
0.059636
0.041819
0.021677
0.013671
0.019808
0.016049
0.016921
0.010714
0.020455
0.008873
0.003332
0.003799
0.001997
0.001534
0.000609
0.000810
0.000637
0.000361
0.001951
0.000169
0.000046
0.000286
0.000023
0.000106
0.000019
0.000065
0.000002
0.000146
0.000123
0.000000
0.000143
0.000000
0.000006
0.000000
0.000000
0.000000
0.000003
0.000000
0.000000
0.000003
0.000004
0.000001
0.000000
0.000000
0.000000
0.000000
0.000113
0.000000
0.000000
0.000000
0.000000
0.000000
0.000000
0.000000
0.000000
0.000000
0.000000
0.000000
0.000000
0.000000
0.000000
0.000000
0.000000
0.000000
0.000000
0.000000
0.000000
0.000000
0.000000
0.000000
0.000000
0.000000
0.000000
0.000000
0.000000
0.000000
0.000000
0.000000
0.000000
0.000000
0.000000
0.000000
0.000000
0.000000
0.000000
0.000000
0.000000
0.000000
0.000000
0.000000
0.000000
0.000000
0.000000
0.000000
0.000000
0.000000
0.000000
0.000000
0.000000
0.000000
0.000000
0.000000
0.000000
0.000000
0.000000
0.000000
0.000000
0.000000
0.000000
0.000000
0.000000
0.000000
0.000000
0.000000
0.000000
0.000000
0.000000
0.000000
0.000000
0.000000
0.000000
0.000000
0.000000
0.000000
0.000000
0.000000
0.000000
0.000000
0.000000
0.000000
0.000000
0.000000
0.000000
0.000000
0.000000
0.000000
0.000000
0.000000
0.000000
0.000000
0.000000
0.000000
0.000000
0.000000
0.000000
0.000000
0.000000
0.000000
0.000000
0.000000
0.000000
0.000000
0.000000
0.000000
0.000000
0.000000
0.000000
0.000000
0.000000
0.000000
0.000000
0.000000
0.000000
0.000000
0.000000
0.000000
0.000000
0.000000
0.000000
0.000000
