33.015900
67.087900
1011.900000
274.570000
114.440000
72.355000
46.096000
34.679000
21.341000
15.555000
10.915000
9.051600
6.690300
5.080800
4.163300
2.932500
2.228900
1.695200
1.301200
1.051700
0.774740
0.504850
0.459000
0.348780
0.224120
0.257500
0.196450
0.131550
0.101200
0.073540
0.065966
0.043637
0.035224
0.038592
0.020707
0.023430
0.010966
0.013763
0.007509
0.009311
0.002749
0.001114
0.001698
0.004709
0.002296
0.001322
0.001576
0.002753
0.000605
0.000364
0.000658
0.000265
0.000148
0.000916
0.000295
0.000093
0.000018
0.000044
0.000265
0.000023
0.000002
0.000157
0.000002
0.000002
0.000016
0.000002
0.000005
0.000062
0.000000
0.000014
0.000000
0.000011
0.000000
0.000000
0.000000
0.000000
0.000000
0.000000
0.000000
0.000000
0.000000
0.000000
0.000000
0.000000
0.000000
0.000000
0.000000
0.000000
0.000000
0.000000
0.000000
0.000000
0.000000
0.000000
0.000000
0.000000
0.000000
0.000000
0.000000
0.000000
0.000000
0.000000
0.000000
0.000000
0.000000
0.000000
0.000000
0.000000
0.000000
0.000000
0.000000
0.000000
0.000000
0.000000
0.000000
0.000000
0.000000
0.000000
0.000000
0.000000
0.000000
0.000000
0.000000
0.000000
0.000000
0.000000
0.000000
0.000000
0.000000
0.000000
0.000000
0.000000
0.000000
0.000000
0.000000
0.000000
0.000000
0.000000
0.000000
0.000000
0.000000
0.000000
0.000000
0.000000
0.000000
0.000000
0.000000
0.000000
0.000000
0.000000
0.000000
0.000000
0.000000
0.000000
0.000000
0.000000
0.000000
0.000000
0.000000
0.000000
0.000000
0.000000
0.000000
0.000000
0.000000
0.000000
0.000000
0.000000
0.000000
0.000000
0.000000
0.000000
0.000000
0.000000
0.000000
0.000000
0.000000
0.000000
0.000000
0.000000
0.000000
0.000000
0.000000
0.000000
0.000000
0.000000
0.000000
0.000000
0.000000
0.000000
0.000000
0.000000
0.000000
0.000000
0.000000
0.000000
0.000000
0.000000
0.000000
0.000000
0.000000
0.000000
