28.071900
77.178200
1092.400000
273.810000
124.050000
77.711000
47.259000
34.539000
24.464000
16.439000
13.097000
10.168000
8.204600
6.050700
4.389500
3.512700
2.554600
1.905600
1.455700
1.110100
1.017200
0.726450
0.438930
0.468330
0.355650
0.215370
0.195180
0.146310
0.154830
0.081383
0.082706
0.073853
0.042091
0.039161
0.030469
0.022043
0.017085
0.007738
0.013522
0.006972
0.002223
0.005035
0.001624
0.002360
0.001133
0.001186
0.002443
0.000471
0.000933
0.000569
0.000177
0.000329
0.000249
0.000373
0.000015
0.000050
0.000410
0.000066
0.000166
0.000008
0.000301
0.000002
0.000015
0.000000
0.000000
0.000001
0.000000
0.000001
0.000000
0.000000
0.000000
0.000000
0.000000
0.000000
0.000000
0.000000
0.000000
0.000000
0.000000
0.000000
0.000000
0.000000
0.000000
0.000000
0.000000
0.000000
0.000000
0.000000
0.000000
0.000000
0.000000
0.000000
0.000000
0.000000
0.000000
0.000000
0.000000
0.000000
0.000000
0.000000
0.000000
0.000000
0.000000
0.000000
0.000000
0.000000
0.000000
0.000000
0.000000
0.000000
0.000000
0.000000
0.000000
0.000000
0.000000
0.000000
0.000000
0.000000
0.000000
0.000000
0.000000
0.000000
0.000000
0.000000
0.000000
0.000000
0.000000
0.000000
0.000000
0.000000
0.000000
0.000000
0.000000
0.000000
0.000000
0.000000
0.000000
0.000000
0.000000
0.000000
0.000000
0.000000
0.000000
0.000000
0.000000
0.000000
0.000000
0.000000
0.000000
0.000000
0.000000
0.000000
0.000000
0.000000
0.000000
0.000000
0.000000
0.000000
0.000000
0.000000
0.000000
0.000000
0.000000
0.000000
0.000000
0.000000
0.000000
0.000000
0.000000
0.000000
0.000000
0.000000
0.000000
0.000000
0.000000
0.000000
0.000000
0.000000
0.000000
0.000000
0.000000
0.000000
0.000000
0.000000
0.000000
0.000000
0.000000
0.000000
0.000000
0.000000
0.000000
0.000000
0.000000
0.000000
0.000000
0.000000
0.000000
0.000000
0.000000
0.000000
0.000000
0.000000
