24.768500
78.412100
1081.300000
273.510000
127.400000
82.745000
52.872000
39.840000
28.583000
19.414000
13.702000
11.098000
8.129600
6.577400
5.079600
3.739500
2.571600
2.161900
1.700300
1.514900
1.064400
0.869240
0.657720
0.550060
0.385700
0.307600
0.298730
0.181350
0.101690
0.084665
0.126540
0.096699
0.065322
0.055139
0.050735
0.025107
0.033660
0.024190
0.013856
0.007216
0.007360
0.010580
0.006609
0.002376
0.001158
0.000764
0.002679
0.000323
0.001235
0.003120
0.000325
0.000878
0.000824
0.000035
0.000426
0.000066
0.000067
0.000323
0.000012
0.000016
0.000024
0.000003
0.000085
0.000016
0.000002
0.000023
0.000005
0.000000
0.000002
0.000000
0.000001
0.000000
0.000000
0.000000
0.000000
0.000019
0.000000
0.000000
0.000000
0.000000
0.000000
0.000000
0.000000
0.000000
0.000000
0.000000
0.000000
0.000000
0.000000
0.000000
0.000000
0.000000
0.000000
0.000000
0.000000
0.000000
0.000000
0.000000
0.000000
0.000000
0.000000
0.000000
0.000000
0.000000
0.000000
0.000000
0.000000
0.000000
0.000000
0.000000
0.000000
0.000000
0.000000
0.000000
0.000000
0.000000
0.000000
0.000000
0.000000
0.000000
0.000000
0.000000
0.000000
0.000000
0.000000
0.000000
0.000000
0.000000
0.000000
0.000000
0.000000
0.000000
0.000000
0.000000
0.000000
0.000000
0.000000
0.000000
0.000000
0.000000
0.000000
0.000000
0.000000
0.000000
0.000000
0.000000
0.000000
0.000000
0.000000
0.000000
0.000000
0.000000
0.000000
0.000000
0.000000
0.000000
0.000000
0.000000
0.000000
0.000000
0.000000
0.000000
0.000000
0.000000
0.000000
0.000000
0.000000
0.000000
0.000000
0.000000
0.000000
0.000000
0.000000
0.000000
0.000000
0.000000
0.000000
0.000000
0.000000
0.000000
0.000000
0.000000
0.000000
0.000000
0.000000
0.000000
0.000000
0.000000
0.000000
0.000000
0.000000
0.000000
0.000000
0.000000
0.000000
0.000000
0.000000
0.000000
0.000000
0.000000
0.000000
0.000000
