28.781700
67.141900
1035.200000
300.540000
127.470000
76.927000
52.851000
35.912000
25.002000
17.888000
15.055000
10.054000
7.359800
5.293000
4.790200
3.500800
2.720000
2.028300
1.596200
1.250900
0.958070
0.576120
0.437720
0.442060
0.349230
0.269200
0.202680
0.155720
0.108240
0.094427
0.088556
0.061096
0.034909
0.041629
0.027718
0.038163
0.027636
0.006134
0.016749
0.009143
0.016381
0.003488
0.001541
0.000779
0.003783
0.004078
0.002697
0.000588
0.000771
0.001327
0.001017
0.000290
0.000215
0.000975
0.000375
0.000069
0.000072
0.000023
0.000034
0.000038
0.000105
0.000005
0.000000
0.000009
0.000001
0.000005
0.000000
0.000000
0.000010
0.000000
0.000000
0.000022
0.000000
0.000000
0.000000
0.000000
0.000000
0.000000
0.000000
0.000000
0.000000
0.000000
0.000000
0.000000
0.000000
0.000000
0.000000
0.000000
0.000000
0.000000
0.000000
0.000000
0.000000
0.000000
0.000000
0.000000
0.000000
0.000000
0.000000
0.000000
0.000000
0.000000
0.000000
0.000000
0.000000
0.000000
0.000000
0.000000
0.000000
0.000000
0.000000
0.000000
0.000000
0.000000
0.000000
0.000000
0.000000
0.000000
0.000000
0.000000
0.000000
0.000000
0.000000
0.000000
0.000000
0.000000
0.000000
0.000000
0.000000
0.000000
0.000000
0.000000
0.000000
0.000000
0.000000
0.000000
0.000000
0.000000
0.000000
0.000000
0.000000
0.000000
0.000000
0.000000
0.000000
0.000000
0.000000
0.000000
0.000000
0.000000
0.000000
0.000000
0.000000
0.000000
0.000000
0.000000
0.000000
0.000000
0.000000
0.000000
0.000000
0.000000
0.000000
0.000000
0.000000
0.000000
0.000000
0.000000
0.000000
0.000000
0.000000
0.000000
0.000000
0.000000
0.000000
0.000000
0.000000
0.000000
0.000000
0.000000
0.000000
0.000000
0.000000
0.000000
0.000000
0.000000
0.000000
0.000000
0.000000
0.000000
0.000000
0.000000
0.000000
0.000000
0.000000
0.000000
0.000000
0.000000
0.000000
0.000000
0.000000
0.000000
