26.772200
69.389600
1061.300000
286.180000
120.570000
82.755000
52.730000
33.961000
26.254000
20.666000
15.238000
10.486000
8.057500
6.471600
5.109900
3.590800
2.870800
2.152200
1.669600
1.287800
0.944910
0.846910
0.601930
0.623000
0.444920
0.376450
0.257400
0.209370
0.179000
0.112720
0.061354
0.051342
0.056951
0.038600
0.030186
0.019911
0.022475
0.009382
0.013807
0.006543
0.015360
0.013168
0.008228
0.003963
0.004520
0.005290
0.000520
0.003704
0.000851
0.000625
0.000462
0.000597
0.000575
0.000475
0.000167
0.000033
0.000047
0.001503
0.000052
0.000047
0.000020
0.000111
0.000031
0.000050
0.000015
0.000009
0.000156
0.000000
0.000007
0.000001
0.000000
0.000005
0.000000
0.000004
0.000000
0.000000
0.000000
0.000000
0.000000
0.000000
0.000000
0.000000
0.000000
0.000000
0.000000
0.000000
0.000000
0.000000
0.000000
0.000000
0.000000
0.000000
0.000000
0.000000
0.000000
0.000000
0.000000
0.000000
0.000000
0.000000
0.000000
0.000000
0.000000
0.000000
0.000000
0.000000
0.000000
0.000000
0.000000
0.000000
0.000000
0.000000
0.000000
0.000000
0.000000
0.000000
0.000000
0.000000
0.000000
0.000000
0.000000
0.000000
0.000000
0.000000
0.000000
0.000000
0.000000
0.000000
0.000000
0.000000
0.000000
0.000000
0.000000
0.000000
0.000000
0.000000
0.000000
0.000000
0.000000
0.000000
0.000000
0.000000
0.000000
0.000000
0.000000
0.000000
0.000000
0.000000
0.000000
0.000000
0.000000
0.000000
0.000000
0.000000
0.000000
0.000000
0.000000
0.000000
0.000000
0.000000
0.000000
0.000000
0.000000
0.000000
0.000000
0.000000
0.000000
0.000000
0.000000
0.000000
0.000000
0.000000
0.000000
0.000000
0.000000
0.000000
0.000000
0.000000
0.000000
0.000000
0.000000
0.000000
0.000000
0.000000
0.000000
0.000000
0.000000
0.000000
0.000000
0.000000
0.000000
0.000000
0.000000
0.000000
0.000000
0.000000
0.000000
0.000000
0.000000
0.000000
0.000000
0.000000
