37.299900
72.427600
1057.400000
242.950000
115.650000
67.785000
41.767000
29.532000
20.785000
14.488000
9.227100
7.977700
5.132700
3.796300
3.299900
2.220100
1.669400
1.246900
1.194700
0.746810
0.507970
0.451100
0.309010
0.254180
0.178950
0.143020
0.118890
0.076388
0.076183
0.049840
0.029656
0.035933
0.016410
0.008245
0.007255
0.006773
0.007017
0.005989
0.004310
0.001958
0.002446
0.002808
0.002600
0.000795
0.000475
0.000558
0.000188
0.000554
0.000201
0.000354
0.000644
0.000146
0.000315
0.000270
0.000111
0.000018
0.000004
0.000035
0.000020
0.000165
0.000000
0.000006
0.000000
0.000000
0.000000
0.000000
0.000000
0.000000
0.000002
0.000000
0.000000
0.000005
0.000000
0.000000
0.000007
0.000000
0.000000
0.000000
0.000000
0.000000
0.000000
0.000000
0.000000
0.000000
0.000000
0.000000
0.000000
0.000000
0.000000
0.000000
0.000000
0.000000
0.000000
0.000000
0.000000
0.000000
0.000000
0.000000
0.000000
0.000000
0.000000
0.000000
0.000000
0.000000
0.000000
0.000000
0.000000
0.000000
0.000000
0.000000
0.000000
0.000000
0.000000
0.000000
0.000000
0.000000
0.000000
0.000000
0.000000
0.000000
0.000000
0.000000
0.000000
0.000000
0.000000
0.000000
0.000000
0.000000
0.000000
0.000000
0.000000
0.000000
0.000000
0.000000
0.000000
0.000000
0.000000
0.000000
0.000000
0.000000
0.000000
0.000000
0.000000
0.000000
0.000000
0.000000
0.000000
0.000000
0.000000
0.000000
0.000000
0.000000
0.000000
0.000000
0.000000
0.000000
0.000000
0.000000
0.000000
0.000000
0.000000
0.000000
0.000000
0.000000
0.000000
0.000000
0.000000
0.000000
0.000000
0.000000
0.000000
0.000000
0.000000
0.000000
0.000000
0.000000
0.000000
0.000000
0.000000
0.000000
0.000000
0.000000
0.000000
0.000000
0.000000
0.000000
0.000000
0.000000
0.000000
0.000000
0.000000
0.000000
0.000000
0.000000
0.000000
0.000000
0.000000
0.000000
0.000000
0.000000
0.000000
0.000000
