38.153000
77.533500
947.020000
253.890000
118.620000
62.231000
38.935000
27.474000
18.565000
12.989000
9.627800
7.463800
5.746100
3.975500
2.725800
2.260300
1.580700
1.194000
1.018000
0.679970
0.516340
0.446160
0.299120
0.237130
0.139310
0.143700
0.115420
0.068828
0.068512
0.029953
0.047619
0.038316
0.017268
0.021270
0.005625
0.016529
0.005770
0.010158
0.006331
0.001152
0.000895
0.001398
0.001444
0.000358
0.003260
0.000762
0.000582
0.000381
0.000355
0.000091
0.000025
0.000537
0.000038
0.000017
0.000002
0.000072
0.000021
0.000056
0.000022
0.000008
0.000000
0.000002
0.000005
0.000000
0.000000
0.000000
0.000000
0.000000
0.000000
0.000000
0.000000
0.000001
0.000000
0.000000
0.000000
0.000000
0.000000
0.000000
0.000000
0.000000
0.000000
0.000000
0.000000
0.000000
0.000000
0.000000
0.000000
0.000000
0.000000
0.000000
0.000000
0.000000
0.000000
0.000000
0.000000
0.000000
0.000000
0.000000
0.000000
0.000000
0.000000
0.000000
0.000000
0.000000
0.000000
0.000000
0.000000
0.000000
0.000000
0.000000
0.000000
0.000000
0.000000
0.000000
0.000000
0.000000
0.000000
0.000000
0.000000
0.000000
0.000000
0.000000
0.000000
0.000000
0.000000
0.000000
0.000000
0.000000
0.000000
0.000000
0.000000
0.000000
0.000000
0.000000
0.000000
0.000000
0.000000
0.000000
0.000000
0.000000
0.000000
0.000000
0.000000
0.000000
0.000000
0.000000
0.000000
0.000000
0.000000
0.000000
0.000000
0.000000
0.000000
0.000000
0.000000
0.000000
0.000000
0.000000
0.000000
0.000000
0.000000
0.000000
0.000000
0.000000
0.000000
0.000000
0.000000
0.000000
0.000000
0.000000
0.000000
0.000000
0.000000
0.000000
0.000000
0.000000
0.000000
0.000000
0.000000
0.000000
0.000000
0.000000
0.000000
0.000000
0.000000
0.000000
0.000000
0.000000
0.000000
0.000000
0.000000
0.000000
0.000000
0.000000
0.000000
0.000000
0.000000
0.000000
0.000000
0.000000
0.000000
0.000000
