24.904500
69.116500
1034.700000
289.500000
137.710000
80.367000
55.912000
38.201000
26.642000
19.561000
15.676000
12.018000
8.237300
6.827300
5.098600
4.124300
2.926900
2.720900
2.037700
1.438000
1.079100
0.841210
0.703980
0.610070
0.536780
0.356910
0.299460
0.222450
0.150080
0.127200
0.124560
0.086553
0.068979
0.053724
0.028422
0.040847
0.025045
0.029782
0.008344
0.027500
0.007825
0.006076
0.009738
0.006187
0.002610
0.001161
0.003862
0.001973
0.000391
0.003369
0.000680
0.001011
0.000142
0.000164
0.000806
0.000077
0.000097
0.000247
0.000883
0.000036
0.000020
0.000008
0.000006
0.000353
0.000028
0.000009
0.000000
0.000029
0.000019
0.000000
0.000000
0.000005
0.000000
0.000001
0.000000
0.000000
0.000000
0.000000
0.000000
0.000000
0.000000
0.000000
0.000000
0.000000
0.000000
0.000000
0.000000
0.000000
0.000000
0.000000
0.000000
0.000000
0.000000
0.000000
0.000000
0.000000
0.000000
0.000000
0.000000
0.000000
0.000000
0.000000
0.000000
0.000000
0.000000
0.000000
0.000000
0.000000
0.000000
0.000000
0.000000
0.000000
0.000000
0.000000
0.000000
0.000000
0.000000
0.000000
0.000000
0.000000
0.000000
0.000000
0.000000
0.000000
0.000000
0.000000
0.000000
0.000000
0.000000
0.000000
0.000000
0.000000
0.000000
0.000000
0.000000
0.000000
0.000000
0.000000
0.000000
0.000000
0.000000
0.000000
0.000000
0.000000
0.000000
0.000000
0.000000
0.000000
0.000000
0.000000
0.000000
0.000000
0.000000
0.000000
0.000000
0.000000
0.000000
0.000000
0.000000
0.000000
0.000000
0.000000
0.000000
0.000000
0.000000
0.000000
0.000000
0.000000
0.000000
0.000000
0.000000
0.000000
0.000000
0.000000
0.000000
0.000000
0.000000
0.000000
0.000000
0.000000
0.000000
0.000000
0.000000
0.000000
0.000000
0.000000
0.000000
0.000000
0.000000
0.000000
0.000000
0.000000
0.000000
0.000000
0.000000
0.000000
0.000000
0.000000
0.000000
0.000000
0.000000
0.000000
