20.454100
65.443100
1143.500000
274.960000
149.410000
84.787000
62.475000
43.178000
30.128000
23.756000
16.922000
12.867000
9.800700
7.367700
7.187800
4.752500
3.721500
2.999400
2.148300
1.823900
1.553200
1.009600
1.081000
0.845260
0.623230
0.540590
0.446890
0.255720
0.276950
0.183480
0.133310
0.105280
0.140080
0.094913
0.044977
0.055826
0.055820
0.018205
0.014309
0.010593
0.016506
0.023005
0.010223
0.014246
0.011217
0.006278
0.006954
0.001109
0.001609
0.001145
0.000525
0.000793
0.000868
0.000033
0.000259
0.000221
0.000399
0.001851
0.000121
0.000149
0.000112
0.000046
0.000015
0.001092
0.000035
0.000417
0.000002
0.000008
0.000056
0.000076
0.000000
0.000005
0.000000
0.000000
0.000003
0.000000
0.000000
0.000000
0.000000
0.000000
0.000000
0.000000
0.000000
0.000000
0.000000
0.000000
0.000000
0.000000
0.000000
0.000000
0.000000
0.000000
0.000000
0.000000
0.000000
0.000000
0.000000
0.000000
0.000000
0.000000
0.000000
0.000000
0.000000
0.000000
0.000000
0.000000
0.000000
0.000000
0.000000
0.000000
0.000000
0.000000
0.000000
0.000000
0.000000
0.000000
0.000000
0.000000
0.000000
0.000000
0.000000
0.000000
0.000000
0.000000
0.000000
0.000000
0.000000
0.000000
0.000000
0.000000
0.000000
0.000000
0.000000
0.000000
0.000000
0.000000
0.000000
0.000000
0.000000
0.000000
0.000000
0.000000
0.000000
0.000000
0.000000
0.000000
0.000000
0.000000
0.000000
0.000000
0.000000
0.000000
0.000000
0.000000
0.000000
0.000000
0.000000
0.000000
0.000000
0.000000
0.000000
0.000000
0.000000
0.000000
0.000000
0.000000
0.000000
0.000000
0.000000
0.000000
0.000000
0.000000
0.000000
0.000000
0.000000
0.000000
0.000000
0.000000
0.000000
0.000000
0.000000
0.000000
0.000000
0.000000
0.000000
0.000000
0.000000
0.000000
0.000000
0.000000
0.000000
0.000000
0.000000
0.000000
0.000000
0.000000
0.000000
0.000000
0.000000
0.000000
0.000000
0.000000
