32.248600
67.303100
1030.200000
260.660000
126.510000
75.941000
49.887000
35.637000
22.354000
16.331000
12.871000
9.736800
6.976900
4.829200
3.935300
2.728000
2.693700
1.727600
1.427600
0.973820
0.878530
0.590790
0.608060
0.408990
0.258020
0.270800
0.158590
0.163340
0.087686
0.090322
0.056595
0.059938
0.033415
0.029854
0.030463
0.018042
0.011358
0.010369
0.006688
0.008713
0.006516
0.002626
0.003847
0.001945
0.001632
0.002193
0.000570
0.001579
0.000404
0.000367
0.000271
0.000254
0.000055
0.000032
0.000912
0.000019
0.000015
0.000236
0.000006
0.000047
0.000009
0.000004
0.000001
0.000000
0.000008
0.000000
0.000000
0.000017
0.000000
0.000001
0.000000
0.000000
0.000001
0.000000
0.000000
0.000000
0.000000
0.000000
0.000000
0.000000
0.000000
0.000000
0.000000
0.000000
0.000000
0.000000
0.000000
0.000000
0.000000
0.000000
0.000000
0.000000
0.000000
0.000000
0.000000
0.000000
0.000000
0.000000
0.000000
0.000000
0.000000
0.000000
0.000000
0.000000
0.000000
0.000000
0.000000
0.000000
0.000000
0.000000
0.000000
0.000000
0.000000
0.000000
0.000000
0.000000
0.000000
0.000000
0.000000
0.000000
0.000000
0.000000
0.000000
0.000000
0.000000
0.000000
0.000000
0.000000
0.000000
0.000000
0.000000
0.000000
0.000000
0.000000
0.000000
0.000000
0.000000
0.000000
0.000000
0.000000
0.000000
0.000000
0.000000
0.000000
0.000000
0.000000
0.000000
0.000000
0.000000
0.000000
0.000000
0.000000
0.000000
0.000000
0.000000
0.000000
0.000000
0.000000
0.000000
0.000000
0.000000
0.000000
0.000000
0.000000
0.000000
0.000000
0.000000
0.000000
0.000000
0.000000
0.000000
0.000000
0.000000
0.000000
0.000000
0.000000
0.000000
0.000000
0.000000
0.000000
0.000000
0.000000
0.000000
0.000000
0.000000
0.000000
0.000000
0.000000
0.000000
0.000000
0.000000
0.000000
0.000000
0.000000
0.000000
0.000000
0.000000
0.000000
0.000000
0.000000
0.000000
0.000000
