39.576500
63.198200
999.960000
233.580000
115.160000
63.586000
43.128000
28.689000
19.457000
14.157000
9.994900
7.193500
5.442300
4.317700
3.309000
2.201700
1.800400
1.442500
0.954800
0.845940
0.640050
0.551430
0.337070
0.239510
0.246070
0.153600
0.112460
0.074742
0.048330
0.040488
0.045937
0.045889
0.029784
0.015857
0.014713
0.014039
0.010747
0.004313
0.004440
0.002403
0.001855
0.005854
0.002165
0.002785
0.002401
0.000326
0.000385
0.000164
0.000425
0.000150
0.000073
0.000082
0.000027
0.000230
0.000129
0.000030
0.000091
0.000072
0.000008
0.000155
0.000030
0.000004
0.000057
0.000002
0.000006
0.000000
0.000002
0.000000
0.000000
0.000000
0.000000
0.000000
0.000000
0.000005
0.000000
0.000000
0.000000
0.000003
0.000000
0.000000
0.000000
0.000000
0.000000
0.000000
0.000000
0.000000
0.000000
0.000000
0.000000
0.000000
0.000000
0.000000
0.000000
0.000000
0.000000
0.000000
0.000000
0.000000
0.000000
0.000000
0.000000
0.000000
0.000000
0.000000
0.000000
0.000000
0.000000
0.000000
0.000000
0.000000
0.000000
0.000000
0.000000
0.000000
0.000000
0.000000
0.000000
0.000000
0.000000
0.000000
0.000000
0.000000
0.000000
0.000000
0.000000
0.000000
0.000000
0.000000
0.000000
0.000000
0.000000
0.000000
0.000000
0.000000
0.000000
0.000000
0.000000
0.000000
0.000000
0.000000
0.000000
0.000000
0.000000
0.000000
0.000000
0.000000
0.000000
0.000000
0.000000
0.000000
0.000000
0.000000
0.000000
0.000000
0.000000
0.000000
0.000000
0.000000
0.000000
0.000000
0.000000
0.000000
0.000000
0.000000
0.000000
0.000000
0.000000
0.000000
0.000000
0.000000
0.000000
0.000000
0.000000
0.000000
0.000000
0.000000
0.000000
0.000000
0.000000
0.000000
0.000000
0.000000
0.000000
0.000000
0.000000
0.000000
0.000000
0.000000
0.000000
0.000000
0.000000
0.000000
0.000000
0.000000
0.000000
0.000000
0.000000
0.000000
0.000000
0.000000
0.000000
0.000000
