21.858500
64.765000
1053.700000
279.800000
141.550000
90.566000
56.500000
41.816000
30.606000
21.082000
16.578000
11.128000
9.449300
7.844000
6.254500
4.608500
3.193100
3.032600
1.773000
1.755500
1.099200
1.079600
0.732670
0.617940
0.572000
0.453700
0.438640
0.276480
0.270430
0.184470
0.158890
0.077390
0.079981
0.047620
0.072202
0.070220
0.046307
0.035280
0.016726
0.030965
0.008874
0.018378
0.007304
0.017010
0.006527
0.003929
0.003588
0.002151
0.000883
0.005129
0.000897
0.002271
0.002706
0.000200
0.000037
0.000035
0.000706
0.000020
0.000161
0.000015
0.000034
0.000008
0.000094
0.000002
0.000234
0.000004
0.000000
0.000008
0.000003
0.000000
0.000018
0.000000
0.000002
0.000004
0.000001
0.000000
0.000022
0.000000
0.000000
0.000000
0.000001
0.000000
0.000003
0.000000
0.000000
0.000000
0.000000
0.000000
0.000000
0.000000
0.000000
0.000000
0.000000
0.000000
0.000000
0.000000
0.000000
0.000000
0.000000
0.000000
0.000000
0.000000
0.000000
0.000000
0.000000
0.000000
0.000000
0.000000
0.000000
0.000000
0.000000
0.000000
0.000000
0.000000
0.000000
0.000000
0.000000
0.000000
0.000000
0.000000
0.000000
0.000000
0.000000
0.000000
0.000000
0.000000
0.000000
0.000000
0.000000
0.000000
0.000000
0.000000
0.000000
0.000000
0.000000
0.000000
0.000000
0.000000
0.000000
0.000000
0.000000
0.000000
0.000000
0.000000
0.000000
0.000000
0.000000
0.000000
0.000000
0.000000
0.000000
0.000000
0.000000
0.000000
0.000000
0.000000
0.000000
0.000000
0.000000
0.000000
0.000000
0.000000
0.000000
0.000000
0.000000
0.000000
0.000000
0.000000
0.000000
0.000000
0.000000
0.000000
0.000000
0.000000
0.000000
0.000000
0.000000
0.000000
0.000000
0.000000
0.000000
0.000000
0.000000
0.000000
0.000000
0.000000
0.000000
0.000000
0.000000
0.000000
0.000000
0.000000
0.000000
0.000000
0.000000
0.000000
0.000000
0.000000
0.000000
0.000000
0.000000
0.000000
