24.847800
64.817600
1102.200000
262.070000
140.360000
79.773000
53.032000
39.718000
26.429000
22.826000
15.840000
12.591000
8.724400
6.653200
5.047500
3.736500
2.884400
2.395000
1.874700
1.493100
1.148300
0.892330
0.746150
0.574860
0.526580
0.357580
0.286890
0.187100
0.158340
0.135860
0.125100
0.074027
0.076935
0.050006
0.026182
0.041111
0.035890
0.025104
0.019051
0.013574
0.012034
0.015396
0.003693
0.008293
0.005471
0.003815
0.005298
0.000879
0.000227
0.001168
0.000184
0.000558
0.000136
0.001149
0.000236
0.000202
0.000031
0.000085
0.000259
0.000000
0.000129
0.000020
0.000057
0.000015
0.000006
0.000014
0.000000
0.000001
0.000000
0.000000
0.000000
0.000000
0.000000
0.000036
0.000000
0.000006
0.000000
0.000000
0.000000
0.000000
0.000000
0.000000
0.000000
0.000001
0.000000
0.000000
0.000000
0.000000
0.000000
0.000000
0.000000
0.000000
0.000000
0.000000
0.000000
0.000000
0.000000
0.000000
0.000000
0.000000
0.000000
0.000000
0.000000
0.000000
0.000000
0.000000
0.000000
0.000000
0.000000
0.000000
0.000000
0.000000
0.000000
0.000000
0.000000
0.000000
0.000000
0.000000
0.000000
0.000000
0.000000
0.000000
0.000000
0.000000
0.000000
0.000000
0.000000
0.000000
0.000000
0.000000
0.000000
0.000000
0.000000
0.000000
0.000000
0.000000
0.000000
0.000000
0.000000
0.000000
0.000000
0.000000
0.000000
0.000000
0.000000
0.000000
0.000000
0.000000
0.000000
0.000000
0.000000
0.000000
0.000000
0.000000
0.000000
0.000000
0.000000
0.000000
0.000000
0.000000
0.000000
0.000000
0.000000
0.000000
0.000000
0.000000
0.000000
0.000000
0.000000
0.000000
0.000000
0.000000
0.000000
0.000000
0.000000
0.000000
0.000000
0.000000
0.000000
0.000000
0.000000
0.000000
0.000000
0.000000
0.000000
0.000000
0.000000
0.000000
0.000000
0.000000
0.000000
0.000000
0.000000
0.000000
0.000000
0.000000
0.000000
0.000000
0.000000
0.000000
0.000000
0.000000
