28.186100
67.829800
1048.200000
251.800000
125.660000
73.488000
48.482000
35.410000
23.767000
19.362000
14.508000
10.619000
7.809900
6.109200
5.201400
3.432300
2.655600
1.793800
1.824800
1.082800
0.978070
0.700090
0.591410
0.568220
0.380050
0.234890
0.198880
0.157000
0.125400
0.092935
0.093991
0.074259
0.074716
0.026803
0.017197
0.042134
0.016686
0.013603
0.018876
0.007264
0.010301
0.006901
0.002691
0.004574
0.004972
0.001695
0.002578
0.001022
0.004107
0.000572
0.000522
0.000238
0.000221
0.000258
0.000063
0.000076
0.000075
0.000002
0.000070
0.000213
0.000205
0.000007
0.000025
0.000000
0.000000
0.000006
0.000007
0.000053
0.000026
0.000000
0.000000
0.000000
0.000002
0.000083
0.000000
0.000004
0.000000
0.000000
0.000000
0.000000
0.000000
0.000002
0.000000
0.000000
0.000000
0.000000
0.000000
0.000000
0.000000
0.000000
0.000000
0.000000
0.000000
0.000000
0.000000
0.000000
0.000000
0.000000
0.000000
0.000000
0.000000
0.000000
0.000000
0.000000
0.000000
0.000000
0.000000
0.000000
0.000000
0.000000
0.000000
0.000000
0.000000
0.000000
0.000000
0.000000
0.000000
0.000000
0.000000
0.000000
0.000000
0.000000
0.000000
0.000000
0.000000
0.000000
0.000000
0.000000
0.000000
0.000000
0.000000
0.000000
0.000000
0.000000
0.000000
0.000000
0.000000
0.000000
0.000000
0.000000
0.000000
0.000000
0.000000
0.000000
0.000000
0.000000
0.000000
0.000000
0.000000
0.000000
0.000000
0.000000
0.000000
0.000000
0.000000
0.000000
0.000000
0.000000
0.000000
0.000000
0.000000
0.000000
0.000000
0.000000
0.000000
0.000000
0.000000
0.000000
0.000000
0.000000
0.000000
0.000000
0.000000
0.000000
0.000000
0.000000
0.000000
0.000000
0.000000
0.000000
0.000000
0.000000
0.000000
0.000000
0.000000
0.000000
0.000000
0.000000
0.000000
0.000000
0.000000
0.000000
0.000000
0.000000
0.000000
0.000000
0.000000
0.000000
0.000000
0.000000
0.000000
0.000000
