32.259600
70.342100
999.770000
243.170000
129.620000
71.811000
51.255000
33.663000
21.540000
16.776000
11.809000
8.627000
7.189100
5.294400
4.213100
2.945400
2.188100
1.563900
1.278500
1.047300
0.759980
0.541890
0.462320
0.347700
0.244220
0.229200
0.170340
0.124700
0.111250
0.074277
0.062973
0.040055
0.053298
0.029185
0.012381
0.020994
0.019912
0.008836
0.008014
0.007983
0.004617
0.001114
0.003378
0.000995
0.002985
0.003430
0.001368
0.000245
0.000869
0.000074
0.000149
0.000086
0.000079
0.000031
0.000120
0.000003
0.000026
0.000613
0.000089
0.000089
0.000020
0.000008
0.000030
0.000000
0.000009
0.000000
0.000004
0.000000
0.000001
0.000000
0.000000
0.000000
0.000000
0.000000
0.000001
0.000000
0.000000
0.000002
0.000000
0.000000
0.000000
0.000000
0.000000
0.000000
0.000000
0.000000
0.000000
0.000000
0.000000
0.000000
0.000000
0.000000
0.000000
0.000000
0.000000
0.000000
0.000000
0.000000
0.000000
0.000000
0.000000
0.000000
0.000000
0.000000
0.000000
0.000000
0.000000
0.000000
0.000000
0.000000
0.000000
0.000000
0.000000
0.000000
0.000000
0.000000
0.000000
0.000000
0.000000
0.000000
0.000000
0.000000
0.000000
0.000000
0.000000
0.000000
0.000000
0.000000
0.000000
0.000000
0.000000
0.000000
0.000000
0.000000
0.000000
0.000000
0.000000
0.000000
0.000000
0.000000
0.000000
0.000000
0.000000
0.000000
0.000000
0.000000
0.000000
0.000000
0.000000
0.000000
0.000000
0.000000
0.000000
0.000000
0.000000
0.000000
0.000000
0.000000
0.000000
0.000000
0.000000
0.000000
0.000000
0.000000
0.000000
0.000000
0.000000
0.000000
0.000000
0.000000
0.000000
0.000000
0.000000
0.000000
0.000000
0.000000
0.000000
0.000000
0.000000
0.000000
0.000000
0.000000
0.000000
0.000000
0.000000
0.000000
0.000000
0.000000
0.000000
0.000000
0.000000
0.000000
0.000000
0.000000
0.000000
0.000000
0.000000
0.000000
0.000000
0.000000
0.000000
0.000000
