39.885600
61.268500
986.420000
241.930000
111.170000
63.822000
42.330000
26.138000
18.211000
14.522000
10.582000
7.856600
5.248700
4.540500
3.047600
2.340500
1.829600
1.467600
0.825700
0.724110
0.622940
0.533280
0.340440
0.250050
0.192090
0.164730
0.117120
0.104800
0.085673
0.063637
0.029327
0.031353
0.026131
0.016586
0.016662
0.006618
0.009399
0.009038
0.008477
0.007077
0.002842
0.001551
0.003407
0.002092
0.001873
0.002105
0.000423
0.000604
0.002305
0.000253
0.000116
0.000097
0.000239
0.000072
0.000012
0.000071
0.000005
0.000044
0.000051
0.000002
0.000000
0.000000
0.000053
0.000000
0.000040
0.000000
0.000003
0.000000
0.000000
0.000000
0.000000
0.000000
0.000000
0.000000
0.000006
0.000000
0.000000
0.000000
0.000000
0.000000
0.000000
0.000000
0.000000
0.000000
0.000000
0.000000
0.000000
0.000000
0.000000
0.000000
0.000000
0.000000
0.000000
0.000000
0.000000
0.000000
0.000000
0.000000
0.000000
0.000000
0.000000
0.000000
0.000000
0.000000
0.000000
0.000000
0.000000
0.000000
0.000000
0.000000
0.000000
0.000000
0.000000
0.000000
0.000000
0.000000
0.000000
0.000000
0.000000
0.000000
0.000000
0.000000
0.000000
0.000000
0.000000
0.000000
0.000000
0.000000
0.000000
0.000000
0.000000
0.000000
0.000000
0.000000
0.000000
0.000000
0.000000
0.000000
0.000000
0.000000
0.000000
0.000000
0.000000
0.000000
0.000000
0.000000
0.000000
0.000000
0.000000
0.000000
0.000000
0.000000
0.000000
0.000000
0.000000
0.000000
0.000000
0.000000
0.000000
0.000000
0.000000
0.000000
0.000000
0.000000
0.000000
0.000000
0.000000
0.000000
0.000000
0.000000
0.000000
0.000000
0.000000
0.000000
0.000000
0.000000
0.000000
0.000000
0.000000
0.000000
0.000000
0.000000
0.000000
0.000000
0.000000
0.000000
0.000000
0.000000
0.000000
0.000000
0.000000
0.000000
0.000000
0.000000
0.000000
0.000000
0.000000
0.000000
0.000000
0.000000
0.000000
0.000000
