21.858500
64.765000
1104.200000
285.890000
150.730000
87.786000
58.218000
40.408000
30.564000
22.864000
17.816000
13.555000
10.486000
7.466400
5.867000
4.076600
3.410100
2.946000
2.354000
1.876900
1.268100
0.932760
0.919350
0.634060
0.601480
0.531070
0.362030
0.288210
0.215240
0.116940
0.190840
0.114610
0.083064
0.078509
0.087014
0.067521
0.034862
0.014794
0.031986
0.017801
0.006557
0.024293
0.010577
0.013151
0.005605
0.001593
0.001420
0.001362
0.004086
0.000363
0.002521
0.001006
0.003202
0.000789
0.000195
0.000154
0.000714
0.000095
0.000024
0.002686
0.000256
0.000019
0.000004
0.000010
0.000019
0.000000
0.000321
0.000004
0.000002
0.000019
0.000032
0.000001
0.000000
0.000000
0.000004
0.000008
0.000000
0.000000
0.000000
0.000003
0.000002
0.000000
0.000000
0.000000
0.000000
0.000000
0.000000
0.000000
0.000000
0.000002
0.000000
0.000000
0.000000
0.000000
0.000000
0.000000
0.000000
0.000000
0.000000
0.000000
0.000000
0.000000
0.000000
0.000000
0.000000
0.000000
0.000000
0.000000
0.000000
0.000000
0.000000
0.000000
0.000000
0.000000
0.000000
0.000000
0.000000
0.000000
0.000000
0.000000
0.000000
0.000000
0.000000
0.000000
0.000000
0.000000
0.000000
0.000000
0.000000
0.000000
0.000000
0.000000
0.000000
0.000000
0.000000
0.000000
0.000000
0.000000
0.000000
0.000000
0.000000
0.000000
0.000000
0.000000
0.000000
0.000000
0.000000
0.000000
0.000000
0.000000
0.000000
0.000000
0.000000
0.000000
0.000000
0.000000
0.000000
0.000000
0.000000
0.000000
0.000000
0.000000
0.000000
0.000000
0.000000
0.000000
0.000000
0.000000
0.000000
0.000000
0.000000
0.000000
0.000000
0.000000
0.000000
0.000000
0.000000
0.000000
0.000000
0.000000
0.000000
0.000000
0.000000
0.000000
0.000000
0.000000
0.000000
0.000000
0.000000
0.000000
0.000000
0.000000
0.000000
0.000000
0.000000
0.000000
0.000000
0.000000
0.000000
0.000000
0.000000
0.000000
