23.274600
68.200100
1143.400000
294.980000
139.020000
85.906000
53.932000
40.322000
27.450000
21.090000
16.879000
11.601000
9.610300
6.540100
5.047900
3.783200
3.204400
2.490500
1.807900
1.677600
1.373400
0.928180
0.767720
0.687490
0.420500
0.387370
0.267210
0.256340
0.165080
0.173360
0.108210
0.114700
0.088084
0.083648
0.052720
0.054363
0.032554
0.024868
0.014765
0.018099
0.008957
0.016833
0.014007
0.004236
0.002995
0.001879
0.002830
0.006393
0.002406
0.002715
0.000339
0.000034
0.000379
0.000232
0.001022
0.000079
0.000050
0.000407
0.000014
0.000195
0.000083
0.000054
0.000006
0.000004
0.000182
0.000064
0.000048
0.000098
0.000026
0.000000
0.000000
0.000000
0.000000
0.000000
0.000003
0.000000
0.000021
0.000000
0.000000
0.000000
0.000000
0.000000
0.000000
0.000000
0.000000
0.000000
0.000000
0.000002
0.000000
0.000000
0.000000
0.000000
0.000000
0.000000
0.000000
0.000000
0.000000
0.000000
0.000000
0.000000
0.000000
0.000000
0.000000
0.000000
0.000000
0.000000
0.000000
0.000000
0.000000
0.000000
0.000000
0.000000
0.000000
0.000000
0.000000
0.000000
0.000000
0.000000
0.000000
0.000000
0.000000
0.000000
0.000000
0.000000
0.000000
0.000000
0.000000
0.000000
0.000000
0.000000
0.000000
0.000000
0.000000
0.000000
0.000000
0.000000
0.000000
0.000000
0.000000
0.000000
0.000000
0.000000
0.000000
0.000000
0.000000
0.000000
0.000000
0.000000
0.000000
0.000000
0.000000
0.000000
0.000000
0.000000
0.000000
0.000000
0.000000
0.000000
0.000000
0.000000
0.000000
0.000000
0.000000
0.000000
0.000000
0.000000
0.000000
0.000000
0.000000
0.000000
0.000000
0.000000
0.000000
0.000000
0.000000
0.000000
0.000000
0.000000
0.000000
0.000000
0.000000
0.000000
0.000000
0.000000
0.000000
0.000000
0.000000
0.000000
0.000000
0.000000
0.000000
0.000000
0.000000
0.000000
0.000000
0.000000
0.000000
0.000000
0.000000
0.000000
0.000000
0.000000
