31.065000
77.915500
1041.400000
273.170000
122.730000
74.395000
46.125000
33.538000
22.855000
16.409000
11.641000
8.515900
6.235200
5.193700
3.631400
2.689300
2.416100
1.843100
1.355400
0.856710
0.840150
0.561170
0.456730
0.362280
0.313280
0.154940
0.167020
0.098096
0.109520
0.079168
0.067364
0.058000
0.031422
0.015475
0.028027
0.027289
0.011046
0.019365
0.013176
0.001174
0.003181
0.003183
0.006009
0.003457
0.003170
0.000722
0.002098
0.000098
0.001797
0.000554
0.000959
0.000088
0.000134
0.000049
0.000050
0.000043
0.000014
0.000010
0.000000
0.000011
0.000019
0.000002
0.000000
0.000000
0.000010
0.000012
0.000045
0.000000
0.000000
0.000000
0.000002
0.000000
0.000000
0.000038
0.000000
0.000000
0.000000
0.000000
0.000000
0.000000
0.000000
0.000000
0.000000
0.000000
0.000000
0.000000
0.000000
0.000000
0.000000
0.000000
0.000000
0.000000
0.000000
0.000000
0.000000
0.000000
0.000000
0.000000
0.000000
0.000000
0.000000
0.000000
0.000000
0.000000
0.000000
0.000000
0.000000
0.000000
0.000000
0.000000
0.000000
0.000000
0.000000
0.000000
0.000000
0.000000
0.000000
0.000000
0.000000
0.000000
0.000000
0.000000
0.000000
0.000000
0.000000
0.000000
0.000000
0.000000
0.000000
0.000000
0.000000
0.000000
0.000000
0.000000
0.000000
0.000000
0.000000
0.000000
0.000000
0.000000
0.000000
0.000000
0.000000
0.000000
0.000000
0.000000
0.000000
0.000000
0.000000
0.000000
0.000000
0.000000
0.000000
0.000000
0.000000
0.000000
0.000000
0.000000
0.000000
0.000000
0.000000
0.000000
0.000000
0.000000
0.000000
0.000000
0.000000
0.000000
0.000000
0.000000
0.000000
0.000000
0.000000
0.000000
0.000000
0.000000
0.000000
0.000000
0.000000
0.000000
0.000000
0.000000
0.000000
0.000000
0.000000
0.000000
0.000000
0.000000
0.000000
0.000000
0.000000
0.000000
0.000000
0.000000
0.000000
0.000000
0.000000
0.000000
0.000000
0.000000
0.000000
0.000000
