28.009700
74.313500
1027.400000
287.310000
129.480000
80.941000
49.377000
31.861000
25.225000
18.352000
13.659000
11.078000
7.334300
5.537100
4.895000
3.392800
2.640800
2.005800
1.388400
1.092900
0.981370
0.753000
0.601950
0.377050
0.315180
0.274680
0.186810
0.137020
0.119150
0.076674
0.091591
0.057606
0.050678
0.039237
0.022310
0.022026
0.022186
0.009674
0.011683
0.006859
0.005182
0.004334
0.003973
0.003146
0.006213
0.000794
0.001992
0.002132
0.000546
0.000421
0.000045
0.000911
0.000127
0.000014
0.000018
0.000022
0.000010
0.000077
0.000016
0.000638
0.000007
0.000003
0.000000
0.000000
0.000007
0.000000
0.000015
0.000000
0.000000
0.000000
0.000000
0.000000
0.000000
0.000000
0.000000
0.000000
0.000000
0.000000
0.000000
0.000000
0.000000
0.000000
0.000000
0.000000
0.000000
0.000000
0.000000
0.000000
0.000000
0.000000
0.000000
0.000000
0.000000
0.000000
0.000000
0.000000
0.000000
0.000000
0.000000
0.000000
0.000000
0.000000
0.000000
0.000000
0.000000
0.000000
0.000000
0.000000
0.000000
0.000000
0.000000
0.000000
0.000000
0.000000
0.000000
0.000000
0.000000
0.000000
0.000000
0.000000
0.000000
0.000000
0.000000
0.000000
0.000000
0.000000
0.000000
0.000000
0.000000
0.000000
0.000000
0.000000
0.000000
0.000000
0.000000
0.000000
0.000000
0.000000
0.000000
0.000000
0.000000
0.000000
0.000000
0.000000
0.000000
0.000000
0.000000
0.000000
0.000000
0.000000
0.000000
0.000000
0.000000
0.000000
0.000000
0.000000
0.000000
0.000000
0.000000
0.000000
0.000000
0.000000
0.000000
0.000000
0.000000
0.000000
0.000000
0.000000
0.000000
0.000000
0.000000
0.000000
0.000000
0.000000
0.000000
0.000000
0.000000
0.000000
0.000000
0.000000
0.000000
0.000000
0.000000
0.000000
0.000000
0.000000
0.000000
0.000000
0.000000
0.000000
0.000000
0.000000
0.000000
0.000000
0.000000
0.000000
0.000000
0.000000
0.000000
0.000000
0.000000
0.000000
