23.362300
65.124500
1091.000000
278.090000
135.270000
84.543000
60.292000
38.477000
30.020000
21.311000
16.146000
11.573000
8.943500
7.240000
5.633800
4.131000
3.952600
2.349100
2.287700
1.445600
1.638300
1.161300
0.953930
0.652970
0.447600
0.389830
0.284260
0.246300
0.176450
0.141830
0.109950
0.088859
0.071975
0.076666
0.041501
0.061505
0.021876
0.020053
0.028082
0.021327
0.012598
0.005950
0.006642
0.009119
0.001572
0.004083
0.001436
0.001574
0.001500
0.001611
0.001426
0.002479
0.001824
0.000179
0.000168
0.000441
0.000267
0.000429
0.000014
0.000112
0.000008
0.000026
0.000002
0.001273
0.000022
0.000008
0.000047
0.000001
0.000007
0.000014
0.000001
0.000004
0.000002
0.000001
0.000000
0.000000
0.000000
0.000000
0.000000
0.000010
0.000000
0.000002
0.000000
0.000000
0.000000
0.000000
0.000000
0.000000
0.000000
0.000000
0.000000
0.000000
0.000000
0.000000
0.000000
0.000000
0.000000
0.000000
0.000000
0.000000
0.000000
0.000000
0.000000
0.000000
0.000000
0.000000
0.000000
0.000000
0.000000
0.000000
0.000000
0.000000
0.000000
0.000000
0.000000
0.000000
0.000000
0.000000
0.000000
0.000000
0.000000
0.000000
0.000000
0.000000
0.000000
0.000000
0.000000
0.000000
0.000000
0.000000
0.000000
0.000000
0.000000
0.000000
0.000000
0.000000
0.000000
0.000000
0.000000
0.000000
0.000000
0.000000
0.000000
0.000000
0.000000
0.000000
0.000000
0.000000
0.000000
0.000000
0.000000
0.000000
0.000000
0.000000
0.000000
0.000000
0.000000
0.000000
0.000000
0.000000
0.000000
0.000000
0.000000
0.000000
0.000000
0.000000
0.000000
0.000000
0.000000
0.000000
0.000000
0.000000
0.000000
0.000000
0.000000
0.000000
0.000000
0.000000
0.000000
0.000000
0.000000
0.000000
0.000000
0.000000
0.000000
0.000000
0.000000
0.000000
0.000000
0.000000
0.000000
0.000000
0.000000
0.000000
0.000000
0.000000
0.000000
0.000000
0.000000
0.000000
0.000000
0.000000
