22.955100
61.563900
1100.300000
271.470000
144.550000
88.714000
58.817000
42.028000
29.830000
20.756000
17.606000
13.113000
9.247000
7.150000
5.458100
4.105100
3.531900
2.647600
2.210600
1.632700
1.452600
1.173700
0.847060
0.629840
0.465520
0.483940
0.354930
0.232430
0.278510
0.156570
0.134890
0.125350
0.085548
0.070042
0.041700
0.044822
0.030012
0.025863
0.015737
0.016787
0.021344
0.007640
0.002635
0.004389
0.007493
0.006607
0.003576
0.005931
0.000576
0.000492
0.002437
0.001990
0.002959
0.001672
0.001887
0.000593
0.000026
0.000533
0.000029
0.000022
0.000606
0.000102
0.001118
0.000022
0.000005
0.000057
0.000299
0.000000
0.000014
0.000018
0.000000
0.000019
0.000000
0.000000
0.000000
0.000000
0.000007
0.000000
0.000000
0.000000
0.000000
0.000000
0.000000
0.000000
0.000000
0.000000
0.000000
0.000004
0.000000
0.000000
0.000000
0.000000
0.000000
0.000000
0.000000
0.000000
0.000000
0.000000
0.000000
0.000000
0.000000
0.000000
0.000000
0.000000
0.000000
0.000000
0.000000
0.000000
0.000000
0.000000
0.000000
0.000000
0.000000
0.000000
0.000000
0.000000
0.000000
0.000000
0.000000
0.000000
0.000000
0.000000
0.000000
0.000000
0.000000
0.000000
0.000000
0.000000
0.000000
0.000000
0.000000
0.000000
0.000000
0.000000
0.000000
0.000000
0.000000
0.000000
0.000000
0.000000
0.000000
0.000000
0.000000
0.000000
0.000000
0.000000
0.000000
0.000000
0.000000
0.000000
0.000000
0.000000
0.000000
0.000000
0.000000
0.000000
0.000000
0.000000
0.000000
0.000000
0.000000
0.000000
0.000000
0.000000
0.000000
0.000000
0.000000
0.000000
0.000000
0.000000
0.000000
0.000000
0.000000
0.000000
0.000000
0.000000
0.000000
0.000000
0.000000
0.000000
0.000000
0.000000
0.000000
0.000000
0.000000
0.000000
0.000000
0.000000
0.000000
0.000000
0.000000
0.000000
0.000000
0.000000
0.000000
0.000000
0.000000
0.000000
0.000000
0.000000
0.000000
0.000000
