26.903700
62.785800
1058.500000
285.100000
135.510000
84.164000
52.444000
38.286000
26.638000
19.229000
14.288000
12.945000
8.444000
6.153700
4.986000
3.530000
2.748900
2.155100
1.900000
1.337400
1.107500
0.919410
0.484530
0.609470
0.513250
0.271770
0.237620
0.217220
0.173220
0.149570
0.097968
0.080564
0.074702
0.055444
0.028001
0.029719
0.038954
0.019655
0.010149
0.013000
0.010214
0.010334
0.007831
0.008056
0.001332
0.001536
0.004151
0.001123
0.002312
0.000465
0.001415
0.000441
0.000483
0.000260
0.000158
0.000060
0.000066
0.000047
0.000004
0.000090
0.000052
0.000189
0.000002
0.000010
0.000001
0.000000
0.000032
0.000008
0.000003
0.000000
0.000001
0.000001
0.000000
0.000000
0.000002
0.000000
0.000000
0.000008
0.000000
0.000000
0.000000
0.000001
0.000000
0.000000
0.000000
0.000000
0.000000
0.000000
0.000000
0.000000
0.000000
0.000000
0.000000
0.000000
0.000000
0.000000
0.000000
0.000000
0.000000
0.000000
0.000000
0.000000
0.000000
0.000000
0.000000
0.000000
0.000000
0.000000
0.000000
0.000000
0.000000
0.000000
0.000000
0.000000
0.000000
0.000000
0.000000
0.000000
0.000000
0.000000
0.000000
0.000000
0.000000
0.000000
0.000000
0.000000
0.000000
0.000000
0.000000
0.000000
0.000000
0.000000
0.000000
0.000000
0.000000
0.000000
0.000000
0.000000
0.000000
0.000000
0.000000
0.000000
0.000000
0.000000
0.000000
0.000000
0.000000
0.000000
0.000000
0.000000
0.000000
0.000000
0.000000
0.000000
0.000000
0.000000
0.000000
0.000000
0.000000
0.000000
0.000000
0.000000
0.000000
0.000000
0.000000
0.000000
0.000000
0.000000
0.000000
0.000000
0.000000
0.000000
0.000000
0.000000
0.000000
0.000000
0.000000
0.000000
0.000000
0.000000
0.000000
0.000000
0.000000
0.000000
0.000000
0.000000
0.000000
0.000000
0.000000
0.000000
0.000000
0.000000
0.000000
0.000000
0.000000
0.000000
0.000000
0.000000
0.000000
0.000000
0.000000
0.000000
