30.458900
78.094000
1055.100000
253.530000
122.710000
75.420000
47.878000
35.967000
24.040000
16.559000
12.755000
9.311000
6.995600
4.914600
3.612700
2.698300
2.206200
1.827900
1.275800
0.995030
0.811520
0.617420
0.456440
0.387280
0.380490
0.187280
0.225770
0.132930
0.101480
0.082223
0.067242
0.051136
0.050717
0.023892
0.035001
0.010362
0.010460
0.004162
0.005060
0.005461
0.005317
0.005277
0.001731
0.001380
0.003930
0.002356
0.000645
0.001535
0.002600
0.001366
0.001069
0.000130
0.000213
0.000534
0.000119
0.000021
0.000516
0.000078
0.000039
0.000036
0.000010
0.000055
0.000000
0.000000
0.000002
0.000008
0.000012
0.000036
0.000000
0.000000
0.000000
0.000000
0.000000
0.000000
0.000000
0.000000
0.000000
0.000000
0.000000
0.000002
0.000000
0.000000
0.000000
0.000002
0.000000
0.000000
0.000000
0.000000
0.000000
0.000000
0.000000
0.000000
0.000000
0.000000
0.000000
0.000000
0.000000
0.000000
0.000000
0.000000
0.000000
0.000000
0.000000
0.000000
0.000000
0.000000
0.000000
0.000000
0.000000
0.000000
0.000000
0.000000
0.000000
0.000000
0.000000
0.000000
0.000000
0.000000
0.000000
0.000000
0.000000
0.000000
0.000000
0.000000
0.000000
0.000000
0.000000
0.000000
0.000000
0.000000
0.000000
0.000000
0.000000
0.000000
0.000000
0.000000
0.000000
0.000000
0.000000
0.000000
0.000000
0.000000
0.000000
0.000000
0.000000
0.000000
0.000000
0.000000
0.000000
0.000000
0.000000
0.000000
0.000000
0.000000
0.000000
0.000000
0.000000
0.000000
0.000000
0.000000
0.000000
0.000000
0.000000
0.000000
0.000000
0.000000
0.000000
0.000000
0.000000
0.000000
0.000000
0.000000
0.000000
0.000000
0.000000
0.000000
0.000000
0.000000
0.000000
0.000000
0.000000
0.000000
0.000000
0.000000
0.000000
0.000000
0.000000
0.000000
0.000000
0.000000
0.000000
0.000000
0.000000
0.000000
0.000000
0.000000
0.000000
0.000000
0.000000
0.000000
0.000000
0.000000
