34.655300
72.326000
1003.500000
251.600000
124.650000
69.543000
46.632000
29.536000
21.394000
14.844000
11.634000
7.913000
5.568000
4.824000
3.784300
2.281900
2.008200
1.289700
1.184300
0.940590
0.648800
0.502570
0.412610
0.314870
0.215270
0.190920
0.153740
0.118740
0.049456
0.079455
0.053618
0.041587
0.029745
0.024053
0.018318
0.009716
0.011508
0.009686
0.007183
0.006166
0.001382
0.002805
0.002458
0.004544
0.003521
0.001356
0.001335
0.002976
0.000690
0.000134
0.000239
0.000208
0.000106
0.000017
0.000008
0.000000
0.000069
0.000003
0.000041
0.000009
0.000004
0.000004
0.000000
0.000004
0.000040
0.000024
0.000007
0.000000
0.000000
0.000000
0.000000
0.000000
0.000000
0.000000
0.000000
0.000000
0.000000
0.000000
0.000000
0.000000
0.000010
0.000000
0.000000
0.000000
0.000000
0.000000
0.000000
0.000000
0.000000
0.000000
0.000000
0.000000
0.000000
0.000000
0.000000
0.000000
0.000000
0.000000
0.000000
0.000000
0.000000
0.000000
0.000000
0.000000
0.000000
0.000000
0.000000
0.000000
0.000000
0.000000
0.000000
0.000000
0.000000
0.000000
0.000000
0.000000
0.000000
0.000000
0.000000
0.000000
0.000000
0.000000
0.000000
0.000000
0.000000
0.000000
0.000000
0.000000
0.000000
0.000000
0.000000
0.000000
0.000000
0.000000
0.000000
0.000000
0.000000
0.000000
0.000000
0.000000
0.000000
0.000000
0.000000
0.000000
0.000000
0.000000
0.000000
0.000000
0.000000
0.000000
0.000000
0.000000
0.000000
0.000000
0.000000
0.000000
0.000000
0.000000
0.000000
0.000000
0.000000
0.000000
0.000000
0.000000
0.000000
0.000000
0.000000
0.000000
0.000000
0.000000
0.000000
0.000000
0.000000
0.000000
0.000000
0.000000
0.000000
0.000000
0.000000
0.000000
0.000000
0.000000
0.000000
0.000000
0.000000
0.000000
0.000000
0.000000
0.000000
0.000000
0.000000
0.000000
0.000000
0.000000
0.000000
0.000000
0.000000
0.000000
0.000000
0.000000
0.000000
0.000000
