32.439400
63.177300
981.810000
256.180000
119.480000
72.337000
45.853000
33.715000
22.733000
15.988000
11.971000
9.736300
7.132300
5.126500
3.999600
3.171300
2.422900
1.468600
1.459400
1.119200
0.790640
0.691610
0.569500
0.348050
0.291670
0.244910
0.170740
0.155070
0.099907
0.057868
0.079979
0.049642
0.053312
0.034649
0.025123
0.023971
0.012960
0.009090
0.004812
0.008846
0.005034
0.003649
0.001956
0.002352
0.001502
0.002035
0.000847
0.000796
0.001218
0.000891
0.000908
0.000147
0.000098
0.000078
0.000015
0.000076
0.000047
0.000490
0.000020
0.000004
0.000368
0.000012
0.000007
0.000058
0.000001
0.000012
0.000000
0.000103
0.000000
0.000004
0.000042
0.000004
0.000000
0.000000
0.000000
0.000000
0.000054
0.000000
0.000000
0.000000
0.000000
0.000000
0.000000
0.000000
0.000000
0.000000
0.000000
0.000000
0.000000
0.000000
0.000000
0.000000
0.000000
0.000000
0.000000
0.000000
0.000000
0.000000
0.000000
0.000000
0.000000
0.000000
0.000000
0.000000
0.000000
0.000000
0.000000
0.000000
0.000000
0.000000
0.000000
0.000000
0.000000
0.000000
0.000000
0.000000
0.000000
0.000000
0.000000
0.000000
0.000000
0.000000
0.000000
0.000000
0.000000
0.000000
0.000000
0.000000
0.000000
0.000000
0.000000
0.000000
0.000000
0.000000
0.000000
0.000000
0.000000
0.000000
0.000000
0.000000
0.000000
0.000000
0.000000
0.000000
0.000000
0.000000
0.000000
0.000000
0.000000
0.000000
0.000000
0.000000
0.000000
0.000000
0.000000
0.000000
0.000000
0.000000
0.000000
0.000000
0.000000
0.000000
0.000000
0.000000
0.000000
0.000000
0.000000
0.000000
0.000000
0.000000
0.000000
0.000000
0.000000
0.000000
0.000000
0.000000
0.000000
0.000000
0.000000
0.000000
0.000000
0.000000
0.000000
0.000000
0.000000
0.000000
0.000000
0.000000
0.000000
0.000000
0.000000
0.000000
0.000000
0.000000
0.000000
0.000000
0.000000
0.000000
0.000000
0.000000
0.000000
0.000000
