29.987600
79.142400
1017.200000
256.430000
127.740000
71.857000
51.201000
35.254000
25.630000
18.041000
11.638000
8.807400
7.244400
5.293400
4.356200
3.017500
2.299500
1.880300
1.238600
0.958900
0.872320
0.671160
0.571860
0.348460
0.281980
0.213040
0.204070
0.155700
0.103730
0.076526
0.042481
0.059095
0.033062
0.044902
0.022067
0.021808
0.009060
0.009345
0.009614
0.009786
0.001666
0.006020
0.001608
0.002010
0.002422
0.002700
0.002716
0.000560
0.001608
0.000812
0.000125
0.001130
0.000278
0.000219
0.000065
0.000000
0.000015
0.000017
0.000023
0.000249
0.000003
0.000002
0.000232
0.000000
0.000064
0.000003
0.000000
0.000012
0.000000
0.000000
0.000001
0.000027
0.000002
0.000000
0.000000
0.000000
0.000000
0.000000
0.000000
0.000000
0.000000
0.000000
0.000000
0.000000
0.000000
0.000000
0.000000
0.000000
0.000000
0.000000
0.000000
0.000000
0.000000
0.000000
0.000000
0.000000
0.000000
0.000000
0.000000
0.000000
0.000000
0.000000
0.000000
0.000000
0.000000
0.000000
0.000000
0.000000
0.000000
0.000000
0.000000
0.000000
0.000000
0.000000
0.000000
0.000000
0.000000
0.000000
0.000000
0.000000
0.000000
0.000000
0.000000
0.000000
0.000000
0.000000
0.000000
0.000000
0.000000
0.000000
0.000000
0.000000
0.000000
0.000000
0.000000
0.000000
0.000000
0.000000
0.000000
0.000000
0.000000
0.000000
0.000000
0.000000
0.000000
0.000000
0.000000
0.000000
0.000000
0.000000
0.000000
0.000000
0.000000
0.000000
0.000000
0.000000
0.000000
0.000000
0.000000
0.000000
0.000000
0.000000
0.000000
0.000000
0.000000
0.000000
0.000000
0.000000
0.000000
0.000000
0.000000
0.000000
0.000000
0.000000
0.000000
0.000000
0.000000
0.000000
0.000000
0.000000
0.000000
0.000000
0.000000
0.000000
0.000000
0.000000
0.000000
0.000000
0.000000
0.000000
0.000000
0.000000
0.000000
0.000000
0.000000
0.000000
0.000000
0.000000
0.000000
0.000000
0.000000
0.000000
