37.688900
78.189400
983.780000
230.820000
114.300000
65.910000
41.384000
26.837000
19.910000
14.125000
9.537700
6.974500
5.405300
4.005400
2.670100
2.323700
1.834500
1.467300
0.752460
0.740310
0.693860
0.392690
0.225180
0.260380
0.153780
0.138200
0.117120
0.095104
0.088739
0.041370
0.040910
0.022800
0.019374
0.015796
0.007786
0.006357
0.008455
0.009133
0.003691
0.003466
0.001695
0.002131
0.001345
0.000386
0.001073
0.000319
0.001884
0.000214
0.000345
0.000663
0.000146
0.000013
0.000005
0.000008
0.000052
0.000007
0.000027
0.000011
0.000021
0.000061
0.000013
0.000000
0.000000
0.000027
0.000000
0.000000
0.000000
0.000000
0.000005
0.000000
0.000000
0.000000
0.000000
0.000000
0.000000
0.000000
0.000000
0.000000
0.000000
0.000000
0.000000
0.000000
0.000000
0.000000
0.000000
0.000000
0.000000
0.000000
0.000000
0.000000
0.000000
0.000000
0.000000
0.000000
0.000000
0.000000
0.000000
0.000000
0.000000
0.000000
0.000000
0.000000
0.000000
0.000000
0.000000
0.000000
0.000000
0.000000
0.000000
0.000000
0.000000
0.000000
0.000000
0.000000
0.000000
0.000000
0.000000
0.000000
0.000000
0.000000
0.000000
0.000000
0.000000
0.000000
0.000000
0.000000
0.000000
0.000000
0.000000
0.000000
0.000000
0.000000
0.000000
0.000000
0.000000
0.000000
0.000000
0.000000
0.000000
0.000000
0.000000
0.000000
0.000000
0.000000
0.000000
0.000000
0.000000
0.000000
0.000000
0.000000
0.000000
0.000000
0.000000
0.000000
0.000000
0.000000
0.000000
0.000000
0.000000
0.000000
0.000000
0.000000
0.000000
0.000000
0.000000
0.000000
0.000000
0.000000
0.000000
0.000000
0.000000
0.000000
0.000000
0.000000
0.000000
0.000000
0.000000
0.000000
0.000000
0.000000
0.000000
0.000000
0.000000
0.000000
0.000000
0.000000
0.000000
0.000000
0.000000
0.000000
0.000000
0.000000
0.000000
0.000000
0.000000
0.000000
0.000000
0.000000
0.000000
0.000000
0.000000
0.000000
