28.860600
77.863200
1000.100000
264.740000
124.330000
75.274000
47.853000
34.774000
24.772000
16.420000
13.187000
9.210000
7.777300
5.344800
4.090100
3.494700
2.486700
1.994200
1.591500
1.284100
0.862770
0.823130
0.464760
0.440880
0.338240
0.211950
0.222720
0.171260
0.097526
0.084614
0.059612
0.058639
0.049785
0.022515
0.025558
0.032923
0.020544
0.009593
0.006037
0.009732
0.004866
0.004878
0.004306
0.001881
0.005401
0.001771
0.001617
0.001112
0.000838
0.000221
0.000263
0.000987
0.000060
0.000399
0.000096
0.000024
0.000105
0.000146
0.000005
0.000048
0.000307
0.000003
0.000006
0.000011
0.000000
0.000000
0.000000
0.000014
0.000000
0.000000
0.000000
0.000000
0.000000
0.000000
0.000000
0.000000
0.000000
0.000000
0.000000
0.000000
0.000000
0.000000
0.000000
0.000000
0.000000
0.000000
0.000000
0.000000
0.000000
0.000000
0.000000
0.000000
0.000000
0.000000
0.000000
0.000000
0.000000
0.000000
0.000000
0.000000
0.000000
0.000000
0.000000
0.000000
0.000000
0.000000
0.000000
0.000000
0.000000
0.000000
0.000000
0.000000
0.000000
0.000000
0.000000
0.000000
0.000000
0.000000
0.000000
0.000000
0.000000
0.000000
0.000000
0.000000
0.000000
0.000000
0.000000
0.000000
0.000000
0.000000
0.000000
0.000000
0.000000
0.000000
0.000000
0.000000
0.000000
0.000000
0.000000
0.000000
0.000000
0.000000
0.000000
0.000000
0.000000
0.000000
0.000000
0.000000
0.000000
0.000000
0.000000
0.000000
0.000000
0.000000
0.000000
0.000000
0.000000
0.000000
0.000000
0.000000
0.000000
0.000000
0.000000
0.000000
0.000000
0.000000
0.000000
0.000000
0.000000
0.000000
0.000000
0.000000
0.000000
0.000000
0.000000
0.000000
0.000000
0.000000
0.000000
0.000000
0.000000
0.000000
0.000000
0.000000
0.000000
0.000000
0.000000
0.000000
0.000000
0.000000
0.000000
0.000000
0.000000
0.000000
0.000000
0.000000
0.000000
0.000000
0.000000
0.000000
0.000000
0.000000
