36.133900
72.135000
980.140000
229.610000
107.260000
60.052000
44.113000
27.578000
19.733000
15.658000
10.820000
7.826300
5.789400
4.099900
2.848200
2.805900
1.863600
1.416300
1.036800
0.848680
0.560520
0.546070
0.369750
0.240050
0.197970
0.133050
0.143570
0.113640
0.071043
0.060460
0.054249
0.035221
0.031405
0.018766
0.012589
0.008129
0.010175
0.007167
0.006755
0.002772
0.004324
0.002319
0.002110
0.001364
0.001324
0.001765
0.000408
0.001081
0.000148
0.000568
0.000139
0.000219
0.000150
0.000105
0.000666
0.000330
0.000042
0.000080
0.000000
0.000000
0.000028
0.000000
0.000002
0.000000
0.000000
0.000004
0.000000
0.000000
0.000000
0.000001
0.000000
0.000000
0.000000
0.000000
0.000000
0.000000
0.000000
0.000002
0.000000
0.000000
0.000000
0.000000
0.000000
0.000000
0.000000
0.000000
0.000000
0.000000
0.000000
0.000000
0.000000
0.000000
0.000000
0.000000
0.000000
0.000000
0.000000
0.000000
0.000000
0.000000
0.000000
0.000000
0.000000
0.000000
0.000000
0.000000
0.000000
0.000000
0.000000
0.000000
0.000000
0.000000
0.000000
0.000000
0.000000
0.000000
0.000000
0.000000
0.000000
0.000000
0.000000
0.000000
0.000000
0.000000
0.000000
0.000000
0.000000
0.000000
0.000000
0.000000
0.000000
0.000000
0.000000
0.000000
0.000000
0.000000
0.000000
0.000000
0.000000
0.000000
0.000000
0.000000
0.000000
0.000000
0.000000
0.000000
0.000000
0.000000
0.000000
0.000000
0.000000
0.000000
0.000000
0.000000
0.000000
0.000000
0.000000
0.000000
0.000000
0.000000
0.000000
0.000000
0.000000
0.000000
0.000000
0.000000
0.000000
0.000000
0.000000
0.000000
0.000000
0.000000
0.000000
0.000000
0.000000
0.000000
0.000000
0.000000
0.000000
0.000000
0.000000
0.000000
0.000000
0.000000
0.000000
0.000000
0.000000
0.000000
0.000000
0.000000
0.000000
0.000000
0.000000
0.000000
0.000000
0.000000
0.000000
0.000000
0.000000
0.000000
0.000000
0.000000
