30.662600
77.451100
1093.000000
268.170000
120.470000
74.102000
47.052000
33.201000
23.375000
17.913000
10.955000
8.366800
7.289200
5.286000
3.799800
3.105200
2.158300
1.900500
1.573500
1.012200
0.837240
0.563690
0.504810
0.383620
0.235600
0.279130
0.194760
0.164930
0.124240
0.073672
0.064241
0.043736
0.038981
0.030625
0.031606
0.013458
0.005791
0.012288
0.006918
0.010296
0.002077
0.005352
0.004981
0.000924
0.000547
0.000475
0.000790
0.001425
0.000274
0.000066
0.000040
0.000107
0.000308
0.000101
0.000070
0.000104
0.000024
0.000034
0.000003
0.000007
0.000234
0.000065
0.000058
0.000000
0.000000
0.000004
0.000010
0.000000
0.000003
0.000001
0.000002
0.000000
0.000000
0.000000
0.000000
0.000000
0.000000
0.000000
0.000002
0.000001
0.000000
0.000000
0.000000
0.000000
0.000000
0.000000
0.000000
0.000000
0.000000
0.000000
0.000000
0.000000
0.000000
0.000000
0.000000
0.000000
0.000000
0.000000
0.000000
0.000000
0.000000
0.000000
0.000000
0.000000
0.000000
0.000000
0.000000
0.000000
0.000000
0.000000
0.000000
0.000000
0.000000
0.000000
0.000000
0.000000
0.000000
0.000000
0.000000
0.000000
0.000000
0.000000
0.000000
0.000000
0.000000
0.000000
0.000000
0.000000
0.000000
0.000000
0.000000
0.000000
0.000000
0.000000
0.000000
0.000000
0.000000
0.000000
0.000000
0.000000
0.000000
0.000000
0.000000
0.000000
0.000000
0.000000
0.000000
0.000000
0.000000
0.000000
0.000000
0.000000
0.000000
0.000000
0.000000
0.000000
0.000000
0.000000
0.000000
0.000000
0.000000
0.000000
0.000000
0.000000
0.000000
0.000000
0.000000
0.000000
0.000000
0.000000
0.000000
0.000000
0.000000
0.000000
0.000000
0.000000
0.000000
0.000000
0.000000
0.000000
0.000000
0.000000
0.000000
0.000000
0.000000
0.000000
0.000000
0.000000
0.000000
0.000000
0.000000
0.000000
0.000000
0.000000
0.000000
0.000000
0.000000
0.000000
0.000000
0.000000
0.000000
0.000000
