25.229700
75.583000
1034.200000
271.580000
143.490000
82.784000
56.604000
37.613000
26.717000
20.528000
13.468000
11.035000
8.867800
6.165500
4.655800
3.519600
2.586800
2.352800
1.697700
1.448600
1.147300
1.009500
0.637130
0.521850
0.427120
0.275700
0.242320
0.201720
0.136250
0.112080
0.107430
0.093097
0.067838
0.044861
0.032158
0.067945
0.042354
0.020413
0.029331
0.017425
0.005168
0.006287
0.003125
0.005068
0.003212
0.000110
0.001521
0.002213
0.000540
0.002387
0.001678
0.000091
0.000633
0.000393
0.000615
0.000032
0.000015
0.000000
0.000006
0.000000
0.000195
0.000023
0.000003
0.000002
0.000000
0.000002
0.000023
0.000000
0.000000
0.000000
0.000008
0.000000
0.000026
0.000000
0.000000
0.000000
0.000000
0.000000
0.000000
0.000000
0.000000
0.000000
0.000000
0.000000
0.000000
0.000000
0.000000
0.000000
0.000000
0.000000
0.000000
0.000000
0.000000
0.000000
0.000000
0.000000
0.000000
0.000000
0.000000
0.000000
0.000000
0.000000
0.000000
0.000000
0.000000
0.000000
0.000000
0.000000
0.000000
0.000000
0.000000
0.000000
0.000000
0.000000
0.000000
0.000000
0.000000
0.000000
0.000000
0.000000
0.000000
0.000000
0.000000
0.000000
0.000000
0.000000
0.000000
0.000000
0.000000
0.000000
0.000000
0.000000
0.000000
0.000000
0.000000
0.000000
0.000000
0.000000
0.000000
0.000000
0.000000
0.000000
0.000000
0.000000
0.000000
0.000000
0.000000
0.000000
0.000000
0.000000
0.000000
0.000000
0.000000
0.000000
0.000000
0.000000
0.000000
0.000000
0.000000
0.000000
0.000000
0.000000
0.000000
0.000000
0.000000
0.000000
0.000000
0.000000
0.000000
0.000000
0.000000
0.000000
0.000000
0.000000
0.000000
0.000000
0.000000
0.000000
0.000000
0.000000
0.000000
0.000000
0.000000
0.000000
0.000000
0.000000
0.000000
0.000000
0.000000
0.000000
0.000000
0.000000
0.000000
0.000000
0.000000
0.000000
0.000000
0.000000
0.000000
0.000000
0.000000
0.000000
