30.772900
64.520400
1025.900000
260.460000
124.320000
78.477000
49.560000
35.263000
23.273000
17.153000
13.536000
9.460700
7.383500
5.337100
4.055300
3.134000
2.666200
1.941600
1.688900
1.286200
0.726380
0.773180
0.560930
0.309480
0.362510
0.236030
0.214250
0.131060
0.126000
0.089646
0.049992
0.064678
0.038505
0.026601
0.031150
0.017977
0.015997
0.012685
0.016242
0.007878
0.014984
0.003997
0.006545
0.001349
0.001583
0.000357
0.002399
0.002727
0.003168
0.000175
0.000374
0.000339
0.000097
0.000145
0.000751
0.000039
0.000305
0.000028
0.000036
0.000140
0.000070
0.000034
0.000002
0.000058
0.000028
0.000072
0.000007
0.000000
0.000005
0.000000
0.000000
0.000010
0.000000
0.000000
0.000000
0.000000
0.000000
0.000000
0.000000
0.000000
0.000000
0.000000
0.000000
0.000000
0.000000
0.000000
0.000000
0.000000
0.000000
0.000000
0.000000
0.000000
0.000000
0.000000
0.000000
0.000000
0.000000
0.000000
0.000000
0.000000
0.000000
0.000000
0.000000
0.000000
0.000000
0.000000
0.000000
0.000000
0.000000
0.000000
0.000000
0.000000
0.000000
0.000000
0.000000
0.000000
0.000000
0.000000
0.000000
0.000000
0.000000
0.000000
0.000000
0.000000
0.000000
0.000000
0.000000
0.000000
0.000000
0.000000
0.000000
0.000000
0.000000
0.000000
0.000000
0.000000
0.000000
0.000000
0.000000
0.000000
0.000000
0.000000
0.000000
0.000000
0.000000
0.000000
0.000000
0.000000
0.000000
0.000000
0.000000
0.000000
0.000000
0.000000
0.000000
0.000000
0.000000
0.000000
0.000000
0.000000
0.000000
0.000000
0.000000
0.000000
0.000000
0.000000
0.000000
0.000000
0.000000
0.000000
0.000000
0.000000
0.000000
0.000000
0.000000
0.000000
0.000000
0.000000
0.000000
0.000000
0.000000
0.000000
0.000000
0.000000
0.000000
0.000000
0.000000
0.000000
0.000000
0.000000
0.000000
0.000000
0.000000
0.000000
0.000000
0.000000
0.000000
0.000000
0.000000
0.000000
0.000000
0.000000
