30.303200
77.740400
1003.100000
254.750000
127.920000
71.151000
48.977000
33.428000
22.080000
17.040000
11.777000
8.873400
6.355200
5.254000
3.492600
3.108600
2.296700
1.592900
1.407600
0.936410
0.702590
0.645800
0.533040
0.370550
0.298270
0.223260
0.183210
0.143670
0.069751
0.100560
0.077978
0.044433
0.040122
0.021363
0.022020
0.019471
0.015660
0.020422
0.025455
0.003547
0.006349
0.002314
0.002549
0.002288
0.002127
0.000867
0.001412
0.000143
0.000497
0.001131
0.000498
0.000084
0.000354
0.000907
0.000178
0.000091
0.000025
0.000003
0.000003
0.000085
0.000002
0.000127
0.000013
0.000015
0.000002
0.000000
0.000046
0.000000
0.000000
0.000000
0.000005
0.000000
0.000000
0.000000
0.000000
0.000019
0.000000
0.000000
0.000000
0.000000
0.000000
0.000000
0.000000
0.000000
0.000000
0.000000
0.000000
0.000000
0.000000
0.000000
0.000000
0.000000
0.000000
0.000000
0.000000
0.000000
0.000000
0.000000
0.000000
0.000000
0.000000
0.000000
0.000000
0.000000
0.000000
0.000000
0.000000
0.000000
0.000000
0.000000
0.000000
0.000000
0.000000
0.000000
0.000000
0.000000
0.000000
0.000000
0.000000
0.000000
0.000000
0.000000
0.000000
0.000000
0.000000
0.000000
0.000000
0.000000
0.000000
0.000000
0.000000
0.000000
0.000000
0.000000
0.000000
0.000000
0.000000
0.000000
0.000000
0.000000
0.000000
0.000000
0.000000
0.000000
0.000000
0.000000
0.000000
0.000000
0.000000
0.000000
0.000000
0.000000
0.000000
0.000000
0.000000
0.000000
0.000000
0.000000
0.000000
0.000000
0.000000
0.000000
0.000000
0.000000
0.000000
0.000000
0.000000
0.000000
0.000000
0.000000
0.000000
0.000000
0.000000
0.000000
0.000000
0.000000
0.000000
0.000000
0.000000
0.000000
0.000000
0.000000
0.000000
0.000000
0.000000
0.000000
0.000000
0.000000
0.000000
0.000000
0.000000
0.000000
0.000000
0.000000
0.000000
0.000000
0.000000
0.000000
0.000000
0.000000
0.000000
0.000000
