29.421800
79.089200
1047.200000
248.500000
122.420000
76.742000
46.095000
34.500000
23.570000
18.244000
13.069000
10.025000
6.548700
4.906600
4.308200
3.488800
2.453300
1.727500
1.390200
1.148900
0.884890
0.615890
0.614530
0.406930
0.293030
0.196180
0.231520
0.207340
0.124460
0.104060
0.072414
0.047717
0.043147
0.036369
0.025905
0.018036
0.023330
0.008615
0.007565
0.007606
0.010812
0.007120
0.002940
0.001687
0.000685
0.000344
0.001900
0.000341
0.000428
0.000304
0.000560
0.000224
0.000249
0.000004
0.000004
0.000058
0.000160
0.000007
0.000063
0.000000
0.000007
0.000000
0.000023
0.000000
0.000002
0.000000
0.000000
0.000011
0.000000
0.000000
0.000000
0.000000
0.000000
0.000000
0.000000
0.000000
0.000000
0.000000
0.000000
0.000000
0.000000
0.000000
0.000000
0.000000
0.000000
0.000000
0.000000
0.000000
0.000000
0.000000
0.000000
0.000000
0.000000
0.000000
0.000000
0.000000
0.000000
0.000000
0.000000
0.000000
0.000000
0.000000
0.000000
0.000000
0.000000
0.000000
0.000000
0.000000
0.000000
0.000000
0.000000
0.000000
0.000000
0.000000
0.000000
0.000000
0.000000
0.000000
0.000000
0.000000
0.000000
0.000000
0.000000
0.000000
0.000000
0.000000
0.000000
0.000000
0.000000
0.000000
0.000000
0.000000
0.000000
0.000000
0.000000
0.000000
0.000000
0.000000
0.000000
0.000000
0.000000
0.000000
0.000000
0.000000
0.000000
0.000000
0.000000
0.000000
0.000000
0.000000
0.000000
0.000000
0.000000
0.000000
0.000000
0.000000
0.000000
0.000000
0.000000
0.000000
0.000000
0.000000
0.000000
0.000000
0.000000
0.000000
0.000000
0.000000
0.000000
0.000000
0.000000
0.000000
0.000000
0.000000
0.000000
0.000000
0.000000
0.000000
0.000000
0.000000
0.000000
0.000000
0.000000
0.000000
0.000000
0.000000
0.000000
0.000000
0.000000
0.000000
0.000000
0.000000
0.000000
0.000000
0.000000
0.000000
0.000000
0.000000
0.000000
0.000000
0.000000
0.000000
