24.461200
68.542100
1021.900000
283.580000
141.960000
79.526000
56.582000
37.697000
27.308000
18.160000
16.380000
11.501000
8.688700
6.144400
5.587900
3.833300
2.966800
2.385000
2.001100
1.366400
1.226500
0.850530
0.749560
0.541910
0.490950
0.401230
0.298770
0.209070
0.159720
0.158520
0.110220
0.101100
0.082132
0.048194
0.032273
0.036502
0.017380
0.029117
0.028944
0.011796
0.007816
0.004954
0.002165
0.006708
0.008538
0.003590
0.003727
0.003413
0.000709
0.000250
0.000457
0.000377
0.000174
0.000640
0.000635
0.000163
0.000369
0.000040
0.000108
0.000385
0.000035
0.000025
0.000006
0.000001
0.000024
0.000035
0.000008
0.000000
0.000000
0.000000
0.000010
0.000007
0.000000
0.000008
0.000000
0.000000
0.000000
0.000000
0.000001
0.000000
0.000000
0.000000
0.000000
0.000000
0.000000
0.000000
0.000000
0.000000
0.000000
0.000000
0.000000
0.000000
0.000000
0.000000
0.000000
0.000000
0.000000
0.000000
0.000000
0.000000
0.000000
0.000000
0.000000
0.000000
0.000000
0.000000
0.000000
0.000000
0.000000
0.000000
0.000000
0.000000
0.000000
0.000000
0.000000
0.000000
0.000000
0.000000
0.000000
0.000000
0.000000
0.000000
0.000000
0.000000
0.000000
0.000000
0.000000
0.000000
0.000000
0.000000
0.000000
0.000000
0.000000
0.000000
0.000000
0.000000
0.000000
0.000000
0.000000
0.000000
0.000000
0.000000
0.000000
0.000000
0.000000
0.000000
0.000000
0.000000
0.000000
0.000000
0.000000
0.000000
0.000000
0.000000
0.000000
0.000000
0.000000
0.000000
0.000000
0.000000
0.000000
0.000000
0.000000
0.000000
0.000000
0.000000
0.000000
0.000000
0.000000
0.000000
0.000000
0.000000
0.000000
0.000000
0.000000
0.000000
0.000000
0.000000
0.000000
0.000000
0.000000
0.000000
0.000000
0.000000
0.000000
0.000000
0.000000
0.000000
0.000000
0.000000
0.000000
0.000000
0.000000
0.000000
0.000000
0.000000
0.000000
0.000000
0.000000
0.000000
0.000000
0.000000
