28.383300
70.321200
1089.400000
248.100000
133.880000
77.304000
51.324000
37.164000
22.057000
18.011000
13.034000
10.634000
6.890000
6.092600
4.512500
3.279400
2.491200
2.225100
1.642100
1.050900
0.962860
0.712750
0.573100
0.431880
0.354050
0.249650
0.261250
0.169060
0.109430
0.124190
0.096186
0.082266
0.047439
0.032043
0.038778
0.030273
0.026352
0.008440
0.011880
0.007662
0.002782
0.004396
0.003750
0.003271
0.005239
0.005013
0.001913
0.001117
0.001357
0.005165
0.000528
0.000743
0.000077
0.000012
0.000160
0.000019
0.000103
0.000039
0.000017
0.000010
0.000002
0.000165
0.000000
0.000000
0.000002
0.000013
0.000015
0.000000
0.000000
0.000000
0.000156
0.000000
0.000000
0.000000
0.000003
0.000000
0.000000
0.000000
0.000000
0.000000
0.000000
0.000000
0.000000
0.000000
0.000000
0.000000
0.000000
0.000000
0.000000
0.000000
0.000000
0.000000
0.000000
0.000000
0.000000
0.000000
0.000000
0.000000
0.000000
0.000000
0.000000
0.000000
0.000000
0.000000
0.000000
0.000000
0.000000
0.000000
0.000000
0.000000
0.000000
0.000000
0.000000
0.000000
0.000000
0.000000
0.000000
0.000000
0.000000
0.000000
0.000000
0.000000
0.000000
0.000000
0.000000
0.000000
0.000000
0.000000
0.000000
0.000000
0.000000
0.000000
0.000000
0.000000
0.000000
0.000000
0.000000
0.000000
0.000000
0.000000
0.000000
0.000000
0.000000
0.000000
0.000000
0.000000
0.000000
0.000000
0.000000
0.000000
0.000000
0.000000
0.000000
0.000000
0.000000
0.000000
0.000000
0.000000
0.000000
0.000000
0.000000
0.000000
0.000000
0.000000
0.000000
0.000000
0.000000
0.000000
0.000000
0.000000
0.000000
0.000000
0.000000
0.000000
0.000000
0.000000
0.000000
0.000000
0.000000
0.000000
0.000000
0.000000
0.000000
0.000000
0.000000
0.000000
0.000000
0.000000
0.000000
0.000000
0.000000
0.000000
0.000000
0.000000
0.000000
0.000000
0.000000
0.000000
0.000000
0.000000
0.000000
0.000000
