39.737600
73.749200
960.070000
237.820000
113.640000
63.825000
39.966000
28.130000
18.853000
13.607000
9.994200
6.597600
5.226100
4.035400
2.813900
2.172900
1.576200
1.177700
0.875230
0.775650
0.543520
0.373470
0.333260
0.199510
0.158600
0.129680
0.126370
0.080330
0.066729
0.050419
0.029385
0.039521
0.025157
0.009938
0.011814
0.008216
0.009301
0.005749
0.002026
0.001402
0.002261
0.001501
0.003667
0.001670
0.000216
0.000863
0.000445
0.000622
0.000479
0.000116
0.000175
0.000044
0.000039
0.000010
0.000004
0.000027
0.000029
0.000007
0.000000
0.000000
0.000004
0.000004
0.000002
0.000000
0.000007
0.000002
0.000000
0.000004
0.000000
0.000000
0.000001
0.000000
0.000000
0.000000
0.000000
0.000000
0.000000
0.000000
0.000000
0.000000
0.000000
0.000000
0.000000
0.000000
0.000000
0.000000
0.000000
0.000000
0.000000
0.000000
0.000000
0.000000
0.000000
0.000000
0.000000
0.000000
0.000000
0.000000
0.000000
0.000000
0.000000
0.000000
0.000000
0.000000
0.000000
0.000000
0.000000
0.000000
0.000000
0.000000
0.000000
0.000000
0.000000
0.000000
0.000000
0.000000
0.000000
0.000000
0.000000
0.000000
0.000000
0.000000
0.000000
0.000000
0.000000
0.000000
0.000000
0.000000
0.000000
0.000000
0.000000
0.000000
0.000000
0.000000
0.000000
0.000000
0.000000
0.000000
0.000000
0.000000
0.000000
0.000000
0.000000
0.000000
0.000000
0.000000
0.000000
0.000000
0.000000
0.000000
0.000000
0.000000
0.000000
0.000000
0.000000
0.000000
0.000000
0.000000
0.000000
0.000000
0.000000
0.000000
0.000000
0.000000
0.000000
0.000000
0.000000
0.000000
0.000000
0.000000
0.000000
0.000000
0.000000
0.000000
0.000000
0.000000
0.000000
0.000000
0.000000
0.000000
0.000000
0.000000
0.000000
0.000000
0.000000
0.000000
0.000000
0.000000
0.000000
0.000000
0.000000
0.000000
0.000000
0.000000
0.000000
0.000000
0.000000
0.000000
0.000000
0.000000
0.000000
0.000000
