38.047800
65.456700
1034.300000
249.890000
111.800000
66.220000
40.140000
28.276000
19.491000
14.608000
10.763000
7.612800
5.513600
4.354400
2.927100
2.635600
1.853300
1.293600
1.100800
0.777610
0.592750
0.382100
0.310420
0.261270
0.188040
0.215800
0.155270
0.108530
0.071888
0.048849
0.045432
0.044323
0.026854
0.020439
0.019032
0.017519
0.007746
0.006933
0.003231
0.003576
0.002359
0.006119
0.001611
0.000486
0.000378
0.000407
0.003063
0.000883
0.000533
0.000653
0.000028
0.000104
0.000340
0.000153
0.000101
0.000189
0.000104
0.000009
0.000003
0.000000
0.000071
0.000033
0.000000
0.000000
0.000004
0.000000
0.000008
0.000011
0.000000
0.000000
0.000000
0.000000
0.000000
0.000000
0.000000
0.000000
0.000000
0.000000
0.000000
0.000000
0.000000
0.000000
0.000000
0.000000
0.000000
0.000000
0.000000
0.000000
0.000000
0.000000
0.000000
0.000000
0.000000
0.000000
0.000000
0.000000
0.000000
0.000000
0.000000
0.000000
0.000000
0.000000
0.000000
0.000000
0.000000
0.000000
0.000000
0.000000
0.000000
0.000000
0.000000
0.000000
0.000000
0.000000
0.000000
0.000000
0.000000
0.000000
0.000000
0.000000
0.000000
0.000000
0.000000
0.000000
0.000000
0.000000
0.000000
0.000000
0.000000
0.000000
0.000000
0.000000
0.000000
0.000000
0.000000
0.000000
0.000000
0.000000
0.000000
0.000000
0.000000
0.000000
0.000000
0.000000
0.000000
0.000000
0.000000
0.000000
0.000000
0.000000
0.000000
0.000000
0.000000
0.000000
0.000000
0.000000
0.000000
0.000000
0.000000
0.000000
0.000000
0.000000
0.000000
0.000000
0.000000
0.000000
0.000000
0.000000
0.000000
0.000000
0.000000
0.000000
0.000000
0.000000
0.000000
0.000000
0.000000
0.000000
0.000000
0.000000
0.000000
0.000000
0.000000
0.000000
0.000000
0.000000
0.000000
0.000000
0.000000
0.000000
0.000000
0.000000
0.000000
0.000000
0.000000
0.000000
0.000000
0.000000
0.000000
0.000000
0.000000
0.000000
