23.362300
65.124500
1170.400000
299.040000
142.830000
84.021000
59.051000
38.373000
29.396000
19.968000
16.081000
12.666000
9.310200
7.182400
6.049200
4.620700
3.375500
2.457600
2.354800
1.586600
1.629200
0.891320
0.811810
0.580950
0.521780
0.444650
0.289340
0.230170
0.209750
0.150890
0.131510
0.071678
0.059898
0.086551
0.061932
0.031301
0.033053
0.021613
0.011092
0.023078
0.011123
0.005372
0.008618
0.001480
0.005056
0.000947
0.001994
0.002547
0.001164
0.000795
0.000291
0.000225
0.002669
0.000544
0.000517
0.000311
0.000079
0.000371
0.000079
0.000011
0.000012
0.000432
0.000054
0.000072
0.000025
0.000009
0.000000
0.000064
0.000429
0.000000
0.000000
0.000027
0.000000
0.000000
0.000000
0.000000
0.000000
0.000000
0.000000
0.000000
0.000000
0.000000
0.000000
0.000000
0.000000
0.000000
0.000000
0.000000
0.000000
0.000000
0.000000
0.000000
0.000000
0.000000
0.000000
0.000000
0.000000
0.000000
0.000000
0.000000
0.000000
0.000000
0.000000
0.000000
0.000000
0.000000
0.000000
0.000000
0.000000
0.000000
0.000000
0.000000
0.000000
0.000000
0.000000
0.000000
0.000000
0.000000
0.000000
0.000000
0.000000
0.000000
0.000000
0.000000
0.000000
0.000000
0.000000
0.000000
0.000000
0.000000
0.000000
0.000000
0.000000
0.000000
0.000000
0.000000
0.000000
0.000000
0.000000
0.000000
0.000000
0.000000
0.000000
0.000000
0.000000
0.000000
0.000000
0.000000
0.000000
0.000000
0.000000
0.000000
0.000000
0.000000
0.000000
0.000000
0.000000
0.000000
0.000000
0.000000
0.000000
0.000000
0.000000
0.000000
0.000000
0.000000
0.000000
0.000000
0.000000
0.000000
0.000000
0.000000
0.000000
0.000000
0.000000
0.000000
0.000000
0.000000
0.000000
0.000000
0.000000
0.000000
0.000000
0.000000
0.000000
0.000000
0.000000
0.000000
0.000000
0.000000
0.000000
0.000000
0.000000
0.000000
0.000000
0.000000
0.000000
0.000000
0.000000
0.000000
0.000000
0.000000
