39.374000
73.684600
945.040000
239.430000
110.420000
60.996000
40.494000
27.529000
20.827000
13.900000
9.178300
7.898900
5.766900
3.817700
2.617300
2.046400
1.614800
1.125500
0.923990
0.600780
0.482340
0.431730
0.319730
0.321740
0.179360
0.128690
0.133130
0.078885
0.053832
0.047009
0.049281
0.024800
0.025625
0.017981
0.009591
0.011122
0.006793
0.002632
0.005892
0.004982
0.001116
0.000729
0.001049
0.000460
0.000443
0.000299
0.000301
0.000389
0.000117
0.000164
0.000365
0.000078
0.000023
0.000110
0.000003
0.000014
0.000000
0.000004
0.000006
0.000000
0.000023
0.000000
0.000033
0.000015
0.000000
0.000000
0.000001
0.000007
0.000000
0.000000
0.000000
0.000000
0.000000
0.000000
0.000000
0.000000
0.000000
0.000000
0.000000
0.000000
0.000000
0.000000
0.000000
0.000000
0.000000
0.000000
0.000000
0.000000
0.000000
0.000000
0.000000
0.000000
0.000000
0.000000
0.000000
0.000000
0.000000
0.000000
0.000000
0.000000
0.000000
0.000000
0.000000
0.000000
0.000000
0.000000
0.000000
0.000000
0.000000
0.000000
0.000000
0.000000
0.000000
0.000000
0.000000
0.000000
0.000000
0.000000
0.000000
0.000000
0.000000
0.000000
0.000000
0.000000
0.000000
0.000000
0.000000
0.000000
0.000000
0.000000
0.000000
0.000000
0.000000
0.000000
0.000000
0.000000
0.000000
0.000000
0.000000
0.000000
0.000000
0.000000
0.000000
0.000000
0.000000
0.000000
0.000000
0.000000
0.000000
0.000000
0.000000
0.000000
0.000000
0.000000
0.000000
0.000000
0.000000
0.000000
0.000000
0.000000
0.000000
0.000000
0.000000
0.000000
0.000000
0.000000
0.000000
0.000000
0.000000
0.000000
0.000000
0.000000
0.000000
0.000000
0.000000
0.000000
0.000000
0.000000
0.000000
0.000000
0.000000
0.000000
0.000000
0.000000
0.000000
0.000000
0.000000
0.000000
0.000000
0.000000
0.000000
0.000000
0.000000
0.000000
0.000000
0.000000
0.000000
0.000000
0.000000
0.000000
0.000000
0.000000
