35.552900
73.855200
955.830000
232.100000
117.960000
71.192000
43.344000
28.631000
21.153000
14.579000
11.592000
7.458600
6.249700
4.685800
3.156700
2.413400
2.001000
1.228200
1.057600
0.828040
0.644430
0.476370
0.325480
0.257170
0.221760
0.187380
0.078506
0.098245
0.134820
0.067721
0.051650
0.039650
0.026456
0.017507
0.011419
0.022830
0.004606
0.011262
0.004594
0.001805
0.003640
0.001661
0.001449
0.000992
0.002951
0.000343
0.000738
0.000541
0.000339
0.000151
0.000097
0.000071
0.000169
0.000038
0.000057
0.000620
0.000122
0.000027
0.000002
0.000010
0.000039
0.000004
0.000000
0.000000
0.000109
0.000000
0.000003
0.000001
0.000021
0.000000
0.000000
0.000000
0.000000
0.000000
0.000000
0.000000
0.000000
0.000000
0.000000
0.000004
0.000000
0.000000
0.000000
0.000000
0.000000
0.000000
0.000000
0.000000
0.000000
0.000000
0.000000
0.000000
0.000000
0.000000
0.000000
0.000000
0.000000
0.000000
0.000000
0.000000
0.000000
0.000000
0.000000
0.000000
0.000000
0.000000
0.000000
0.000000
0.000000
0.000000
0.000000
0.000000
0.000000
0.000000
0.000000
0.000000
0.000000
0.000000
0.000000
0.000000
0.000000
0.000000
0.000000
0.000000
0.000000
0.000000
0.000000
0.000000
0.000000
0.000000
0.000000
0.000000
0.000000
0.000000
0.000000
0.000000
0.000000
0.000000
0.000000
0.000000
0.000000
0.000000
0.000000
0.000000
0.000000
0.000000
0.000000
0.000000
0.000000
0.000000
0.000000
0.000000
0.000000
0.000000
0.000000
0.000000
0.000000
0.000000
0.000000
0.000000
0.000000
0.000000
0.000000
0.000000
0.000000
0.000000
0.000000
0.000000
0.000000
0.000000
0.000000
0.000000
0.000000
0.000000
0.000000
0.000000
0.000000
0.000000
0.000000
0.000000
0.000000
0.000000
0.000000
0.000000
0.000000
0.000000
0.000000
0.000000
0.000000
0.000000
0.000000
0.000000
0.000000
0.000000
0.000000
0.000000
0.000000
0.000000
0.000000
0.000000
0.000000
0.000000
