39.062200
74.768200
964.740000
239.760000
111.210000
63.997000
43.357000
27.600000
19.409000
13.806000
9.886900
6.826500
5.383500
3.799700
3.249400
1.851900
1.689700
1.278000
1.045700
0.643180
0.532070
0.447000
0.277430
0.210370
0.147660
0.125430
0.147170
0.095958
0.040708
0.051613
0.036379
0.018534
0.017565
0.016677
0.011558
0.013763
0.005764
0.002453
0.003163
0.003465
0.001353
0.001572
0.000629
0.000424
0.001276
0.000224
0.000502
0.000222
0.000129
0.000117
0.000162
0.000220
0.000101
0.000051
0.000032
0.000025
0.000002
0.000004
0.000000
0.000000
0.000001
0.000000
0.000025
0.000000
0.000007
0.000000
0.000000
0.000004
0.000000
0.000000
0.000000
0.000000
0.000000
0.000000
0.000000
0.000000
0.000000
0.000000
0.000000
0.000000
0.000000
0.000000
0.000000
0.000000
0.000000
0.000000
0.000000
0.000000
0.000000
0.000000
0.000000
0.000000
0.000000
0.000000
0.000000
0.000000
0.000000
0.000000
0.000000
0.000000
0.000000
0.000000
0.000000
0.000000
0.000000
0.000000
0.000000
0.000000
0.000000
0.000000
0.000000
0.000000
0.000000
0.000000
0.000000
0.000000
0.000000
0.000000
0.000000
0.000000
0.000000
0.000000
0.000000
0.000000
0.000000
0.000000
0.000000
0.000000
0.000000
0.000000
0.000000
0.000000
0.000000
0.000000
0.000000
0.000000
0.000000
0.000000
0.000000
0.000000
0.000000
0.000000
0.000000
0.000000
0.000000
0.000000
0.000000
0.000000
0.000000
0.000000
0.000000
0.000000
0.000000
0.000000
0.000000
0.000000
0.000000
0.000000
0.000000
0.000000
0.000000
0.000000
0.000000
0.000000
0.000000
0.000000
0.000000
0.000000
0.000000
0.000000
0.000000
0.000000
0.000000
0.000000
0.000000
0.000000
0.000000
0.000000
0.000000
0.000000
0.000000
0.000000
0.000000
0.000000
0.000000
0.000000
0.000000
0.000000
0.000000
0.000000
0.000000
0.000000
0.000000
0.000000
0.000000
0.000000
0.000000
0.000000
0.000000
0.000000
0.000000
0.000000
