34.348000
60.268500
996.440000
251.340000
114.840000
71.219000
45.465000
31.751000
23.970000
17.995000
11.219000
8.907500
6.249900
5.016100
3.885000
2.967400
2.006600
1.676800
1.333900
0.940350
0.777060
0.586060
0.410320
0.360120
0.234280
0.213240
0.168620
0.150800
0.077019
0.080936
0.061410
0.048781
0.044022
0.036180
0.030890
0.029114
0.009744
0.006971
0.010401
0.006570
0.005959
0.001545
0.002912
0.004072
0.001805
0.002722
0.000772
0.002214
0.000282
0.001257
0.000337
0.000488
0.000774
0.000347
0.000066
0.000109
0.000117
0.000040
0.000507
0.000004
0.000002
0.000002
0.000016
0.000047
0.000032
0.000000
0.000000
0.000000
0.000000
0.000000
0.000000
0.000000
0.000000
0.000000
0.000000
0.000000
0.000000
0.000004
0.000000
0.000000
0.000000
0.000000
0.000000
0.000000
0.000000
0.000000
0.000000
0.000000
0.000000
0.000000
0.000000
0.000000
0.000000
0.000000
0.000000
0.000000
0.000000
0.000000
0.000000
0.000000
0.000000
0.000000
0.000000
0.000000
0.000000
0.000000
0.000000
0.000000
0.000000
0.000000
0.000000
0.000000
0.000000
0.000000
0.000000
0.000000
0.000000
0.000000
0.000000
0.000000
0.000000
0.000000
0.000000
0.000000
0.000000
0.000000
0.000000
0.000000
0.000000
0.000000
0.000000
0.000000
0.000000
0.000000
0.000000
0.000000
0.000000
0.000000
0.000000
0.000000
0.000000
0.000000
0.000000
0.000000
0.000000
0.000000
0.000000
0.000000
0.000000
0.000000
0.000000
0.000000
0.000000
0.000000
0.000000
0.000000
0.000000
0.000000
0.000000
0.000000
0.000000
0.000000
0.000000
0.000000
0.000000
0.000000
0.000000
0.000000
0.000000
0.000000
0.000000
0.000000
0.000000
0.000000
0.000000
0.000000
0.000000
0.000000
0.000000
0.000000
0.000000
0.000000
0.000000
0.000000
0.000000
0.000000
0.000000
0.000000
0.000000
0.000000
0.000000
0.000000
0.000000
0.000000
0.000000
0.000000
0.000000
0.000000
0.000000
0.000000
0.000000
0.000000
