34.267200
62.634300
978.110000
234.970000
123.130000
71.940000
45.952000
33.033000
22.388000
17.170000
10.905000
8.860300
5.767600
4.697500
3.885400
2.895800
2.092800
1.579300
1.327900
0.807300
0.689170
0.561010
0.476210
0.363700
0.288700
0.213210
0.215520
0.106850
0.080414
0.060302
0.058957
0.047502
0.027216
0.028066
0.019823
0.021879
0.017222
0.011236
0.005682
0.007689
0.002603
0.003506
0.004248
0.001355
0.000562
0.000494
0.001730
0.000625
0.004022
0.001288
0.000869
0.000180
0.000075
0.000080
0.000059
0.000008
0.000003
0.000023
0.000031
0.000007
0.000057
0.000009
0.000031
0.000042
0.000012
0.000012
0.000001
0.000000
0.000014
0.000002
0.000000
0.000011
0.000000
0.000000
0.000000
0.000000
0.000000
0.000000
0.000000
0.000000
0.000000
0.000000
0.000000
0.000000
0.000000
0.000000
0.000000
0.000000
0.000000
0.000000
0.000000
0.000000
0.000000
0.000000
0.000000
0.000000
0.000000
0.000000
0.000000
0.000000
0.000000
0.000000
0.000000
0.000000
0.000000
0.000000
0.000000
0.000000
0.000000
0.000000
0.000000
0.000000
0.000000
0.000000
0.000000
0.000000
0.000000
0.000000
0.000000
0.000000
0.000000
0.000000
0.000000
0.000000
0.000000
0.000000
0.000000
0.000000
0.000000
0.000000
0.000000
0.000000
0.000000
0.000000
0.000000
0.000000
0.000000
0.000000
0.000000
0.000000
0.000000
0.000000
0.000000
0.000000
0.000000
0.000000
0.000000
0.000000
0.000000
0.000000
0.000000
0.000000
0.000000
0.000000
0.000000
0.000000
0.000000
0.000000
0.000000
0.000000
0.000000
0.000000
0.000000
0.000000
0.000000
0.000000
0.000000
0.000000
0.000000
0.000000
0.000000
0.000000
0.000000
0.000000
0.000000
0.000000
0.000000
0.000000
0.000000
0.000000
0.000000
0.000000
0.000000
0.000000
0.000000
0.000000
0.000000
0.000000
0.000000
0.000000
0.000000
0.000000
0.000000
0.000000
0.000000
0.000000
0.000000
0.000000
0.000000
0.000000
0.000000
0.000000
