34.881400
61.506300
976.200000
222.190000
122.750000
66.538000
45.834000
31.343000
21.418000
15.791000
11.373000
8.822800
7.160900
5.397800
3.756500
2.972300
2.436300
1.546700
1.264100
1.161900
0.772570
0.498150
0.380170
0.350260
0.293880
0.214680
0.142140
0.154280
0.114740
0.077929
0.061312
0.051339
0.047143
0.023139
0.013016
0.012629
0.011960
0.007207
0.016877
0.008589
0.005019
0.003220
0.003392
0.000538
0.000398
0.001838
0.000751
0.000721
0.002022
0.000945
0.000085
0.000374
0.000601
0.000266
0.000186
0.000053
0.000046
0.000054
0.000062
0.000019
0.000012
0.000002
0.000012
0.000009
0.000009
0.000087
0.000000
0.000000
0.000000
0.000003
0.000001
0.000000
0.000000
0.000000
0.000000
0.000000
0.000000
0.000000
0.000000
0.000000
0.000000
0.000000
0.000000
0.000000
0.000000
0.000000
0.000000
0.000000
0.000000
0.000000
0.000000
0.000000
0.000000
0.000000
0.000000
0.000000
0.000000
0.000000
0.000000
0.000000
0.000000
0.000000
0.000000
0.000000
0.000000
0.000000
0.000000
0.000000
0.000000
0.000000
0.000000
0.000000
0.000000
0.000000
0.000000
0.000000
0.000000
0.000000
0.000000
0.000000
0.000000
0.000000
0.000000
0.000000
0.000000
0.000000
0.000000
0.000000
0.000000
0.000000
0.000000
0.000000
0.000000
0.000000
0.000000
0.000000
0.000000
0.000000
0.000000
0.000000
0.000000
0.000000
0.000000
0.000000
0.000000
0.000000
0.000000
0.000000
0.000000
0.000000
0.000000
0.000000
0.000000
0.000000
0.000000
0.000000
0.000000
0.000000
0.000000
0.000000
0.000000
0.000000
0.000000
0.000000
0.000000
0.000000
0.000000
0.000000
0.000000
0.000000
0.000000
0.000000
0.000000
0.000000
0.000000
0.000000
0.000000
0.000000
0.000000
0.000000
0.000000
0.000000
0.000000
0.000000
0.000000
0.000000
0.000000
0.000000
0.000000
0.000000
0.000000
0.000000
0.000000
0.000000
0.000000
0.000000
0.000000
0.000000
0.000000
0.000000
0.000000
0.000000
