36.434900
61.074700
996.000000
232.730000
117.800000
64.665000
46.220000
30.117000
20.435000
14.321000
10.878000
7.910000
5.869300
4.520800
3.195400
2.528800
2.058900
1.555000
1.322800
0.980900
0.598120
0.483270
0.462600
0.321280
0.205910
0.219000
0.135090
0.130470
0.096592
0.038237
0.061631
0.043225
0.032487
0.023297
0.010431
0.011595
0.013145
0.005496
0.006687
0.005142
0.005258
0.003253
0.002456
0.001136
0.001630
0.001117
0.000422
0.001258
0.000523
0.000140
0.000503
0.000050
0.000046
0.000184
0.000040
0.000171
0.000028
0.000163
0.000012
0.000052
0.000000
0.000020
0.000090
0.000030
0.000016
0.000002
0.000026
0.000000
0.000000
0.000010
0.000000
0.000000
0.000000
0.000000
0.000000
0.000000
0.000000
0.000000
0.000000
0.000000
0.000000
0.000000
0.000000
0.000000
0.000000
0.000000
0.000000
0.000000
0.000000
0.000000
0.000000
0.000000
0.000000
0.000000
0.000000
0.000000
0.000000
0.000000
0.000000
0.000000
0.000000
0.000000
0.000000
0.000000
0.000000
0.000000
0.000000
0.000000
0.000000
0.000000
0.000000
0.000000
0.000000
0.000000
0.000000
0.000000
0.000000
0.000000
0.000000
0.000000
0.000000
0.000000
0.000000
0.000000
0.000000
0.000000
0.000000
0.000000
0.000000
0.000000
0.000000
0.000000
0.000000
0.000000
0.000000
0.000000
0.000000
0.000000
0.000000
0.000000
0.000000
0.000000
0.000000
0.000000
0.000000
0.000000
0.000000
0.000000
0.000000
0.000000
0.000000
0.000000
0.000000
0.000000
0.000000
0.000000
0.000000
0.000000
0.000000
0.000000
0.000000
0.000000
0.000000
0.000000
0.000000
0.000000
0.000000
0.000000
0.000000
0.000000
0.000000
0.000000
0.000000
0.000000
0.000000
0.000000
0.000000
0.000000
0.000000
0.000000
0.000000
0.000000
0.000000
0.000000
0.000000
0.000000
0.000000
0.000000
0.000000
0.000000
0.000000
0.000000
0.000000
0.000000
0.000000
0.000000
0.000000
0.000000
0.000000
0.000000
0.000000
0.000000
