34.191000
76.288400
1002.200000
260.510000
124.170000
69.340000
42.533000
30.109000
21.367000
15.188000
11.603000
8.197400
6.020600
4.639400
3.495100
2.878600
2.043800
1.483800
1.300400
0.866750
0.752030
0.454280
0.385950
0.328210
0.244830
0.201830
0.137500
0.093269
0.085814
0.062318
0.050828
0.050031
0.020040
0.015344
0.019286
0.011107
0.009089
0.003880
0.011147
0.009960
0.001210
0.003704
0.004686
0.003979
0.000362
0.000266
0.000496
0.000199
0.000044
0.000615
0.000049
0.000520
0.000061
0.000295
0.000045
0.000044
0.000005
0.000003
0.000029
0.000111
0.000001
0.000000
0.000051
0.000086
0.000000
0.000024
0.000003
0.000007
0.000000
0.000000
0.000000
0.000000
0.000000
0.000000
0.000000
0.000000
0.000000
0.000000
0.000000
0.000000
0.000000
0.000000
0.000000
0.000000
0.000000
0.000000
0.000000
0.000000
0.000000
0.000000
0.000000
0.000000
0.000000
0.000000
0.000000
0.000000
0.000000
0.000000
0.000000
0.000000
0.000000
0.000000
0.000000
0.000000
0.000000
0.000000
0.000000
0.000000
0.000000
0.000000
0.000000
0.000000
0.000000
0.000000
0.000000
0.000000
0.000000
0.000000
0.000000
0.000000
0.000000
0.000000
0.000000
0.000000
0.000000
0.000000
0.000000
0.000000
0.000000
0.000000
0.000000
0.000000
0.000000
0.000000
0.000000
0.000000
0.000000
0.000000
0.000000
0.000000
0.000000
0.000000
0.000000
0.000000
0.000000
0.000000
0.000000
0.000000
0.000000
0.000000
0.000000
0.000000
0.000000
0.000000
0.000000
0.000000
0.000000
0.000000
0.000000
0.000000
0.000000
0.000000
0.000000
0.000000
0.000000
0.000000
0.000000
0.000000
0.000000
0.000000
0.000000
0.000000
0.000000
0.000000
0.000000
0.000000
0.000000
0.000000
0.000000
0.000000
0.000000
0.000000
0.000000
0.000000
0.000000
0.000000
0.000000
0.000000
0.000000
0.000000
0.000000
0.000000
0.000000
0.000000
0.000000
0.000000
0.000000
0.000000
0.000000
0.000000
0.000000
0.000000
