36.782700
66.844800
1017.900000
236.740000
110.580000
71.153000
42.509000
30.334000
20.294000
14.614000
10.449000
7.958700
5.487000
4.059400
3.491300
2.825400
1.956600
1.495400
1.087000
0.956680
0.617120
0.417410
0.340230
0.264990
0.239250
0.177670
0.112720
0.145150
0.073421
0.082253
0.088050
0.041568
0.027965
0.022966
0.020260
0.013033
0.008182
0.011128
0.007484
0.005412
0.000993
0.003895
0.002395
0.000475
0.002225
0.001675
0.000349
0.000894
0.000941
0.000627
0.000364
0.000506
0.000136
0.000009
0.000202
0.000104
0.000017
0.000156
0.000012
0.000013
0.000002
0.000031
0.000000
0.000000
0.000000
0.000000
0.000003
0.000000
0.000000
0.000000
0.000004
0.000000
0.000000
0.000000
0.000000
0.000000
0.000000
0.000000
0.000000
0.000000
0.000000
0.000000
0.000000
0.000000
0.000000
0.000000
0.000000
0.000007
0.000000
0.000000
0.000000
0.000000
0.000000
0.000000
0.000000
0.000000
0.000000
0.000000
0.000000
0.000000
0.000000
0.000000
0.000000
0.000000
0.000000
0.000000
0.000000
0.000000
0.000000
0.000000
0.000000
0.000000
0.000000
0.000000
0.000000
0.000000
0.000000
0.000000
0.000000
0.000000
0.000000
0.000000
0.000000
0.000000
0.000000
0.000000
0.000000
0.000000
0.000000
0.000000
0.000000
0.000000
0.000000
0.000000
0.000000
0.000000
0.000000
0.000000
0.000000
0.000000
0.000000
0.000000
0.000000
0.000000
0.000000
0.000000
0.000000
0.000000
0.000000
0.000000
0.000000
0.000000
0.000000
0.000000
0.000000
0.000000
0.000000
0.000000
0.000000
0.000000
0.000000
0.000000
0.000000
0.000000
0.000000
0.000000
0.000000
0.000000
0.000000
0.000000
0.000000
0.000000
0.000000
0.000000
0.000000
0.000000
0.000000
0.000000
0.000000
0.000000
0.000000
0.000000
0.000000
0.000000
0.000000
0.000000
0.000000
0.000000
0.000000
0.000000
0.000000
0.000000
0.000000
0.000000
0.000000
0.000000
0.000000
0.000000
0.000000
0.000000
0.000000
0.000000
