33.238300
77.904500
1121.100000
256.840000
120.220000
71.080000
43.514000
31.917000
19.011000
13.842000
11.916000
8.543000
6.281700
4.700600
3.525600
2.605300
2.110300
1.599600
1.212300
1.046300
0.651290
0.503360
0.373480
0.404610
0.276210
0.208210
0.140880
0.121310
0.073091
0.073037
0.055724
0.036926
0.028516
0.017614
0.016127
0.020651
0.019052
0.003968
0.004732
0.004257
0.005773
0.003265
0.001053
0.001618
0.000481
0.000334
0.000277
0.000817
0.000450
0.000138
0.000061
0.000067
0.000008
0.000098
0.000012
0.000132
0.000004
0.000014
0.000002
0.000011
0.000004
0.000000
0.000000
0.000010
0.000006
0.000001
0.000000
0.000005
0.000000
0.000000
0.000083
0.000000
0.000000
0.000000
0.000000
0.000000
0.000000
0.000000
0.000000
0.000000
0.000000
0.000000
0.000000
0.000000
0.000000
0.000000
0.000000
0.000000
0.000000
0.000000
0.000000
0.000000
0.000000
0.000000
0.000000
0.000000
0.000000
0.000000
0.000000
0.000000
0.000000
0.000000
0.000000
0.000000
0.000000
0.000000
0.000000
0.000000
0.000000
0.000000
0.000000
0.000000
0.000000
0.000000
0.000000
0.000000
0.000000
0.000000
0.000000
0.000000
0.000000
0.000000
0.000000
0.000000
0.000000
0.000000
0.000000
0.000000
0.000000
0.000000
0.000000
0.000000
0.000000
0.000000
0.000000
0.000000
0.000000
0.000000
0.000000
0.000000
0.000000
0.000000
0.000000
0.000000
0.000000
0.000000
0.000000
0.000000
0.000000
0.000000
0.000000
0.000000
0.000000
0.000000
0.000000
0.000000
0.000000
0.000000
0.000000
0.000000
0.000000
0.000000
0.000000
0.000000
0.000000
0.000000
0.000000
0.000000
0.000000
0.000000
0.000000
0.000000
0.000000
0.000000
0.000000
0.000000
0.000000
0.000000
0.000000
0.000000
0.000000
0.000000
0.000000
0.000000
0.000000
0.000000
0.000000
0.000000
0.000000
0.000000
0.000000
0.000000
0.000000
0.000000
0.000000
0.000000
0.000000
0.000000
0.000000
0.000000
0.000000
0.000000
