29.492900
72.433900
1029.900000
254.910000
128.450000
76.331000
47.282000
34.245000
24.041000
17.265000
13.927000
10.467000
7.557200
5.489400
4.108900
3.067200
2.280700
1.794400
1.489700
1.163600
0.992400
0.742480
0.445760
0.377530
0.329510
0.254330
0.194500
0.178650
0.132260
0.099458
0.082251
0.047041
0.057614
0.044464
0.029342
0.033816
0.015283
0.011933
0.012091
0.006820
0.011126
0.003774
0.003262
0.004460
0.001191
0.003762
0.001617
0.001339
0.003407
0.000553
0.000363
0.000554
0.000067
0.000140
0.000000
0.000137
0.000012
0.000002
0.000167
0.000127
0.000020
0.000050
0.000003
0.000017
0.000000
0.000000
0.000013
0.000004
0.000000
0.000004
0.000000
0.000000
0.000000
0.000004
0.000000
0.000000
0.000000
0.000000
0.000000
0.000000
0.000000
0.000000
0.000000
0.000000
0.000000
0.000000
0.000000
0.000000
0.000000
0.000000
0.000000
0.000000
0.000000
0.000000
0.000000
0.000000
0.000000
0.000000
0.000000
0.000000
0.000000
0.000000
0.000000
0.000000
0.000000
0.000000
0.000000
0.000000
0.000000
0.000000
0.000000
0.000000
0.000000
0.000000
0.000000
0.000000
0.000000
0.000000
0.000000
0.000000
0.000000
0.000000
0.000000
0.000000
0.000000
0.000000
0.000000
0.000000
0.000000
0.000000
0.000000
0.000000
0.000000
0.000000
0.000000
0.000000
0.000000
0.000000
0.000000
0.000000
0.000000
0.000000
0.000000
0.000000
0.000000
0.000000
0.000000
0.000000
0.000000
0.000000
0.000000
0.000000
0.000000
0.000000
0.000000
0.000000
0.000000
0.000000
0.000000
0.000000
0.000000
0.000000
0.000000
0.000000
0.000000
0.000000
0.000000
0.000000
0.000000
0.000000
0.000000
0.000000
0.000000
0.000000
0.000000
0.000000
0.000000
0.000000
0.000000
0.000000
0.000000
0.000000
0.000000
0.000000
0.000000
0.000000
0.000000
0.000000
0.000000
0.000000
0.000000
0.000000
0.000000
0.000000
0.000000
0.000000
0.000000
0.000000
0.000000
0.000000
0.000000
0.000000
