29.631200
65.635000
1046.800000
266.140000
123.470000
76.506000
52.584000
34.137000
24.518000
18.573000
13.660000
10.035000
7.783300
5.426100
3.687000
3.648000
2.633000
2.032000
1.506100
1.106600
1.044000
0.667670
0.602970
0.437170
0.337510
0.229930
0.221100
0.166770
0.107330
0.101690
0.073182
0.056515
0.065840
0.037494
0.017402
0.022523
0.020799
0.014658
0.016266
0.011599
0.004769
0.004443
0.002869
0.002848
0.000643
0.001376
0.000983
0.001033
0.000930
0.000303
0.000935
0.000540
0.000603
0.000063
0.000279
0.000057
0.000564
0.000132
0.000013
0.000062
0.000000
0.000003
0.000011
0.000018
0.000000
0.000004
0.000013
0.000000
0.000000
0.000010
0.000000
0.000000
0.000000
0.000002
0.000000
0.000000
0.000000
0.000000
0.000000
0.000000
0.000000
0.000000
0.000000
0.000000
0.000000
0.000000
0.000000
0.000000
0.000000
0.000000
0.000000
0.000000
0.000000
0.000000
0.000000
0.000000
0.000000
0.000000
0.000000
0.000000
0.000000
0.000000
0.000000
0.000000
0.000000
0.000000
0.000000
0.000000
0.000000
0.000000
0.000000
0.000000
0.000000
0.000000
0.000000
0.000000
0.000000
0.000000
0.000000
0.000000
0.000000
0.000000
0.000000
0.000000
0.000000
0.000000
0.000000
0.000000
0.000000
0.000000
0.000000
0.000000
0.000000
0.000000
0.000000
0.000000
0.000000
0.000000
0.000000
0.000000
0.000000
0.000000
0.000000
0.000000
0.000000
0.000000
0.000000
0.000000
0.000000
0.000000
0.000000
0.000000
0.000000
0.000000
0.000000
0.000000
0.000000
0.000000
0.000000
0.000000
0.000000
0.000000
0.000000
0.000000
0.000000
0.000000
0.000000
0.000000
0.000000
0.000000
0.000000
0.000000
0.000000
0.000000
0.000000
0.000000
0.000000
0.000000
0.000000
0.000000
0.000000
0.000000
0.000000
0.000000
0.000000
0.000000
0.000000
0.000000
0.000000
0.000000
0.000000
0.000000
0.000000
0.000000
0.000000
0.000000
0.000000
0.000000
0.000000
0.000000
0.000000
0.000000
