38.047600
79.536000
1041.800000
240.640000
108.360000
66.765000
39.294000
27.868000
18.376000
14.505000
9.851600
7.618700
5.008200
3.646800
2.835100
2.258000
1.778800
1.160300
0.932410
0.792320
0.470070
0.356500
0.255600
0.230720
0.190630
0.154230
0.101450
0.078219
0.068462
0.051383
0.028708
0.039385
0.028786
0.017733
0.015623
0.010025
0.005914
0.004591
0.004480
0.003197
0.000449
0.001222
0.003031
0.000980
0.001028
0.001353
0.001507
0.000513
0.000015
0.000532
0.000021
0.000076
0.000045
0.000086
0.000021
0.000012
0.000084
0.000000
0.000074
0.000002
0.000001
0.000004
0.000013
0.000000
0.000002
0.000000
0.000000
0.000000
0.000000
0.000052
0.000000
0.000000
0.000000
0.000000
0.000000
0.000000
0.000000
0.000000
0.000000
0.000000
0.000000
0.000000
0.000000
0.000000
0.000000
0.000000
0.000000
0.000000
0.000000
0.000000
0.000000
0.000000
0.000000
0.000000
0.000000
0.000000
0.000000
0.000000
0.000000
0.000000
0.000000
0.000000
0.000000
0.000000
0.000000
0.000000
0.000000
0.000000
0.000000
0.000000
0.000000
0.000000
0.000000
0.000000
0.000000
0.000000
0.000000
0.000000
0.000000
0.000000
0.000000
0.000000
0.000000
0.000000
0.000000
0.000000
0.000000
0.000000
0.000000
0.000000
0.000000
0.000000
0.000000
0.000000
0.000000
0.000000
0.000000
0.000000
0.000000
0.000000
0.000000
0.000000
0.000000
0.000000
0.000000
0.000000
0.000000
0.000000
0.000000
0.000000
0.000000
0.000000
0.000000
0.000000
0.000000
0.000000
0.000000
0.000000
0.000000
0.000000
0.000000
0.000000
0.000000
0.000000
0.000000
0.000000
0.000000
0.000000
0.000000
0.000000
0.000000
0.000000
0.000000
0.000000
0.000000
0.000000
0.000000
0.000000
0.000000
0.000000
0.000000
0.000000
0.000000
0.000000
0.000000
0.000000
0.000000
0.000000
0.000000
0.000000
0.000000
0.000000
0.000000
0.000000
0.000000
0.000000
0.000000
0.000000
0.000000
0.000000
0.000000
0.000000
