32.439500
72.054300
1022.600000
238.110000
126.410000
70.914000
45.381000
34.378000
22.241000
17.565000
11.068000
8.754300
6.685100
4.764100
3.830200
3.033200
2.187700
1.641500
1.142800
1.063500
0.706790
0.582790
0.409570
0.308540
0.198370
0.170890
0.134370
0.112520
0.111570
0.087836
0.072839
0.043258
0.040030
0.032518
0.017772
0.012959
0.016402
0.014324
0.015971
0.005838
0.002065
0.001869
0.004671
0.001196
0.000906
0.003611
0.000681
0.000361
0.000346
0.000612
0.000083
0.000096
0.001145
0.002106
0.000115
0.000111
0.000009
0.000297
0.000180
0.000009
0.000031
0.000015
0.000001
0.000001
0.000010
0.000005
0.000000
0.000000
0.000008
0.000000
0.000000
0.000000
0.000000
0.000000
0.000000
0.000000
0.000000
0.000000
0.000000
0.000000
0.000000
0.000000
0.000000
0.000000
0.000000
0.000000
0.000000
0.000000
0.000000
0.000000
0.000000
0.000000
0.000000
0.000000
0.000000
0.000000
0.000000
0.000000
0.000000
0.000000
0.000000
0.000000
0.000000
0.000000
0.000000
0.000000
0.000000
0.000000
0.000000
0.000000
0.000000
0.000000
0.000000
0.000000
0.000000
0.000000
0.000000
0.000000
0.000000
0.000000
0.000000
0.000000
0.000000
0.000000
0.000000
0.000000
0.000000
0.000000
0.000000
0.000000
0.000000
0.000000
0.000000
0.000000
0.000000
0.000000
0.000000
0.000000
0.000000
0.000000
0.000000
0.000000
0.000000
0.000000
0.000000
0.000000
0.000000
0.000000
0.000000
0.000000
0.000000
0.000000
0.000000
0.000000
0.000000
0.000000
0.000000
0.000000
0.000000
0.000000
0.000000
0.000000
0.000000
0.000000
0.000000
0.000000
0.000000
0.000000
0.000000
0.000000
0.000000
0.000000
0.000000
0.000000
0.000000
0.000000
0.000000
0.000000
0.000000
0.000000
0.000000
0.000000
0.000000
0.000000
0.000000
0.000000
0.000000
0.000000
0.000000
0.000000
0.000000
0.000000
0.000000
0.000000
0.000000
0.000000
0.000000
0.000000
0.000000
0.000000
0.000000
0.000000
