26.686300
67.654700
1011.900000
284.060000
129.180000
78.711000
57.843000
35.446000
27.302000
19.255000
13.668000
11.231000
8.535200
6.129200
4.705800
4.082500
2.671000
2.173700
1.737500
1.287600
1.017200
0.847340
0.671380
0.477080
0.395310
0.285050
0.271310
0.193380
0.142130
0.094080
0.077284
0.068882
0.042006
0.034438
0.025895
0.026517
0.010517
0.023803
0.018810
0.009036
0.014416
0.007287
0.005484
0.003425
0.002537
0.002654
0.003598
0.003562
0.002900
0.002540
0.001987
0.000967
0.001352
0.000312
0.000236
0.000294
0.000211
0.000089
0.000254
0.000125
0.000030
0.000000
0.000012
0.000007
0.000030
0.000000
0.000002
0.000000
0.000000
0.000000
0.000000
0.000000
0.000000
0.000001
0.000001
0.000000
0.000000
0.000000
0.000000
0.000000
0.000000
0.000002
0.000000
0.000000
0.000004
0.000000
0.000000
0.000000
0.000000
0.000000
0.000000
0.000000
0.000000
0.000000
0.000000
0.000000
0.000000
0.000000
0.000000
0.000000
0.000000
0.000000
0.000000
0.000000
0.000000
0.000000
0.000000
0.000000
0.000000
0.000000
0.000000
0.000000
0.000000
0.000000
0.000000
0.000000
0.000000
0.000000
0.000000
0.000000
0.000000
0.000000
0.000000
0.000000
0.000000
0.000000
0.000000
0.000000
0.000000
0.000000
0.000000
0.000000
0.000000
0.000000
0.000000
0.000000
0.000000
0.000000
0.000000
0.000000
0.000000
0.000000
0.000000
0.000000
0.000000
0.000000
0.000000
0.000000
0.000000
0.000000
0.000000
0.000000
0.000000
0.000000
0.000000
0.000000
0.000000
0.000000
0.000000
0.000000
0.000000
0.000000
0.000000
0.000000
0.000000
0.000000
0.000000
0.000000
0.000000
0.000000
0.000000
0.000000
0.000000
0.000000
0.000000
0.000000
0.000000
0.000000
0.000000
0.000000
0.000000
0.000000
0.000000
0.000000
0.000000
0.000000
0.000000
0.000000
0.000000
0.000000
0.000000
0.000000
0.000000
0.000000
0.000000
0.000000
0.000000
0.000000
0.000000
0.000000
0.000000
0.000000
