26.775700
71.661800
1009.600000
276.050000
138.040000
81.446000
55.548000
35.346000
25.138000
18.406000
14.494000
10.257000
8.760100
6.187200
4.494800
3.412800
2.632700
2.113200
1.768600
1.262800
0.931820
0.871950
0.590920
0.441450
0.388820
0.296720
0.153950
0.235180
0.169650
0.110510
0.107030
0.060582
0.069090
0.056393
0.020615
0.024297
0.022962
0.017128
0.009160
0.008802
0.006946
0.006844
0.007768
0.002715
0.003599
0.001237
0.007574
0.000501
0.000626
0.000776
0.000883
0.000265
0.000337
0.000790
0.000043
0.000053
0.000012
0.000035
0.000559
0.000016
0.000000
0.000004
0.000003
0.000000
0.000002
0.000000
0.000010
0.000002
0.000000
0.000002
0.000000
0.000003
0.000000
0.000000
0.000000
0.000003
0.000000
0.000000
0.000000
0.000000
0.000000
0.000000
0.000000
0.000000
0.000000
0.000000
0.000000
0.000000
0.000000
0.000000
0.000000
0.000000
0.000000
0.000000
0.000000
0.000000
0.000000
0.000000
0.000000
0.000000
0.000000
0.000000
0.000000
0.000000
0.000000
0.000000
0.000000
0.000000
0.000000
0.000000
0.000000
0.000000
0.000000
0.000000
0.000000
0.000000
0.000000
0.000000
0.000000
0.000000
0.000000
0.000000
0.000000
0.000000
0.000000
0.000000
0.000000
0.000000
0.000000
0.000000
0.000000
0.000000
0.000000
0.000000
0.000000
0.000000
0.000000
0.000000
0.000000
0.000000
0.000000
0.000000
0.000000
0.000000
0.000000
0.000000
0.000000
0.000000
0.000000
0.000000
0.000000
0.000000
0.000000
0.000000
0.000000
0.000000
0.000000
0.000000
0.000000
0.000000
0.000000
0.000000
0.000000
0.000000
0.000000
0.000000
0.000000
0.000000
0.000000
0.000000
0.000000
0.000000
0.000000
0.000000
0.000000
0.000000
0.000000
0.000000
0.000000
0.000000
0.000000
0.000000
0.000000
0.000000
0.000000
0.000000
0.000000
0.000000
0.000000
0.000000
0.000000
0.000000
0.000000
0.000000
0.000000
0.000000
0.000000
0.000000
0.000000
0.000000
0.000000
0.000000
