29.864300
78.642000
991.680000
267.500000
125.700000
80.384000
47.001000
33.289000
23.588000
18.000000
13.710000
9.208600
6.447600
5.416500
3.527400
3.623400
1.898500
1.764300
1.557800
0.883080
0.834760
0.697810
0.434510
0.368410
0.351400
0.192190
0.139680
0.152650
0.094779
0.066648
0.060266
0.036781
0.033384
0.026621
0.018603
0.019624
0.011713
0.014470
0.008402
0.010296
0.004946
0.007905
0.003727
0.002634
0.001456
0.001404
0.000244
0.000166
0.000504
0.001387
0.001170
0.000219
0.000130
0.000622
0.000031
0.000193
0.000024
0.000027
0.000003
0.000162
0.000006
0.000000
0.000002
0.000000
0.000002
0.000025
0.000000
0.000000
0.000000
0.000000
0.000005
0.000000
0.000000
0.000000
0.000000
0.000000
0.000000
0.000000
0.000000
0.000000
0.000000
0.000000
0.000000
0.000000
0.000000
0.000000
0.000000
0.000000
0.000000
0.000000
0.000000
0.000000
0.000000
0.000000
0.000000
0.000000
0.000000
0.000000
0.000000
0.000000
0.000000
0.000000
0.000000
0.000000
0.000000
0.000000
0.000000
0.000000
0.000000
0.000000
0.000000
0.000000
0.000000
0.000000
0.000000
0.000000
0.000000
0.000000
0.000000
0.000000
0.000000
0.000000
0.000000
0.000000
0.000000
0.000000
0.000000
0.000000
0.000000
0.000000
0.000000
0.000000
0.000000
0.000000
0.000000
0.000000
0.000000
0.000000
0.000000
0.000000
0.000000
0.000000
0.000000
0.000000
0.000000
0.000000
0.000000
0.000000
0.000000
0.000000
0.000000
0.000000
0.000000
0.000000
0.000000
0.000000
0.000000
0.000000
0.000000
0.000000
0.000000
0.000000
0.000000
0.000000
0.000000
0.000000
0.000000
0.000000
0.000000
0.000000
0.000000
0.000000
0.000000
0.000000
0.000000
0.000000
0.000000
0.000000
0.000000
0.000000
0.000000
0.000000
0.000000
0.000000
0.000000
0.000000
0.000000
0.000000
0.000000
0.000000
0.000000
0.000000
0.000000
0.000000
0.000000
0.000000
0.000000
0.000000
0.000000
0.000000
0.000000
0.000000
