32.861800
63.188500
970.820000
257.890000
126.120000
75.716000
46.117000
32.741000
22.161000
15.298000
12.501000
9.536900
6.806800
5.266100
3.837000
2.936700
2.232400
1.810000
1.432400
0.860950
0.744720
0.667510
0.398040
0.316080
0.271300
0.189390
0.223470
0.129820
0.119010
0.085731
0.048584
0.037455
0.052705
0.029928
0.017576
0.025261
0.012543
0.013537
0.008094
0.003753
0.014503
0.003754
0.002006
0.005284
0.000934
0.001184
0.002053
0.001129
0.000133
0.000110
0.000275
0.000115
0.000304
0.000103
0.000496
0.000057
0.000036
0.000039
0.000091
0.000003
0.000057
0.000002
0.000000
0.000021
0.000024
0.000002
0.000001
0.000005
0.000000
0.000008
0.000000
0.000008
0.000000
0.000000
0.000002
0.000000
0.000002
0.000000
0.000004
0.000005
0.000000
0.000000
0.000000
0.000000
0.000000
0.000000
0.000000
0.000000
0.000000
0.000000
0.000000
0.000000
0.000000
0.000000
0.000000
0.000000
0.000000
0.000000
0.000000
0.000000
0.000000
0.000000
0.000000
0.000000
0.000000
0.000000
0.000000
0.000000
0.000000
0.000000
0.000000
0.000000
0.000000
0.000000
0.000000
0.000000
0.000000
0.000000
0.000000
0.000000
0.000000
0.000000
0.000000
0.000000
0.000000
0.000000
0.000000
0.000000
0.000000
0.000000
0.000000
0.000000
0.000000
0.000000
0.000000
0.000000
0.000000
0.000000
0.000000
0.000000
0.000000
0.000000
0.000000
0.000000
0.000000
0.000000
0.000000
0.000000
0.000000
0.000000
0.000000
0.000000
0.000000
0.000000
0.000000
0.000000
0.000000
0.000000
0.000000
0.000000
0.000000
0.000000
0.000000
0.000000
0.000000
0.000000
0.000000
0.000000
0.000000
0.000000
0.000000
0.000000
0.000000
0.000000
0.000000
0.000000
0.000000
0.000000
0.000000
0.000000
0.000000
0.000000
0.000000
0.000000
0.000000
0.000000
0.000000
0.000000
0.000000
0.000000
0.000000
0.000000
0.000000
0.000000
0.000000
0.000000
0.000000
0.000000
0.000000
0.000000
0.000000
0.000000
