27.493000
74.541800
1105.600000
271.680000
130.190000
82.827000
50.764000
33.884000
25.914000
17.914000
13.855000
10.169000
8.713500
5.447400
4.533300
3.880900
2.620700
2.029900
1.510100
1.132500
1.096000
0.583350
0.514510
0.433700
0.359410
0.212870
0.220230
0.158920
0.108370
0.111090
0.102550
0.048978
0.036564
0.045470
0.035771
0.022844
0.027876
0.012540
0.014647
0.009280
0.005861
0.007574
0.007276
0.001928
0.004904
0.001342
0.003942
0.003941
0.001768
0.000300
0.000046
0.000182
0.000252
0.000104
0.000043
0.000012
0.000114
0.000000
0.000007
0.000035
0.000000
0.000002
0.000002
0.000000
0.000011
0.000010
0.000008
0.000000
0.000000
0.000000
0.000000
0.000014
0.000006
0.000009
0.000000
0.000001
0.000000
0.000000
0.000000
0.000000
0.000000
0.000000
0.000000
0.000000
0.000000
0.000000
0.000000
0.000000
0.000000
0.000000
0.000000
0.000000
0.000000
0.000000
0.000000
0.000000
0.000000
0.000000
0.000000
0.000000
0.000000
0.000000
0.000000
0.000000
0.000000
0.000000
0.000000
0.000000
0.000000
0.000000
0.000000
0.000000
0.000000
0.000000
0.000000
0.000000
0.000000
0.000000
0.000000
0.000000
0.000000
0.000000
0.000000
0.000000
0.000000
0.000000
0.000000
0.000000
0.000000
0.000000
0.000000
0.000000
0.000000
0.000000
0.000000
0.000000
0.000000
0.000000
0.000000
0.000000
0.000000
0.000000
0.000000
0.000000
0.000000
0.000000
0.000000
0.000000
0.000000
0.000000
0.000000
0.000000
0.000000
0.000000
0.000000
0.000000
0.000000
0.000000
0.000000
0.000000
0.000000
0.000000
0.000000
0.000000
0.000000
0.000000
0.000000
0.000000
0.000000
0.000000
0.000000
0.000000
0.000000
0.000000
0.000000
0.000000
0.000000
0.000000
0.000000
0.000000
0.000000
0.000000
0.000000
0.000000
0.000000
0.000000
0.000000
0.000000
0.000000
0.000000
0.000000
0.000000
0.000000
0.000000
0.000000
0.000000
0.000000
0.000000
0.000000
0.000000
0.000000
0.000000
