23.775200
78.555000
1056.100000
297.880000
145.230000
88.543000
55.101000
37.009000
28.922000
21.115000
15.790000
12.657000
8.073900
6.868300
5.189200
4.212300
3.358600
2.388800
1.496700
1.225200
1.320500
0.864210
0.752110
0.491970
0.354200
0.314060
0.350100
0.187040
0.113880
0.125930
0.117650
0.069592
0.077637
0.060276
0.039220
0.021851
0.031807
0.027425
0.010146
0.016939
0.003782
0.005168
0.001759
0.005168
0.003698
0.001892
0.000618
0.004033
0.001002
0.000682
0.001040
0.000700
0.000022
0.000248
0.000735
0.000202
0.000080
0.000012
0.000101
0.000227
0.000007
0.000000
0.000035
0.000018
0.000000
0.000012
0.000000
0.000000
0.000192
0.000039
0.000131
0.000000
0.000139
0.000002
0.000005
0.000000
0.000000
0.000000
0.000000
0.000000
0.000000
0.000000
0.000000
0.000000
0.000000
0.000000
0.000000
0.000000
0.000000
0.000000
0.000000
0.000000
0.000000
0.000000
0.000000
0.000000
0.000000
0.000000
0.000000
0.000000
0.000000
0.000000
0.000000
0.000000
0.000000
0.000000
0.000000
0.000000
0.000000
0.000000
0.000000
0.000000
0.000000
0.000000
0.000000
0.000000
0.000000
0.000000
0.000000
0.000000
0.000000
0.000000
0.000000
0.000000
0.000000
0.000000
0.000000
0.000000
0.000000
0.000000
0.000000
0.000000
0.000000
0.000000
0.000000
0.000000
0.000000
0.000000
0.000000
0.000000
0.000000
0.000000
0.000000
0.000000
0.000000
0.000000
0.000000
0.000000
0.000000
0.000000
0.000000
0.000000
0.000000
0.000000
0.000000
0.000000
0.000000
0.000000
0.000000
0.000000
0.000000
0.000000
0.000000
0.000000
0.000000
0.000000
0.000000
0.000000
0.000000
0.000000
0.000000
0.000000
0.000000
0.000000
0.000000
0.000000
0.000000
0.000000
0.000000
0.000000
0.000000
0.000000
0.000000
0.000000
0.000000
0.000000
0.000000
0.000000
0.000000
0.000000
0.000000
0.000000
0.000000
0.000000
0.000000
0.000000
0.000000
0.000000
0.000000
0.000000
0.000000
0.000000
