25.607400
78.230500
1109.600000
272.420000
133.000000
82.036000
55.524000
34.819000
27.570000
20.427000
14.174000
11.002000
7.353200
5.809700
4.580300
3.702100
2.747700
2.126400
1.723500
1.233700
0.878760
0.917060
0.559230
0.505610
0.429010
0.254230
0.188390
0.202350
0.143590
0.120270
0.098776
0.071216
0.053157
0.055319
0.048946
0.019970
0.019236
0.010909
0.008967
0.008229
0.010965
0.007905
0.002751
0.002199
0.002685
0.001755
0.002301
0.001600
0.000969
0.004377
0.000283
0.000182
0.000283
0.000609
0.000110
0.000175
0.000012
0.000092
0.000954
0.000005
0.000005
0.000006
0.000002
0.000000
0.000000
0.000000
0.000002
0.000070
0.000006
0.000083
0.000000
0.000000
0.000000
0.000014
0.000000
0.000002
0.000144
0.000000
0.000000
0.000000
0.000000
0.000002
0.000000
0.000000
0.000000
0.000000
0.000000
0.000000
0.000000
0.000000
0.000000
0.000000
0.000000
0.000000
0.000000
0.000000
0.000000
0.000000
0.000000
0.000000
0.000000
0.000000
0.000000
0.000000
0.000000
0.000000
0.000000
0.000000
0.000000
0.000000
0.000000
0.000000
0.000000
0.000000
0.000000
0.000000
0.000000
0.000000
0.000000
0.000000
0.000000
0.000000
0.000000
0.000000
0.000000
0.000000
0.000000
0.000000
0.000000
0.000000
0.000000
0.000000
0.000000
0.000000
0.000000
0.000000
0.000000
0.000000
0.000000
0.000000
0.000000
0.000000
0.000000
0.000000
0.000000
0.000000
0.000000
0.000000
0.000000
0.000000
0.000000
0.000000
0.000000
0.000000
0.000000
0.000000
0.000000
0.000000
0.000000
0.000000
0.000000
0.000000
0.000000
0.000000
0.000000
0.000000
0.000000
0.000000
0.000000
0.000000
0.000000
0.000000
0.000000
0.000000
0.000000
0.000000
0.000000
0.000000
0.000000
0.000000
0.000000
0.000000
0.000000
0.000000
0.000000
0.000000
0.000000
0.000000
0.000000
0.000000
0.000000
0.000000
0.000000
0.000000
0.000000
0.000000
0.000000
0.000000
0.000000
0.000000
0.000000
0.000000
