63.447300
51.697800
934.580000
172.420000
79.068000
38.631000
26.409000
16.903000
10.883000
7.872600
5.244900
3.721200
2.477100
2.096400
1.465800
1.046000
0.882830
0.517300
0.422100
0.328930
0.286070
0.180140
0.142910
0.117150
0.080220
0.048114
0.046789
0.032897
0.031639
0.018702
0.019330
0.015948
0.005417
0.009518
0.003610
0.004209
0.002269
0.003534
0.002186
0.001041
0.000796
0.000856
0.000423
0.000180
0.000370
0.000171
0.000081
0.000068
0.000030
0.000075
0.000031
0.000027
0.000011
0.000082
0.000031
0.000078
0.000008
0.000028
0.000018
0.000000
0.000009
0.000006
0.000000
0.000000
0.000000
0.000015
0.000000
0.000001
0.000000
0.000000
0.000007
0.000000
0.000000
0.000000
0.000000
0.000000
0.000000
0.000000
0.000000
0.000000
0.000000
0.000000
0.000000
0.000000
0.000000
0.000000
0.000000
0.000000
0.000000
0.000000
0.000000
0.000000
0.000000
0.000000
0.000000
0.000000
0.000000
0.000000
0.000000
0.000000
0.000000
0.000000
0.000000
0.000000
0.000000
0.000000
0.000000
0.000000
0.000000
0.000000
0.000000
0.000000
0.000000
0.000000
0.000000
0.000000
0.000000
0.000000
0.000000
0.000000
0.000000
0.000000
0.000000
0.000000
0.000000
0.000000
0.000000
0.000000
0.000000
0.000000
0.000000
0.000000
0.000000
0.000000
0.000000
0.000000
0.000000
0.000000
0.000000
0.000000
0.000000
0.000000
0.000000
0.000000
0.000000
0.000000
0.000000
0.000000
0.000000
0.000000
0.000000
0.000000
0.000000
0.000000
0.000000
0.000000
0.000000
0.000000
0.000000
0.000000
0.000000
0.000000
0.000000
0.000000
0.000000
0.000000
0.000000
0.000000
0.000000
0.000000
0.000000
0.000000
0.000000
0.000000
0.000000
0.000000
0.000000
0.000000
0.000000
0.000000
0.000000
0.000000
0.000000
0.000000
0.000000
0.000000
0.000000
0.000000
0.000000
0.000000
0.000000
0.000000
0.000000
0.000000
0.000000
0.000000
0.000000
0.000000
0.000000
0.000000
0.000000
0.000000
