72.837400
23.725900
851.440000
168.220000
71.759000
36.868000
22.575000
15.547000
10.131000
7.390300
5.520100
4.074500
3.243700
2.209300
1.725400
1.529600
1.092900
0.801270
0.712380
0.599060
0.442390
0.363000
0.323530
0.209920
0.176930
0.160010
0.099328
0.106150
0.081993
0.066844
0.051322
0.044908
0.044023
0.029766
0.028510
0.023507
0.015306
0.008310
0.011508
0.009304
0.007704
0.007601
0.007330
0.003540
0.003828
0.003836
0.001740
0.003641
0.001504
0.001138
0.001450
0.001685
0.000612
0.000515
0.000721
0.000414
0.000309
0.000925
0.001038
0.000301
0.000102
0.000192
0.000570
0.000281
0.000037
0.000028
0.000067
0.000008
0.000161
0.000026
0.000008
0.000036
0.000023
0.000000
0.000009
0.000037
0.000020
0.000002
0.000000
0.000000
0.000001
0.000000
0.000000
0.000005
0.000000
0.000000
0.000000
0.000000
0.000000
0.000000
0.000000
0.000000
0.000000
0.000000
0.000000
0.000000
0.000000
0.000000
0.000000
0.000000
0.000000
0.000000
0.000000
0.000000
0.000000
0.000000
0.000000
0.000000
0.000000
0.000000
0.000000
0.000000
0.000000
0.000000
0.000000
0.000000
0.000000
0.000000
0.000000
0.000000
0.000000
0.000000
0.000000
0.000000
0.000000
0.000000
0.000000
0.000000
0.000000
0.000000
0.000000
0.000000
0.000000
0.000000
0.000000
0.000000
0.000000
0.000000
0.000000
0.000000
0.000000
0.000000
0.000000
0.000000
0.000000
0.000000
0.000000
0.000000
0.000000
0.000000
0.000000
0.000000
0.000000
0.000000
0.000000
0.000000
0.000000
0.000000
0.000000
0.000000
0.000000
0.000000
0.000000
0.000000
0.000000
0.000000
0.000000
0.000000
0.000000
0.000000
0.000000
0.000000
0.000000
0.000000
0.000000
0.000000
0.000000
0.000000
0.000000
0.000000
0.000000
0.000000
0.000000
0.000000
0.000000
0.000000
0.000000
0.000000
0.000000
0.000000
0.000000
0.000000
0.000000
0.000000
0.000000
0.000000
0.000000
0.000000
0.000000
0.000000
0.000000
0.000000
