59.477200
38.378300
892.950000
193.620000
76.597000
49.471000
29.659000
20.526000
12.406000
9.867500
6.805000
5.075900
3.523800
3.085500
2.157900
1.440900
1.058500
0.872200
0.801800
0.596510
0.418480
0.362330
0.225870
0.194450
0.145460
0.133290
0.102090
0.069833
0.038392
0.040883
0.038094
0.025500
0.029684
0.021059
0.013854
0.011121
0.010796
0.006794
0.007396
0.006201
0.003281
0.003138
0.001347
0.002963
0.001001
0.001778
0.001447
0.001361
0.001136
0.000495
0.000132
0.000171
0.000098
0.000296
0.000090
0.000069
0.000025
0.000207
0.000039
0.000137
0.000060
0.000017
0.000024
0.000015
0.000003
0.000000
0.000004
0.000018
0.000010
0.000000
0.000007
0.000004
0.000002
0.000002
0.000002
0.000000
0.000000
0.000002
0.000000
0.000000
0.000000
0.000000
0.000000
0.000000
0.000000
0.000000
0.000000
0.000000
0.000000
0.000000
0.000000
0.000000
0.000000
0.000000
0.000000
0.000000
0.000000
0.000000
0.000000
0.000000
0.000000
0.000000
0.000000
0.000000
0.000000
0.000000
0.000000
0.000000
0.000000
0.000000
0.000000
0.000000
0.000000
0.000000
0.000000
0.000000
0.000000
0.000000
0.000000
0.000000
0.000000
0.000000
0.000000
0.000000
0.000000
0.000000
0.000000
0.000000
0.000000
0.000000
0.000000
0.000000
0.000000
0.000000
0.000000
0.000000
0.000000
0.000000
0.000000
0.000000
0.000000
0.000000
0.000000
0.000000
0.000000
0.000000
0.000000
0.000000
0.000000
0.000000
0.000000
0.000000
0.000000
0.000000
0.000000
0.000000
0.000000
0.000000
0.000000
0.000000
0.000000
0.000000
0.000000
0.000000
0.000000
0.000000
0.000000
0.000000
0.000000
0.000000
0.000000
0.000000
0.000000
0.000000
0.000000
0.000000
0.000000
0.000000
0.000000
0.000000
0.000000
0.000000
0.000000
0.000000
0.000000
0.000000
0.000000
0.000000
0.000000
0.000000
0.000000
0.000000
0.000000
0.000000
0.000000
0.000000
0.000000
0.000000
0.000000
0.000000
0.000000
0.000000
