89.132000
21.688700
839.480000
137.360000
56.622000
30.469000
18.467000
11.335000
7.476500
4.613700
3.513500
2.748400
1.760700
1.409900
1.131400
0.799680
0.790200
0.574360
0.578610
0.441590
0.263770
0.221200
0.188520
0.173890
0.132580
0.107860
0.107890
0.064485
0.058694
0.057069
0.033971
0.035693
0.037032
0.033537
0.023337
0.011145
0.014396
0.010029
0.009939
0.009194
0.007599
0.003854
0.003874
0.006634
0.002917
0.003080
0.002488
0.002119
0.002577
0.002432
0.001046
0.000219
0.001377
0.000235
0.000456
0.000256
0.000207
0.000287
0.000148
0.000436
0.000198
0.000089
0.000065
0.000042
0.000015
0.000080
0.000059
0.000070
0.000034
0.000002
0.000073
0.000007
0.000000
0.000015
0.000008
0.000010
0.000001
0.000002
0.000000
0.000002
0.000000
0.000003
0.000001
0.000000
0.000006
0.000000
0.000000
0.000000
0.000007
0.000000
0.000000
0.000000
0.000000
0.000000
0.000000
0.000000
0.000000
0.000000
0.000000
0.000000
0.000000
0.000000
0.000000
0.000000
0.000000
0.000000
0.000000
0.000000
0.000000
0.000000
0.000000
0.000000
0.000000
0.000000
0.000000
0.000000
0.000000
0.000000
0.000000
0.000000
0.000000
0.000000
0.000000
0.000000
0.000000
0.000000
0.000000
0.000000
0.000000
0.000000
0.000000
0.000000
0.000000
0.000000
0.000000
0.000000
0.000000
0.000000
0.000000
0.000000
0.000000
0.000000
0.000000
0.000000
0.000000
0.000000
0.000000
0.000000
0.000000
0.000000
0.000000
0.000000
0.000000
0.000000
0.000000
0.000000
0.000000
0.000000
0.000000
0.000000
0.000000
0.000000
0.000000
0.000000
0.000000
0.000000
0.000000
0.000000
0.000000
0.000000
0.000000
0.000000
0.000000
0.000000
0.000000
0.000000
0.000000
0.000000
0.000000
0.000000
0.000000
0.000000
0.000000
0.000000
0.000000
0.000000
0.000000
0.000000
0.000000
0.000000
0.000000
0.000000
0.000000
0.000000
0.000000
0.000000
0.000000
0.000000
0.000000
0.000000
0.000000
0.000000
