52.726900
43.967300
907.970000
207.550000
94.377000
53.224000
34.204000
21.186000
15.485000
10.540000
7.378500
5.507300
4.277200
3.021700
2.043600
1.485000
1.249600
1.086200
0.751640
0.678260
0.426430
0.390150
0.286180
0.209540
0.179220
0.141340
0.103770
0.080633
0.069099
0.049601
0.039541
0.026082
0.024943
0.013760
0.012390
0.010506
0.012023
0.009329
0.005806
0.004085
0.004123
0.002341
0.002148
0.001731
0.001254
0.000878
0.001254
0.000441
0.000868
0.000167
0.000297
0.000084
0.000151
0.000149
0.000125
0.000056
0.000055
0.000087
0.000031
0.000013
0.000010
0.000004
0.000013
0.000005
0.000013
0.000000
0.000005
0.000000
0.000000
0.000000
0.000000
0.000000
0.000002
0.000000
0.000000
0.000000
0.000000
0.000000
0.000000
0.000000
0.000000
0.000003
0.000000
0.000000
0.000000
0.000000
0.000000
0.000000
0.000000
0.000000
0.000000
0.000000
0.000000
0.000000
0.000000
0.000000
0.000000
0.000000
0.000000
0.000000
0.000000
0.000000
0.000000
0.000000
0.000000
0.000000
0.000000
0.000000
0.000000
0.000000
0.000000
0.000000
0.000000
0.000000
0.000000
0.000000
0.000000
0.000000
0.000000
0.000000
0.000000
0.000000
0.000000
0.000000
0.000000
0.000000
0.000000
0.000000
0.000000
0.000000
0.000000
0.000000
0.000000
0.000000
0.000000
0.000000
0.000000
0.000000
0.000000
0.000000
0.000000
0.000000
0.000000
0.000000
0.000000
0.000000
0.000000
0.000000
0.000000
0.000000
0.000000
0.000000
0.000000
0.000000
0.000000
0.000000
0.000000
0.000000
0.000000
0.000000
0.000000
0.000000
0.000000
0.000000
0.000000
0.000000
0.000000
0.000000
0.000000
0.000000
0.000000
0.000000
0.000000
0.000000
0.000000
0.000000
0.000000
0.000000
0.000000
0.000000
0.000000
0.000000
0.000000
0.000000
0.000000
0.000000
0.000000
0.000000
0.000000
0.000000
0.000000
0.000000
0.000000
0.000000
0.000000
0.000000
0.000000
0.000000
0.000000
0.000000
0.000000
0.000000
