79.298900
18.883800
821.950000
169.010000
68.848000
37.473000
20.523000
14.257000
9.137500
7.012700
4.831600
4.002800
2.841300
2.133400
1.779300
1.332600
1.034700
0.927830
0.704200
0.528280
0.497270
0.412180
0.330860
0.220160
0.179050
0.167930
0.154250
0.148670
0.113020
0.097842
0.072766
0.059372
0.050143
0.035193
0.040262
0.028857
0.020312
0.025872
0.009970
0.015437
0.008583
0.007558
0.003960
0.004724
0.008829
0.001549
0.003291
0.003662
0.005025
0.002660
0.002367
0.002236
0.001329
0.000827
0.001441
0.000741
0.000726
0.000693
0.000306
0.000199
0.000261
0.000172
0.000162
0.000271
0.000724
0.000264
0.000013
0.000031
0.000066
0.000045
0.000025
0.000114
0.000159
0.000002
0.000005
0.000002
0.000014
0.000006
0.000010
0.000009
0.000002
0.000028
0.000000
0.000001
0.000000
0.000006
0.000000
0.000000
0.000005
0.000000
0.000001
0.000000
0.000000
0.000000
0.000000
0.000000
0.000000
0.000000
0.000000
0.000000
0.000000
0.000000
0.000000
0.000000
0.000000
0.000000
0.000000
0.000000
0.000000
0.000000
0.000000
0.000000
0.000000
0.000000
0.000000
0.000000
0.000000
0.000000
0.000000
0.000000
0.000000
0.000000
0.000000
0.000000
0.000000
0.000000
0.000000
0.000000
0.000000
0.000000
0.000000
0.000000
0.000000
0.000000
0.000000
0.000000
0.000000
0.000000
0.000000
0.000000
0.000000
0.000000
0.000000
0.000000
0.000000
0.000000
0.000000
0.000000
0.000000
0.000000
0.000000
0.000000
0.000000
0.000000
0.000000
0.000000
0.000000
0.000000
0.000000
0.000000
0.000000
0.000000
0.000000
0.000000
0.000000
0.000000
0.000000
0.000000
0.000000
0.000000
0.000000
0.000000
0.000000
0.000000
0.000000
0.000000
0.000000
0.000000
0.000000
0.000000
0.000000
0.000000
0.000000
0.000000
0.000000
0.000000
0.000000
0.000000
0.000000
0.000000
0.000000
0.000000
0.000000
0.000000
0.000000
0.000000
0.000000
0.000000
0.000000
0.000000
0.000000
0.000000
