88.084300
30.331500
771.460000
141.150000
58.798000
31.122000
16.751000
10.484000
7.576400
4.869300
3.410700
2.243500
1.916500
1.305600
0.861480
0.749150
0.481110
0.412580
0.365370
0.270670
0.207660
0.150590
0.135330
0.078195
0.058882
0.070360
0.064271
0.039995
0.034542
0.025882
0.024026
0.017175
0.020088
0.010969
0.011265
0.007975
0.007093
0.005739
0.004364
0.001733
0.001947
0.001434
0.002097
0.001296
0.001519
0.002039
0.001448
0.000327
0.000947
0.000760
0.000204
0.000115
0.000109
0.000533
0.000129
0.000128
0.000105
0.000188
0.000045
0.000051
0.000005
0.000000
0.000051
0.000014
0.000011
0.000008
0.000001
0.000007
0.000000
0.000015
0.000002
0.000003
0.000006
0.000000
0.000000
0.000000
0.000000
0.000000
0.000000
0.000003
0.000000
0.000000
0.000000
0.000000
0.000000
0.000000
0.000000
0.000000
0.000000
0.000000
0.000000
0.000000
0.000000
0.000000
0.000000
0.000000
0.000000
0.000000
0.000000
0.000000
0.000000
0.000000
0.000000
0.000000
0.000000
0.000000
0.000000
0.000000
0.000000
0.000000
0.000000
0.000000
0.000000
0.000000
0.000000
0.000000
0.000000
0.000000
0.000000
0.000000
0.000000
0.000000
0.000000
0.000000
0.000000
0.000000
0.000000
0.000000
0.000000
0.000000
0.000000
0.000000
0.000000
0.000000
0.000000
0.000000
0.000000
0.000000
0.000000
0.000000
0.000000
0.000000
0.000000
0.000000
0.000000
0.000000
0.000000
0.000000
0.000000
0.000000
0.000000
0.000000
0.000000
0.000000
0.000000
0.000000
0.000000
0.000000
0.000000
0.000000
0.000000
0.000000
0.000000
0.000000
0.000000
0.000000
0.000000
0.000000
0.000000
0.000000
0.000000
0.000000
0.000000
0.000000
0.000000
0.000000
0.000000
0.000000
0.000000
0.000000
0.000000
0.000000
0.000000
0.000000
0.000000
0.000000
0.000000
0.000000
0.000000
0.000000
0.000000
0.000000
0.000000
0.000000
0.000000
0.000000
0.000000
0.000000
0.000000
0.000000
0.000000
0.000000
