64.119800
19.204500
913.780000
180.780000
79.721000
43.082000
30.272000
19.164000
13.377000
9.110600
6.780300
5.475100
3.838200
3.335600
2.703400
1.950600
1.806300
1.401100
1.092600
0.919810
0.743440
0.668080
0.426210
0.363410
0.336080
0.308500
0.216420
0.166990
0.150640
0.109550
0.146880
0.090216
0.071503
0.067870
0.047869
0.052385
0.028038
0.044802
0.020715
0.022680
0.022287
0.010511
0.016975
0.012199
0.012636
0.007586
0.006842
0.005928
0.003311
0.002461
0.002175
0.003194
0.001670
0.003600
0.001763
0.000628
0.001815
0.000901
0.000670
0.000166
0.001180
0.000851
0.001292
0.000106
0.000359
0.000067
0.000161
0.000173
0.000093
0.000040
0.000306
0.000009
0.000226
0.000087
0.000234
0.000005
0.000014
0.000000
0.000070
0.000037
0.000132
0.000039
0.000003
0.000000
0.000001
0.000039
0.000000
0.000000
0.000007
0.000000
0.000000
0.000000
0.000000
0.000000
0.000003
0.000004
0.000000
0.000000
0.000000
0.000002
0.000000
0.000000
0.000001
0.000002
0.000000
0.000000
0.000000
0.000000
0.000003
0.000000
0.000000
0.000000
0.000000
0.000000
0.000000
0.000000
0.000000
0.000000
0.000000
0.000000
0.000000
0.000000
0.000000
0.000000
0.000001
0.000000
0.000000
0.000000
0.000000
0.000000
0.000000
0.000000
0.000000
0.000000
0.000000
0.000000
0.000000
0.000000
0.000000
0.000000
0.000000
0.000000
0.000000
0.000000
0.000000
0.000000
0.000000
0.000000
0.000000
0.000000
0.000000
0.000000
0.000000
0.000000
0.000000
0.000000
0.000000
0.000000
0.000000
0.000000
0.000000
0.000000
0.000000
0.000000
0.000000
0.000000
0.000000
0.000000
0.000000
0.000000
0.000000
0.000000
0.000000
0.000000
0.000000
0.000000
0.000000
0.000000
0.000000
0.000000
0.000000
0.000000
0.000000
0.000000
0.000000
0.000000
0.000000
0.000000
0.000000
0.000000
0.000000
0.000000
0.000000
0.000000
0.000000
0.000000
0.000000
0.000000
0.000000
0.000000
0.000000
0.000000
