51.649500
44.158400
992.250000
218.620000
89.622000
54.363000
32.049000
22.652000
16.139000
10.633000
7.569100
5.375900
4.242400
3.301100
2.424700
1.782400
1.389800
1.046300
0.733980
0.579670
0.456230
0.369690
0.231670
0.234600
0.170910
0.108490
0.103340
0.086723
0.058765
0.047789
0.035970
0.036556
0.031163
0.017695
0.013521
0.013444
0.009624
0.009032
0.005777
0.006068
0.002994
0.001969
0.002772
0.000910
0.001357
0.000637
0.000765
0.000361
0.000247
0.000391
0.000232
0.000423
0.000135
0.000148
0.000194
0.000045
0.000033
0.000006
0.000059
0.000021
0.000040
0.000022
0.000007
0.000029
0.000002
0.000004
0.000000
0.000002
0.000000
0.000000
0.000004
0.000000
0.000000
0.000000
0.000000
0.000001
0.000000
0.000000
0.000002
0.000000
0.000000
0.000000
0.000000
0.000000
0.000000
0.000000
0.000000
0.000000
0.000000
0.000000
0.000000
0.000000
0.000000
0.000000
0.000000
0.000000
0.000000
0.000000
0.000000
0.000000
0.000000
0.000000
0.000000
0.000000
0.000000
0.000000
0.000000
0.000000
0.000000
0.000000
0.000000
0.000000
0.000000
0.000000
0.000000
0.000000
0.000000
0.000000
0.000000
0.000000
0.000000
0.000000
0.000000
0.000000
0.000000
0.000000
0.000000
0.000000
0.000000
0.000000
0.000000
0.000000
0.000000
0.000000
0.000000
0.000000
0.000000
0.000000
0.000000
0.000000
0.000000
0.000000
0.000000
0.000000
0.000000
0.000000
0.000000
0.000000
0.000000
0.000000
0.000000
0.000000
0.000000
0.000000
0.000000
0.000000
0.000000
0.000000
0.000000
0.000000
0.000000
0.000000
0.000000
0.000000
0.000000
0.000000
0.000000
0.000000
0.000000
0.000000
0.000000
0.000000
0.000000
0.000000
0.000000
0.000000
0.000000
0.000000
0.000000
0.000000
0.000000
0.000000
0.000000
0.000000
0.000000
0.000000
0.000000
0.000000
0.000000
0.000000
0.000000
0.000000
0.000000
0.000000
0.000000
0.000000
0.000000
0.000000
0.000000
0.000000
0.000000
0.000000
