59.395300
38.543300
851.130000
189.290000
87.326000
48.826000
29.753000
20.351000
13.307000
9.208600
6.914400
4.960200
3.412800
2.802000
1.845000
1.613300
1.067700
0.863920
0.711400
0.640770
0.361890
0.287510
0.274260
0.214230
0.158700
0.103600
0.089597
0.081527
0.061617
0.051549
0.036990
0.026249
0.028026
0.021236
0.015691
0.010020
0.010122
0.005415
0.004316
0.005877
0.003117
0.001874
0.001714
0.002945
0.001801
0.001038
0.001393
0.001253
0.000858
0.001061
0.000378
0.000403
0.000157
0.000061
0.000093
0.000086
0.000028
0.000091
0.000130
0.000137
0.000056
0.000033
0.000058
0.000046
0.000002
0.000006
0.000017
0.000002
0.000000
0.000002
0.000009
0.000000
0.000000
0.000006
0.000001
0.000000
0.000000
0.000000
0.000002
0.000000
0.000000
0.000000
0.000000
0.000000
0.000000
0.000001
0.000000
0.000000
0.000000
0.000000
0.000000
0.000000
0.000000
0.000000
0.000000
0.000000
0.000000
0.000000
0.000000
0.000000
0.000000
0.000000
0.000000
0.000000
0.000000
0.000000
0.000000
0.000000
0.000000
0.000000
0.000000
0.000000
0.000000
0.000000
0.000000
0.000000
0.000000
0.000000
0.000000
0.000000
0.000000
0.000000
0.000000
0.000000
0.000000
0.000000
0.000000
0.000000
0.000000
0.000000
0.000000
0.000000
0.000000
0.000000
0.000000
0.000000
0.000000
0.000000
0.000000
0.000000
0.000000
0.000000
0.000000
0.000000
0.000000
0.000000
0.000000
0.000000
0.000000
0.000000
0.000000
0.000000
0.000000
0.000000
0.000000
0.000000
0.000000
0.000000
0.000000
0.000000
0.000000
0.000000
0.000000
0.000000
0.000000
0.000000
0.000000
0.000000
0.000000
0.000000
0.000000
0.000000
0.000000
0.000000
0.000000
0.000000
0.000000
0.000000
0.000000
0.000000
0.000000
0.000000
0.000000
0.000000
0.000000
0.000000
0.000000
0.000000
0.000000
0.000000
0.000000
0.000000
0.000000
0.000000
0.000000
0.000000
0.000000
0.000000
0.000000
0.000000
0.000000
0.000000
