87.584600
12.955800
806.330000
149.690000
62.071000
31.041000
18.429000
12.472000
7.972300
5.932900
4.466300
3.635900
2.387000
1.832300
1.548100
1.170400
1.234700
0.793660
0.611140
0.630170
0.465810
0.393690
0.356450
0.276050
0.157510
0.227430
0.181470
0.124050
0.139250
0.126770
0.104520
0.089124
0.079686
0.053827
0.055292
0.062476
0.033649
0.030256
0.028187
0.016314
0.022662
0.007014
0.007533
0.015870
0.012953
0.010828
0.004731
0.002288
0.005372
0.002020
0.002442
0.004344
0.002153
0.004943
0.001661
0.002308
0.000768
0.001579
0.001430
0.002258
0.000589
0.000068
0.001100
0.002718
0.000332
0.000217
0.000265
0.000035
0.000050
0.000061
0.000014
0.000015
0.000025
0.000117
0.000022
0.000165
0.000058
0.000186
0.000000
0.000013
0.000009
0.000088
0.000007
0.000007
0.000000
0.000000
0.000032
0.000000
0.000000
0.000000
0.000003
0.000000
0.000000
0.000000
0.000002
0.000000
0.000000
0.000000
0.000000
0.000000
0.000002
0.000000
0.000000
0.000000
0.000000
0.000000
0.000000
0.000000
0.000000
0.000000
0.000000
0.000000
0.000000
0.000000
0.000000
0.000000
0.000000
0.000000
0.000000
0.000000
0.000000
0.000000
0.000000
0.000000
0.000000
0.000000
0.000000
0.000000
0.000000
0.000000
0.000000
0.000000
0.000000
0.000000
0.000000
0.000000
0.000000
0.000000
0.000000
0.000000
0.000000
0.000000
0.000000
0.000000
0.000000
0.000000
0.000000
0.000000
0.000000
0.000000
0.000000
0.000000
0.000000
0.000000
0.000000
0.000000
0.000000
0.000000
0.000000
0.000000
0.000000
0.000000
0.000000
0.000000
0.000000
0.000000
0.000000
0.000000
0.000000
0.000000
0.000000
0.000000
0.000000
0.000000
0.000000
0.000000
0.000000
0.000000
0.000000
0.000000
0.000000
0.000000
0.000000
0.000000
0.000000
0.000000
0.000000
0.000000
0.000000
0.000000
0.000000
0.000000
0.000000
0.000000
0.000000
0.000000
0.000000
0.000000
0.000000
0.000000
0.000000
0.000000
