44.487400
42.102400
975.720000
224.070000
108.840000
64.369000
36.164000
27.583000
18.124000
14.834000
9.793900
7.245300
5.352600
4.159700
3.175500
2.350700
1.859400
1.332800
0.953820
0.892170
0.603510
0.581820
0.475620
0.269790
0.276030
0.212020
0.144400
0.123320
0.076955
0.064524
0.042314
0.050118
0.040691
0.024594
0.017789
0.013509
0.019330
0.014058
0.006437
0.005997
0.005626
0.002915
0.003310
0.001927
0.002596
0.001959
0.001244
0.000627
0.000747
0.000887
0.001218
0.000290
0.000244
0.000308
0.000217
0.000245
0.000137
0.000021
0.000076
0.000130
0.000055
0.000023
0.000008
0.000000
0.000031
0.000002
0.000014
0.000005
0.000002
0.000005
0.000023
0.000003
0.000000
0.000000
0.000000
0.000002
0.000004
0.000000
0.000002
0.000001
0.000000
0.000000
0.000000
0.000000
0.000000
0.000000
0.000000
0.000000
0.000000
0.000000
0.000000
0.000000
0.000000
0.000000
0.000001
0.000000
0.000000
0.000000
0.000000
0.000000
0.000000
0.000000
0.000000
0.000000
0.000000
0.000000
0.000000
0.000000
0.000000
0.000000
0.000000
0.000000
0.000000
0.000000
0.000000
0.000000
0.000000
0.000000
0.000000
0.000000
0.000000
0.000000
0.000000
0.000000
0.000000
0.000000
0.000000
0.000000
0.000000
0.000000
0.000000
0.000000
0.000000
0.000000
0.000000
0.000000
0.000000
0.000000
0.000000
0.000000
0.000000
0.000000
0.000000
0.000000
0.000000
0.000000
0.000000
0.000000
0.000000
0.000000
0.000000
0.000000
0.000000
0.000000
0.000000
0.000000
0.000000
0.000000
0.000000
0.000000
0.000000
0.000000
0.000000
0.000000
0.000000
0.000000
0.000000
0.000000
0.000000
0.000000
0.000000
0.000000
0.000000
0.000000
0.000000
0.000000
0.000000
0.000000
0.000000
0.000000
0.000000
0.000000
0.000000
0.000000
0.000000
0.000000
0.000000
0.000000
0.000000
0.000000
0.000000
0.000000
0.000000
0.000000
0.000000
0.000000
0.000000
0.000000
0.000000
0.000000
0.000000
0.000000
