85.915000
36.631300
800.740000
146.720000
63.275000
29.969000
18.489000
10.680000
6.922700
4.794900
3.303700
2.547600
1.763000
1.329900
0.954010
0.636130
0.479340
0.304120
0.278590
0.246030
0.147310
0.140250
0.092652
0.090412
0.061091
0.037643
0.035363
0.027511
0.019592
0.024615
0.012921
0.008173
0.005931
0.007924
0.005250
0.003264
0.003156
0.002590
0.002956
0.001289
0.001153
0.001085
0.000653
0.000791
0.000307
0.000323
0.000410
0.000258
0.000287
0.000197
0.000156
0.000127
0.000203
0.000009
0.000076
0.000073
0.000067
0.000006
0.000000
0.000002
0.000046
0.000002
0.000001
0.000000
0.000025
0.000008
0.000013
0.000003
0.000000
0.000000
0.000013
0.000000
0.000004
0.000010
0.000000
0.000000
0.000001
0.000001
0.000000
0.000000
0.000000
0.000000
0.000000
0.000000
0.000000
0.000000
0.000000
0.000000
0.000000
0.000000
0.000000
0.000000
0.000000
0.000000
0.000000
0.000000
0.000000
0.000000
0.000001
0.000000
0.000000
0.000000
0.000000
0.000000
0.000000
0.000000
0.000000
0.000000
0.000000
0.000000
0.000000
0.000000
0.000000
0.000000
0.000000
0.000000
0.000000
0.000000
0.000000
0.000000
0.000000
0.000000
0.000000
0.000000
0.000000
0.000000
0.000000
0.000000
0.000000
0.000000
0.000000
0.000000
0.000000
0.000000
0.000000
0.000000
0.000000
0.000000
0.000000
0.000000
0.000000
0.000000
0.000000
0.000000
0.000000
0.000000
0.000000
0.000000
0.000000
0.000000
0.000000
0.000000
0.000000
0.000000
0.000000
0.000000
0.000000
0.000000
0.000000
0.000000
0.000000
0.000000
0.000000
0.000000
0.000000
0.000000
0.000000
0.000000
0.000000
0.000000
0.000000
0.000000
0.000000
0.000000
0.000000
0.000000
0.000000
0.000000
0.000000
0.000000
0.000000
0.000000
0.000000
0.000000
0.000000
0.000000
0.000000
0.000000
0.000000
0.000000
0.000000
0.000000
0.000000
0.000000
0.000000
0.000000
0.000000
0.000000
0.000000
0.000000
0.000000
0.000000
