86.937800
11.356500
803.720000
142.310000
59.807000
32.480000
19.863000
11.932000
9.310900
6.156900
4.728900
3.679300
2.782400
1.972500
1.932100
1.343100
1.192100
0.895190
0.714450
0.562480
0.503050
0.506900
0.380910
0.327680
0.304400
0.269660
0.214290
0.156130
0.147190
0.123120
0.106950
0.078871
0.088919
0.062477
0.053855
0.046317
0.071592
0.042129
0.031358
0.020297
0.025368
0.023129
0.012941
0.017500
0.008827
0.009145
0.010474
0.006517
0.007976
0.006679
0.003848
0.002656
0.002560
0.004043
0.005195
0.002140
0.004223
0.003908
0.000523
0.000483
0.001425
0.001175
0.000363
0.000359
0.000344
0.000974
0.000806
0.000198
0.000092
0.000285
0.000040
0.000000
0.000765
0.000126
0.000097
0.000007
0.000233
0.000000
0.000032
0.000103
0.000034
0.000557
0.000002
0.000000
0.000013
0.000000
0.000087
0.000000
0.000000
0.000003
0.000000
0.000000
0.000000
0.000000
0.000000
0.000001
0.000000
0.000000
0.000002
0.000000
0.000000
0.000000
0.000000
0.000000
0.000000
0.000000
0.000000
0.000001
0.000000
0.000000
0.000000
0.000000
0.000000
0.000000
0.000000
0.000000
0.000000
0.000000
0.000000
0.000000
0.000000
0.000000
0.000000
0.000000
0.000000
0.000000
0.000000
0.000000
0.000000
0.000000
0.000000
0.000000
0.000000
0.000000
0.000000
0.000000
0.000000
0.000000
0.000000
0.000000
0.000000
0.000000
0.000000
0.000000
0.000000
0.000000
0.000000
0.000000
0.000000
0.000000
0.000000
0.000000
0.000000
0.000000
0.000000
0.000000
0.000000
0.000000
0.000000
0.000000
0.000000
0.000000
0.000000
0.000000
0.000000
0.000000
0.000000
0.000000
0.000000
0.000000
0.000000
0.000000
0.000000
0.000000
0.000000
0.000000
0.000000
0.000000
0.000000
0.000000
0.000000
0.000000
0.000000
0.000000
0.000000
0.000000
0.000000
0.000000
0.000000
0.000000
0.000000
0.000000
0.000000
0.000000
0.000000
0.000000
0.000000
0.000000
0.000000
0.000000
0.000000
0.000000
