67.242000
39.378600
893.050000
178.880000
75.390000
43.323000
25.730000
16.589000
10.938000
7.260900
5.873500
3.863600
2.590700
1.901300
1.534900
1.148000
0.770410
0.736970
0.540750
0.427320
0.322370
0.206760
0.176760
0.135320
0.092986
0.067290
0.050596
0.040422
0.028906
0.034031
0.017633
0.020070
0.018419
0.010339
0.009479
0.009659
0.005409
0.006491
0.003278
0.004047
0.003028
0.003434
0.001031
0.001044
0.000552
0.000494
0.000641
0.001090
0.000322
0.000219
0.000223
0.000324
0.000263
0.000130
0.000041
0.000028
0.000079
0.000028
0.000010
0.000024
0.000065
0.000119
0.000003
0.000007
0.000000
0.000004
0.000002
0.000014
0.000005
0.000000
0.000002
0.000000
0.000000
0.000000
0.000002
0.000000
0.000000
0.000000
0.000000
0.000000
0.000000
0.000000
0.000000
0.000000
0.000000
0.000000
0.000000
0.000000
0.000000
0.000000
0.000000
0.000000
0.000000
0.000000
0.000000
0.000000
0.000000
0.000000
0.000000
0.000000
0.000000
0.000000
0.000000
0.000000
0.000000
0.000000
0.000000
0.000000
0.000000
0.000000
0.000000
0.000000
0.000000
0.000000
0.000000
0.000000
0.000000
0.000000
0.000000
0.000000
0.000000
0.000000
0.000000
0.000000
0.000000
0.000000
0.000000
0.000000
0.000000
0.000000
0.000000
0.000000
0.000000
0.000000
0.000000
0.000000
0.000000
0.000000
0.000000
0.000000
0.000000
0.000000
0.000000
0.000000
0.000000
0.000000
0.000000
0.000000
0.000000
0.000000
0.000000
0.000000
0.000000
0.000000
0.000000
0.000000
0.000000
0.000000
0.000000
0.000000
0.000000
0.000000
0.000000
0.000000
0.000000
0.000000
0.000000
0.000000
0.000000
0.000000
0.000000
0.000000
0.000000
0.000000
0.000000
0.000000
0.000000
0.000000
0.000000
0.000000
0.000000
0.000000
0.000000
0.000000
0.000000
0.000000
0.000000
0.000000
0.000000
0.000000
0.000000
0.000000
0.000000
0.000000
0.000000
0.000000
0.000000
0.000000
0.000000
0.000000
0.000000
0.000000
