53.047300
55.150100
933.470000
195.320000
87.557000
50.252000
33.188000
20.773000
15.194000
9.393500
7.384300
5.217600
3.619200
2.941100
2.004000
1.460500
1.057600
0.915650
0.614890
0.462930
0.340970
0.217200
0.245010
0.144670
0.128910
0.098511
0.059545
0.054863
0.041437
0.024864
0.025456
0.022232
0.015199
0.005610
0.013131
0.003918
0.005408
0.006637
0.004819
0.001210
0.001479
0.001392
0.001130
0.000801
0.000431
0.000825
0.000324
0.000387
0.000094
0.000581
0.000183
0.000105
0.000460
0.000057
0.000017
0.000018
0.000012
0.000000
0.000025
0.000021
0.000008
0.000050
0.000000
0.000005
0.000000
0.000006
0.000012
0.000000
0.000000
0.000000
0.000000
0.000000
0.000009
0.000000
0.000000
0.000000
0.000000
0.000000
0.000002
0.000000
0.000000
0.000000
0.000000
0.000000
0.000000
0.000000
0.000000
0.000000
0.000000
0.000000
0.000000
0.000000
0.000000
0.000000
0.000000
0.000000
0.000000
0.000000
0.000000
0.000000
0.000000
0.000000
0.000000
0.000000
0.000000
0.000000
0.000000
0.000000
0.000000
0.000000
0.000000
0.000000
0.000000
0.000000
0.000000
0.000000
0.000000
0.000000
0.000000
0.000000
0.000000
0.000000
0.000000
0.000000
0.000000
0.000000
0.000000
0.000000
0.000000
0.000000
0.000000
0.000000
0.000000
0.000000
0.000000
0.000000
0.000000
0.000000
0.000000
0.000000
0.000000
0.000000
0.000000
0.000000
0.000000
0.000000
0.000000
0.000000
0.000000
0.000000
0.000000
0.000000
0.000000
0.000000
0.000000
0.000000
0.000000
0.000000
0.000000
0.000000
0.000000
0.000000
0.000000
0.000000
0.000000
0.000000
0.000000
0.000000
0.000000
0.000000
0.000000
0.000000
0.000000
0.000000
0.000000
0.000000
0.000000
0.000000
0.000000
0.000000
0.000000
0.000000
0.000000
0.000000
0.000000
0.000000
0.000000
0.000000
0.000000
0.000000
0.000000
0.000000
0.000000
0.000000
0.000000
0.000000
0.000000
0.000000
0.000000
0.000000
0.000000
0.000000
