50.976600
33.075000
945.360000
205.600000
94.169000
53.095000
36.944000
25.962000
15.688000
11.535000
9.032500
6.590200
4.926400
3.826000
3.311300
2.133900
1.687800
1.354500
0.967400
0.845560
0.682890
0.552880
0.448120
0.329470
0.263180
0.253470
0.195860
0.144180
0.116400
0.085769
0.051750
0.049766
0.037796
0.031952
0.035232
0.025286
0.015633
0.015598
0.015827
0.010261
0.008986
0.006452
0.006571
0.002879
0.003699
0.002546
0.002230
0.001631
0.001291
0.001501
0.001603
0.000667
0.000237
0.000436
0.000344
0.000644
0.000281
0.000112
0.000245
0.000093
0.000173
0.000052
0.000158
0.000033
0.000086
0.000592
0.000021
0.000016
0.000080
0.000006
0.000003
0.000000
0.000033
0.000000
0.000002
0.000003
0.000000
0.000000
0.000002
0.000000
0.000000
0.000001
0.000000
0.000000
0.000000
0.000000
0.000000
0.000005
0.000001
0.000000
0.000000
0.000000
0.000000
0.000002
0.000000
0.000000
0.000000
0.000000
0.000000
0.000000
0.000000
0.000000
0.000000
0.000000
0.000008
0.000000
0.000000
0.000000
0.000000
0.000000
0.000000
0.000000
0.000000
0.000000
0.000000
0.000000
0.000000
0.000000
0.000000
0.000000
0.000000
0.000000
0.000000
0.000000
0.000000
0.000000
0.000000
0.000000
0.000000
0.000000
0.000000
0.000000
0.000000
0.000000
0.000000
0.000000
0.000000
0.000000
0.000000
0.000000
0.000000
0.000000
0.000000
0.000000
0.000000
0.000000
0.000000
0.000000
0.000000
0.000000
0.000000
0.000000
0.000000
0.000000
0.000000
0.000000
0.000000
0.000000
0.000000
0.000000
0.000000
0.000000
0.000000
0.000000
0.000000
0.000000
0.000000
0.000000
0.000000
0.000000
0.000000
0.000000
0.000000
0.000000
0.000000
0.000000
0.000000
0.000000
0.000000
0.000000
0.000000
0.000000
0.000000
0.000000
0.000000
0.000000
0.000000
0.000000
0.000000
0.000000
0.000000
0.000000
0.000000
0.000000
0.000000
0.000000
0.000000
0.000000
0.000000
0.000000
0.000000
0.000000
