80.153500
46.379900
848.480000
165.910000
62.784000
31.643000
18.364000
12.151000
7.465100
5.595800
3.402400
2.622000
1.527000
1.210400
0.881820
0.698440
0.448980
0.313440
0.246410
0.172700
0.141610
0.108570
0.072166
0.064113
0.051212
0.033316
0.022688
0.020555
0.018700
0.011924
0.009834
0.011905
0.007155
0.007235
0.004850
0.002353
0.001885
0.002143
0.000801
0.000495
0.000480
0.000500
0.000378
0.000435
0.000188
0.000239
0.000190
0.000169
0.000057
0.000084
0.000074
0.000076
0.000180
0.000043
0.000094
0.000004
0.000008
0.000002
0.000027
0.000035
0.000011
0.000040
0.000010
0.000005
0.000000
0.000008
0.000006
0.000000
0.000000
0.000004
0.000000
0.000000
0.000000
0.000000
0.000000
0.000000
0.000000
0.000000
0.000000
0.000000
0.000000
0.000000
0.000000
0.000000
0.000000
0.000000
0.000000
0.000000
0.000000
0.000000
0.000000
0.000000
0.000000
0.000000
0.000000
0.000000
0.000000
0.000000
0.000000
0.000000
0.000000
0.000000
0.000000
0.000000
0.000000
0.000000
0.000000
0.000000
0.000000
0.000000
0.000000
0.000000
0.000000
0.000000
0.000000
0.000000
0.000000
0.000000
0.000000
0.000000
0.000000
0.000000
0.000000
0.000000
0.000000
0.000000
0.000000
0.000000
0.000000
0.000000
0.000000
0.000000
0.000000
0.000000
0.000000
0.000000
0.000000
0.000000
0.000000
0.000000
0.000000
0.000000
0.000000
0.000000
0.000000
0.000000
0.000000
0.000000
0.000000
0.000000
0.000000
0.000000
0.000000
0.000000
0.000000
0.000000
0.000000
0.000000
0.000000
0.000000
0.000000
0.000000
0.000000
0.000000
0.000000
0.000000
0.000000
0.000000
0.000000
0.000000
0.000000
0.000000
0.000000
0.000000
0.000000
0.000000
0.000000
0.000000
0.000000
0.000000
0.000000
0.000000
0.000000
0.000000
0.000000
0.000000
0.000000
0.000000
0.000000
0.000000
0.000000
0.000000
0.000000
0.000000
0.000000
0.000000
0.000000
0.000000
0.000000
0.000000
0.000000
0.000000
