74.443700
10.200500
888.400000
164.810000
70.740000
41.142000
23.589000
17.352000
11.535000
8.336300
6.434400
4.886100
3.672700
3.120800
2.578400
2.435700
1.646200
1.418000
1.350300
1.183000
0.769290
0.823120
0.662850
0.437280
0.611520
0.389840
0.266620
0.293900
0.213030
0.175410
0.167260
0.129400
0.147250
0.125350
0.078638
0.093628
0.108580
0.078984
0.052464
0.039184
0.047762
0.037041
0.027137
0.021800
0.032638
0.017453
0.022054
0.019920
0.007826
0.006909
0.008819
0.006121
0.015970
0.003659
0.004205
0.002607
0.005942
0.004393
0.002069
0.001936
0.001236
0.001873
0.000530
0.000416
0.001101
0.001335
0.000539
0.000569
0.000680
0.000635
0.000021
0.000518
0.000632
0.000571
0.000204
0.000177
0.000153
0.000451
0.000006
0.000000
0.000051
0.000118
0.000022
0.000134
0.000312
0.000001
0.000085
0.000109
0.000087
0.000004
0.000021
0.000000
0.000001
0.000000
0.000002
0.000007
0.000004
0.000000
0.000395
0.000000
0.000111
0.000000
0.000000
0.000000
0.000005
0.000001
0.000000
0.000000
0.000000
0.000000
0.000000
0.000000
0.000000
0.000000
0.000000
0.000000
0.000000
0.000000
0.000000
0.000000
0.000000
0.000000
0.000000
0.000000
0.000000
0.000000
0.000000
0.000000
0.000000
0.000000
0.000000
0.000000
0.000000
0.000000
0.000000
0.000000
0.000000
0.000000
0.000000
0.000000
0.000000
0.000000
0.000000
0.000000
0.000000
0.000000
0.000000
0.000000
0.000000
0.000000
0.000000
0.000000
0.000000
0.000000
0.000000
0.000000
0.000000
0.000000
0.000000
0.000000
0.000000
0.000000
0.000000
0.000000
0.000000
0.000000
0.000000
0.000000
0.000000
0.000000
0.000000
0.000000
0.000000
0.000000
0.000000
0.000000
0.000000
0.000000
0.000000
0.000000
0.000000
0.000000
0.000000
0.000000
0.000000
0.000000
0.000000
0.000000
0.000000
0.000000
0.000000
0.000000
0.000000
0.000000
0.000000
0.000000
0.000000
0.000000
0.000000
0.000000
0.000000
0.000000
