55.901000
20.572600
958.450000
211.650000
87.367000
53.028000
34.087000
23.807000
15.180000
12.724000
10.241000
7.330700
5.275500
4.250700
3.120500
2.360200
2.349400
1.750500
1.407600
1.092100
0.810520
0.805280
0.583400
0.471140
0.429020
0.371580
0.267120
0.244050
0.189770
0.176480
0.146410
0.119740
0.112560
0.067263
0.048826
0.062417
0.042568
0.035777
0.023901
0.031234
0.023884
0.022513
0.012248
0.017129
0.012682
0.006546
0.006802
0.004245
0.004306
0.004894
0.006863
0.002210
0.002722
0.003422
0.001508
0.001272
0.000642
0.000254
0.000557
0.000165
0.000975
0.000976
0.000302
0.000240
0.000217
0.000092
0.000175
0.000101
0.000023
0.000023
0.000025
0.000156
0.000028
0.000009
0.000019
0.000000
0.000035
0.000026
0.000000
0.000004
0.000002
0.000001
0.000018
0.000022
0.000000
0.000004
0.000046
0.000000
0.000000
0.000000
0.000002
0.000014
0.000000
0.000001
0.000000
0.000000
0.000000
0.000000
0.000001
0.000010
0.000000
0.000000
0.000000
0.000000
0.000002
0.000000
0.000000
0.000000
0.000000
0.000000
0.000001
0.000000
0.000000
0.000000
0.000000
0.000000
0.000000
0.000000
0.000000
0.000000
0.000000
0.000000
0.000000
0.000000
0.000000
0.000000
0.000000
0.000000
0.000000
0.000000
0.000000
0.000000
0.000000
0.000000
0.000000
0.000000
0.000000
0.000000
0.000000
0.000000
0.000000
0.000000
0.000000
0.000000
0.000000
0.000000
0.000000
0.000000
0.000000
0.000000
0.000000
0.000000
0.000000
0.000000
0.000000
0.000000
0.000000
0.000000
0.000000
0.000000
0.000000
0.000000
0.000000
0.000000
0.000000
0.000000
0.000000
0.000000
0.000000
0.000000
0.000000
0.000000
0.000000
0.000000
0.000000
0.000000
0.000000
0.000000
0.000000
0.000000
0.000000
0.000000
0.000000
0.000000
0.000000
0.000000
0.000000
0.000000
0.000000
0.000000
0.000000
0.000000
0.000000
0.000000
0.000000
0.000000
0.000000
0.000000
0.000000
0.000000
0.000000
0.000000
