83.721100
45.308100
823.840000
148.560000
61.199000
29.613000
17.965000
11.398000
7.874500
5.408400
3.017800
2.130700
1.725300
1.139900
0.736020
0.669500
0.477200
0.346720
0.284870
0.190950
0.152550
0.085454
0.058716
0.050228
0.037884
0.025411
0.017510
0.024135
0.014315
0.011519
0.011012
0.009120
0.007942
0.005156
0.003285
0.001626
0.001707
0.001059
0.001327
0.000659
0.001237
0.000647
0.000355
0.000428
0.000052
0.000174
0.000304
0.000079
0.000078
0.000066
0.000046
0.000021
0.000013
0.000020
0.000023
0.000006
0.000021
0.000002
0.000001
0.000000
0.000000
0.000000
0.000009
0.000002
0.000002
0.000000
0.000000
0.000002
0.000002
0.000000
0.000000
0.000000
0.000027
0.000000
0.000000
0.000000
0.000000
0.000000
0.000000
0.000000
0.000000
0.000000
0.000000
0.000000
0.000000
0.000000
0.000000
0.000000
0.000000
0.000000
0.000000
0.000000
0.000000
0.000000
0.000000
0.000000
0.000000
0.000000
0.000000
0.000000
0.000000
0.000000
0.000000
0.000000
0.000000
0.000000
0.000000
0.000000
0.000000
0.000000
0.000000
0.000000
0.000000
0.000000
0.000000
0.000000
0.000000
0.000000
0.000000
0.000000
0.000000
0.000000
0.000000
0.000000
0.000000
0.000000
0.000000
0.000000
0.000000
0.000000
0.000000
0.000000
0.000000
0.000000
0.000000
0.000000
0.000000
0.000000
0.000000
0.000000
0.000000
0.000000
0.000000
0.000000
0.000000
0.000000
0.000000
0.000000
0.000000
0.000000
0.000000
0.000000
0.000000
0.000000
0.000000
0.000000
0.000000
0.000000
0.000000
0.000000
0.000000
0.000000
0.000000
0.000000
0.000000
0.000000
0.000000
0.000000
0.000000
0.000000
0.000000
0.000000
0.000000
0.000000
0.000000
0.000000
0.000000
0.000000
0.000000
0.000000
0.000000
0.000000
0.000000
0.000000
0.000000
0.000000
0.000000
0.000000
0.000000
0.000000
0.000000
0.000000
0.000000
0.000000
0.000000
0.000000
0.000000
0.000000
0.000000
0.000000
0.000000
0.000000
