75.966800
20.630200
873.710000
164.500000
69.802000
40.303000
22.218000
14.863000
9.405800
6.896100
5.397600
3.701800
3.023000
2.301300
1.720900
1.239500
0.929330
0.872390
0.816890
0.480640
0.460760
0.395420
0.292180
0.179370
0.219720
0.163600
0.147280
0.120000
0.111710
0.086468
0.091472
0.066062
0.043382
0.043637
0.038376
0.030803
0.029149
0.016493
0.011553
0.010788
0.011951
0.009947
0.007141
0.005736
0.008435
0.010243
0.004731
0.001314
0.002316
0.002524
0.002394
0.001902
0.000947
0.001217
0.001011
0.001012
0.000906
0.000400
0.000193
0.000363
0.000098
0.000712
0.000220
0.000126
0.000393
0.000087
0.000143
0.000058
0.000006
0.000018
0.000000
0.000003
0.000033
0.000012
0.000000
0.000125
0.000000
0.000000
0.000032
0.000035
0.000014
0.000003
0.000021
0.000043
0.000019
0.000000
0.000002
0.000000
0.000000
0.000000
0.000000
0.000000
0.000000
0.000000
0.000001
0.000003
0.000002
0.000003
0.000000
0.000000
0.000000
0.000000
0.000000
0.000000
0.000000
0.000000
0.000000
0.000000
0.000000
0.000000
0.000000
0.000000
0.000000
0.000000
0.000000
0.000000
0.000000
0.000000
0.000000
0.000000
0.000000
0.000000
0.000000
0.000000
0.000000
0.000000
0.000000
0.000000
0.000000
0.000000
0.000000
0.000000
0.000000
0.000000
0.000000
0.000000
0.000000
0.000000
0.000000
0.000000
0.000000
0.000000
0.000000
0.000000
0.000000
0.000000
0.000000
0.000000
0.000000
0.000000
0.000000
0.000000
0.000000
0.000000
0.000000
0.000000
0.000000
0.000000
0.000000
0.000000
0.000000
0.000000
0.000000
0.000000
0.000000
0.000000
0.000000
0.000000
0.000000
0.000000
0.000000
0.000000
0.000000
0.000000
0.000000
0.000000
0.000000
0.000000
0.000000
0.000000
0.000000
0.000000
0.000000
0.000000
0.000000
0.000000
0.000000
0.000000
0.000000
0.000000
0.000000
0.000000
0.000000
0.000000
0.000000
0.000000
0.000000
0.000000
0.000000
0.000000
0.000000
0.000000
