60.500500
42.858600
962.670000
183.440000
81.175000
45.057000
29.115000
17.452000
12.524000
8.618200
6.360800
4.846900
3.229100
2.379800
1.829300
1.347300
1.066700
0.695200
0.644320
0.459400
0.363320
0.285770
0.211090
0.173250
0.123700
0.089698
0.065995
0.052570
0.045296
0.036734
0.037099
0.021772
0.010636
0.011699
0.016166
0.009047
0.006625
0.005417
0.004144
0.002713
0.001864
0.002547
0.001109
0.001900
0.000735
0.000960
0.000452
0.000607
0.000464
0.000289
0.000323
0.000237
0.000169
0.000131
0.000057
0.000033
0.000126
0.000005
0.000019
0.000020
0.000012
0.000010
0.000075
0.000002
0.000004
0.000004
0.000002
0.000000
0.000002
0.000000
0.000000
0.000000
0.000009
0.000000
0.000000
0.000000
0.000000
0.000000
0.000000
0.000000
0.000000
0.000000
0.000000
0.000000
0.000000
0.000000
0.000000
0.000000
0.000000
0.000000
0.000000
0.000000
0.000000
0.000000
0.000000
0.000000
0.000000
0.000000
0.000000
0.000000
0.000000
0.000000
0.000000
0.000000
0.000000
0.000000
0.000000
0.000000
0.000000
0.000000
0.000000
0.000000
0.000000
0.000000
0.000000
0.000000
0.000000
0.000000
0.000000
0.000000
0.000000
0.000000
0.000000
0.000000
0.000000
0.000000
0.000000
0.000000
0.000000
0.000000
0.000000
0.000000
0.000000
0.000000
0.000000
0.000000
0.000000
0.000000
0.000000
0.000000
0.000000
0.000000
0.000000
0.000000
0.000000
0.000000
0.000000
0.000000
0.000000
0.000000
0.000000
0.000000
0.000000
0.000000
0.000000
0.000000
0.000000
0.000000
0.000000
0.000000
0.000000
0.000000
0.000000
0.000000
0.000000
0.000000
0.000000
0.000000
0.000000
0.000000
0.000000
0.000000
0.000000
0.000000
0.000000
0.000000
0.000000
0.000000
0.000000
0.000000
0.000000
0.000000
0.000000
0.000000
0.000000
0.000000
0.000000
0.000000
0.000000
0.000000
0.000000
0.000000
0.000000
0.000000
0.000000
0.000000
0.000000
0.000000
0.000000
0.000000
0.000000
0.000000
