46.343400
58.073200
928.850000
212.530000
102.610000
61.197000
38.248000
23.410000
18.843000
11.850000
8.212600
6.631900
4.259000
3.360900
2.396700
1.849200
1.451200
1.032300
0.748330
0.634510
0.443500
0.377410
0.247590
0.213000
0.178920
0.120540
0.089030
0.056555
0.051102
0.038672
0.024889
0.026610
0.019974
0.014213
0.016510
0.006051
0.006899
0.005292
0.005237
0.002058
0.004624
0.001710
0.002732
0.000500
0.000479
0.000270
0.000170
0.000453
0.000509
0.000124
0.000094
0.000155
0.000113
0.000038
0.000062
0.000057
0.000003
0.000044
0.000000
0.000003
0.000002
0.000004
0.000003
0.000000
0.000005
0.000000
0.000000
0.000015
0.000000
0.000000
0.000000
0.000000
0.000000
0.000000
0.000000
0.000000
0.000000
0.000000
0.000000
0.000000
0.000000
0.000000
0.000000
0.000000
0.000000
0.000000
0.000000
0.000000
0.000000
0.000000
0.000000
0.000000
0.000000
0.000000
0.000000
0.000000
0.000000
0.000000
0.000000
0.000000
0.000000
0.000000
0.000000
0.000000
0.000000
0.000000
0.000000
0.000000
0.000000
0.000000
0.000000
0.000000
0.000000
0.000000
0.000000
0.000000
0.000000
0.000000
0.000000
0.000000
0.000000
0.000000
0.000000
0.000000
0.000000
0.000000
0.000000
0.000000
0.000000
0.000000
0.000000
0.000000
0.000000
0.000000
0.000000
0.000000
0.000000
0.000000
0.000000
0.000000
0.000000
0.000000
0.000000
0.000000
0.000000
0.000000
0.000000
0.000000
0.000000
0.000000
0.000000
0.000000
0.000000
0.000000
0.000000
0.000000
0.000000
0.000000
0.000000
0.000000
0.000000
0.000000
0.000000
0.000000
0.000000
0.000000
0.000000
0.000000
0.000000
0.000000
0.000000
0.000000
0.000000
0.000000
0.000000
0.000000
0.000000
0.000000
0.000000
0.000000
0.000000
0.000000
0.000000
0.000000
0.000000
0.000000
0.000000
0.000000
0.000000
0.000000
0.000000
0.000000
0.000000
0.000000
0.000000
0.000000
0.000000
0.000000
0.000000
0.000000
0.000000
0.000000
