53.214400
23.114700
983.610000
208.380000
94.021000
56.162000
32.818000
24.286000
18.948000
12.672000
9.234400
7.227200
5.521500
4.085800
3.507300
2.613700
1.971900
1.412500
1.256300
1.111800
0.879050
0.733240
0.595630
0.492890
0.389480
0.357670
0.282400
0.176330
0.183790
0.144670
0.126960
0.075029
0.086105
0.067003
0.058684
0.039676
0.029194
0.036661
0.029863
0.022380
0.017397
0.012334
0.010707
0.011785
0.006806
0.007305
0.003992
0.004859
0.003944
0.004762
0.004213
0.002316
0.002315
0.002344
0.000684
0.001442
0.001089
0.000759
0.001465
0.000308
0.000644
0.000408
0.000431
0.000294
0.000216
0.000308
0.000069
0.000031
0.000019
0.000044
0.000009
0.000026
0.000022
0.000131
0.000013
0.000119
0.000006
0.000032
0.000000
0.000005
0.000003
0.000003
0.000005
0.000000
0.000008
0.000000
0.000008
0.000012
0.000000
0.000005
0.000015
0.000008
0.000000
0.000000
0.000000
0.000000
0.000000
0.000000
0.000000
0.000000
0.000000
0.000000
0.000000
0.000000
0.000000
0.000000
0.000000
0.000000
0.000000
0.000000
0.000000
0.000000
0.000000
0.000000
0.000000
0.000000
0.000000
0.000000
0.000000
0.000000
0.000000
0.000000
0.000000
0.000000
0.000000
0.000000
0.000000
0.000000
0.000000
0.000000
0.000000
0.000000
0.000000
0.000000
0.000000
0.000000
0.000000
0.000000
0.000000
0.000000
0.000000
0.000000
0.000000
0.000000
0.000000
0.000000
0.000000
0.000000
0.000000
0.000000
0.000000
0.000000
0.000000
0.000000
0.000000
0.000000
0.000000
0.000000
0.000000
0.000000
0.000000
0.000000
0.000000
0.000000
0.000000
0.000000
0.000000
0.000000
0.000000
0.000000
0.000000
0.000000
0.000000
0.000000
0.000000
0.000000
0.000000
0.000000
0.000000
0.000000
0.000000
0.000000
0.000000
0.000000
0.000000
0.000000
0.000000
0.000000
0.000000
0.000000
0.000000
0.000000
0.000000
0.000000
0.000000
0.000000
0.000000
0.000000
0.000000
0.000000
0.000000
0.000000
