40.322600
19.698500
1048.100000
242.630000
115.920000
73.708000
47.669000
32.422000
25.415000
18.556000
13.127000
10.603000
8.828700
7.325800
5.465300
4.706000
3.731200
2.890600
2.200400
2.062300
1.713800
1.311500
1.129000
0.794380
0.797050
0.618360
0.565570
0.516910
0.348160
0.294280
0.278110
0.218340
0.183350
0.151240
0.124850
0.111650
0.065410
0.087166
0.061993
0.056235
0.044203
0.039187
0.029997
0.037725
0.032256
0.024429
0.018312
0.009101
0.018104
0.010066
0.007091
0.005579
0.005165
0.004312
0.004358
0.005622
0.002609
0.002479
0.002721
0.004849
0.001525
0.001082
0.001207
0.001235
0.000338
0.001413
0.000450
0.000587
0.000582
0.000297
0.000249
0.000468
0.000143
0.000300
0.000556
0.000098
0.000078
0.000153
0.000005
0.000041
0.000018
0.000010
0.000056
0.000006
0.000086
0.000002
0.000001
0.000016
0.000006
0.000003
0.000002
0.000013
0.000007
0.000003
0.000002
0.000001
0.000000
0.000000
0.000000
0.000001
0.000000
0.000000
0.000005
0.000000
0.000003
0.000000
0.000000
0.000000
0.000000
0.000000
0.000000
0.000000
0.000000
0.000000
0.000000
0.000000
0.000000
0.000000
0.000000
0.000000
0.000000
0.000000
0.000000
0.000000
0.000000
0.000000
0.000000
0.000000
0.000000
0.000000
0.000000
0.000000
0.000000
0.000000
0.000000
0.000000
0.000000
0.000000
0.000000
0.000000
0.000000
0.000000
0.000000
0.000000
0.000000
0.000000
0.000000
0.000000
0.000000
0.000000
0.000000
0.000000
0.000000
0.000000
0.000000
0.000000
0.000000
0.000000
0.000000
0.000000
0.000000
0.000000
0.000000
0.000000
0.000000
0.000000
0.000000
0.000000
0.000000
0.000000
0.000000
0.000000
0.000000
0.000000
0.000000
0.000000
0.000000
0.000000
0.000000
0.000000
0.000000
0.000000
0.000000
0.000000
0.000000
0.000000
0.000000
0.000000
0.000000
0.000000
0.000000
0.000000
0.000000
0.000000
0.000000
0.000000
0.000000
0.000000
0.000000
0.000000
0.000000
0.000000
