70.593800
15.990700
852.700000
177.040000
75.986000
41.318000
25.630000
16.006000
11.119000
8.861500
6.220500
4.827300
3.702200
2.554400
2.246800
1.818700
1.747300
1.307100
1.006900
0.900550
0.635640
0.609840
0.475880
0.415430
0.400440
0.327810
0.271470
0.223040
0.169960
0.153200
0.148010
0.078573
0.092043
0.053034
0.058567
0.054526
0.036373
0.042299
0.027253
0.020543
0.023254
0.026240
0.017358
0.013307
0.009868
0.010808
0.006982
0.004122
0.005092
0.004342
0.005165
0.003483
0.001765
0.001539
0.001980
0.001048
0.003219
0.001326
0.000523
0.001491
0.000453
0.000969
0.000847
0.000556
0.000073
0.000442
0.000289
0.000183
0.000013
0.000122
0.000081
0.000238
0.000026
0.000018
0.000054
0.000061
0.000075
0.000049
0.000003
0.000017
0.000001
0.000003
0.000002
0.000072
0.000021
0.000000
0.000001
0.000002
0.000000
0.000001
0.000006
0.000000
0.000000
0.000000
0.000000
0.000000
0.000000
0.000000
0.000000
0.000000
0.000000
0.000000
0.000001
0.000000
0.000000
0.000000
0.000000
0.000000
0.000000
0.000000
0.000000
0.000000
0.000000
0.000000
0.000000
0.000000
0.000000
0.000000
0.000000
0.000000
0.000000
0.000000
0.000000
0.000000
0.000000
0.000000
0.000000
0.000000
0.000000
0.000000
0.000000
0.000000
0.000000
0.000000
0.000000
0.000000
0.000000
0.000000
0.000000
0.000000
0.000000
0.000000
0.000000
0.000000
0.000000
0.000000
0.000000
0.000000
0.000000
0.000000
0.000000
0.000000
0.000000
0.000000
0.000000
0.000000
0.000000
0.000000
0.000000
0.000000
0.000000
0.000000
0.000000
0.000000
0.000000
0.000000
0.000000
0.000000
0.000000
0.000000
0.000000
0.000000
0.000000
0.000000
0.000000
0.000000
0.000000
0.000000
0.000000
0.000000
0.000000
0.000000
0.000000
0.000000
0.000000
0.000000
0.000000
0.000000
0.000000
0.000000
0.000000
0.000000
0.000000
0.000000
0.000000
0.000000
0.000000
0.000000
0.000000
0.000000
0.000000
0.000000
