69.607900
24.743100
869.120000
166.520000
81.203000
41.533000
25.253000
17.281000
10.788000
8.359100
6.033900
4.101600
2.996800
2.420100
1.843300
1.450900
1.188000
0.977610
0.740950
0.572270
0.431880
0.373330
0.281810
0.267350
0.245620
0.162040
0.100570
0.125100
0.111810
0.062878
0.060717
0.050128
0.052859
0.042875
0.023843
0.020680
0.013806
0.013107
0.012681
0.008891
0.008339
0.010523
0.005787
0.005141
0.003859
0.004325
0.002820
0.000746
0.000898
0.006280
0.000976
0.000369
0.001120
0.000502
0.000703
0.000136
0.000309
0.000155
0.000077
0.000217
0.000566
0.000088
0.000047
0.000624
0.000109
0.000040
0.000002
0.000054
0.000125
0.000028
0.000005
0.000021
0.000000
0.000012
0.000011
0.000002
0.000000
0.000000
0.000003
0.000002
0.000000
0.000000
0.000002
0.000008
0.000000
0.000005
0.000000
0.000000
0.000000
0.000000
0.000000
0.000013
0.000000
0.000000
0.000000
0.000000
0.000002
0.000000
0.000000
0.000000
0.000000
0.000000
0.000000
0.000019
0.000000
0.000000
0.000000
0.000000
0.000000
0.000000
0.000000
0.000000
0.000000
0.000000
0.000000
0.000000
0.000000
0.000000
0.000000
0.000000
0.000000
0.000000
0.000000
0.000000
0.000000
0.000000
0.000000
0.000000
0.000000
0.000000
0.000000
0.000000
0.000000
0.000000
0.000000
0.000000
0.000000
0.000000
0.000000
0.000000
0.000000
0.000000
0.000000
0.000000
0.000000
0.000000
0.000000
0.000000
0.000000
0.000000
0.000000
0.000000
0.000000
0.000000
0.000000
0.000000
0.000000
0.000000
0.000000
0.000000
0.000000
0.000000
0.000000
0.000000
0.000000
0.000000
0.000000
0.000000
0.000000
0.000000
0.000000
0.000000
0.000000
0.000000
0.000000
0.000000
0.000000
0.000000
0.000000
0.000000
0.000000
0.000000
0.000000
0.000000
0.000000
0.000000
0.000000
0.000000
0.000000
0.000000
0.000000
0.000000
0.000000
0.000000
0.000000
0.000000
0.000000
0.000000
0.000000
0.000000
0.000000
0.000000
