88.821000
25.776200
811.100000
148.520000
54.420000
29.685000
18.162000
10.977000
6.898900
4.883900
3.733500
2.508300
1.928100
1.434000
0.979000
0.739000
0.521740
0.445370
0.319050
0.236960
0.253480
0.213820
0.149810
0.104400
0.067843
0.058645
0.060158
0.057567
0.041679
0.036483
0.026455
0.025787
0.018788
0.017465
0.013236
0.013020
0.005472
0.006046
0.006287
0.004870
0.003611
0.004183
0.002721
0.001218
0.003052
0.000738
0.002564
0.001992
0.001550
0.001275
0.000203
0.000699
0.000331
0.000227
0.000083
0.000345
0.000123
0.000002
0.000038
0.000050
0.000080
0.000052
0.000000
0.000066
0.000004
0.000054
0.000039
0.000006
0.000003
0.000021
0.000047
0.000051
0.000000
0.000004
0.000000
0.000043
0.000000
0.000000
0.000000
0.000000
0.000000
0.000011
0.000000
0.000005
0.000000
0.000000
0.000000
0.000000
0.000000
0.000000
0.000000
0.000001
0.000000
0.000000
0.000000
0.000000
0.000000
0.000000
0.000000
0.000000
0.000000
0.000000
0.000000
0.000000
0.000000
0.000000
0.000000
0.000000
0.000000
0.000000
0.000000
0.000000
0.000000
0.000000
0.000000
0.000000
0.000000
0.000000
0.000000
0.000000
0.000000
0.000000
0.000000
0.000000
0.000000
0.000000
0.000000
0.000000
0.000000
0.000000
0.000000
0.000000
0.000000
0.000000
0.000000
0.000000
0.000000
0.000000
0.000000
0.000000
0.000000
0.000000
0.000000
0.000000
0.000000
0.000000
0.000000
0.000000
0.000000
0.000000
0.000000
0.000000
0.000000
0.000000
0.000000
0.000000
0.000000
0.000000
0.000000
0.000000
0.000000
0.000000
0.000000
0.000000
0.000000
0.000000
0.000000
0.000000
0.000000
0.000000
0.000000
0.000000
0.000000
0.000000
0.000000
0.000000
0.000000
0.000000
0.000000
0.000000
0.000000
0.000000
0.000000
0.000000
0.000000
0.000000
0.000000
0.000000
0.000000
0.000000
0.000000
0.000000
0.000000
0.000000
0.000000
0.000000
0.000000
0.000000
0.000000
0.000000
0.000000
0.000000
