78.702700
58.701700
859.590000
159.190000
60.093000
31.609000
20.574000
11.011000
7.758000
4.676700
3.254200
2.491800
1.602400
1.269100
0.787770
0.669610
0.392040
0.339970
0.209560
0.183760
0.117080
0.091366
0.059006
0.033096
0.040466
0.016545
0.015678
0.012070
0.007724
0.006684
0.005119
0.002316
0.003266
0.004173
0.000701
0.001563
0.000587
0.000598
0.000624
0.000221
0.000286
0.000135
0.000230
0.000034
0.000194
0.000017
0.000105
0.000034
0.000117
0.000076
0.000130
0.000005
0.000005
0.000006
0.000009
0.000005
0.000000
0.000000
0.000000
0.000014
0.000000
0.000000
0.000000
0.000007
0.000000
0.000000
0.000000
0.000000
0.000000
0.000000
0.000000
0.000000
0.000000
0.000000
0.000000
0.000000
0.000000
0.000000
0.000000
0.000000
0.000000
0.000000
0.000000
0.000000
0.000000
0.000000
0.000000
0.000000
0.000000
0.000000
0.000000
0.000000
0.000000
0.000000
0.000000
0.000000
0.000000
0.000000
0.000000
0.000000
0.000000
0.000000
0.000000
0.000000
0.000000
0.000000
0.000000
0.000000
0.000000
0.000000
0.000000
0.000000
0.000000
0.000000
0.000000
0.000000
0.000000
0.000000
0.000000
0.000000
0.000000
0.000000
0.000000
0.000000
0.000000
0.000000
0.000000
0.000000
0.000000
0.000000
0.000000
0.000000
0.000000
0.000000
0.000000
0.000000
0.000000
0.000000
0.000000
0.000000
0.000000
0.000000
0.000000
0.000000
0.000000
0.000000
0.000000
0.000000
0.000000
0.000000
0.000000
0.000000
0.000000
0.000000
0.000000
0.000000
0.000000
0.000000
0.000000
0.000000
0.000000
0.000000
0.000000
0.000000
0.000000
0.000000
0.000000
0.000000
0.000000
0.000000
0.000000
0.000000
0.000000
0.000000
0.000000
0.000000
0.000000
0.000000
0.000000
0.000000
0.000000
0.000000
0.000000
0.000000
0.000000
0.000000
0.000000
0.000000
0.000000
0.000000
0.000000
0.000000
0.000000
0.000000
0.000000
0.000000
0.000000
0.000000
0.000000
0.000000
0.000000
0.000000
