59.063300
12.729400
900.150000
203.870000
90.451000
48.890000
36.647000
23.497000
17.199000
11.444000
8.823800
7.234500
5.907100
4.494600
3.639000
2.936300
2.457900
1.854800
1.685100
1.356700
1.224000
0.980860
0.909160
0.567630
0.656520
0.459800
0.346780
0.439190
0.346570
0.293280
0.241070
0.184900
0.123880
0.141000
0.121470
0.095844
0.078995
0.074336
0.048443
0.041989
0.056157
0.042670
0.025527
0.022845
0.022771
0.022361
0.018845
0.019089
0.017087
0.013411
0.013325
0.008742
0.008623
0.006405
0.004569
0.004295
0.006197
0.003345
0.002328
0.002827
0.004992
0.001793
0.001404
0.001306
0.000296
0.000895
0.001884
0.000158
0.001197
0.000339
0.000097
0.000177
0.000252
0.000234
0.000038
0.000055
0.000599
0.000155
0.000002
0.000240
0.000027
0.000227
0.000206
0.000017
0.000055
0.000177
0.000007
0.000011
0.000001
0.000000
0.000001
0.000000
0.000000
0.000065
0.000000
0.000000
0.000000
0.000000
0.000000
0.000001
0.000000
0.000000
0.000000
0.000000
0.000000
0.000002
0.000024
0.000000
0.000003
0.000000
0.000000
0.000000
0.000000
0.000002
0.000000
0.000000
0.000000
0.000000
0.000000
0.000000
0.000000
0.000000
0.000000
0.000000
0.000000
0.000000
0.000000
0.000000
0.000000
0.000000
0.000000
0.000000
0.000000
0.000000
0.000000
0.000000
0.000000
0.000000
0.000000
0.000000
0.000000
0.000000
0.000000
0.000000
0.000000
0.000000
0.000000
0.000000
0.000000
0.000000
0.000000
0.000000
0.000000
0.000000
0.000000
0.000000
0.000000
0.000000
0.000000
0.000000
0.000000
0.000000
0.000000
0.000000
0.000000
0.000000
0.000000
0.000000
0.000000
0.000000
0.000000
0.000000
0.000000
0.000000
0.000000
0.000000
0.000000
0.000000
0.000000
0.000000
0.000000
0.000000
0.000000
0.000000
0.000000
0.000000
0.000000
0.000000
0.000000
0.000000
0.000000
0.000000
0.000000
0.000000
0.000000
0.000000
0.000000
0.000000
0.000000
0.000000
0.000000
0.000000
