44.575900
24.818400
994.350000
223.750000
110.810000
62.967000
42.992000
28.386000
18.767000
15.665000
10.850000
8.336700
7.121200
4.965300
4.333800
3.165900
2.501800
2.190700
1.573000
1.380400
1.180900
0.917170
0.694680
0.605470
0.480290
0.457950
0.260130
0.275640
0.228480
0.192890
0.153810
0.121210
0.099521
0.075176
0.088450
0.052338
0.042250
0.034960
0.057744
0.025356
0.021366
0.015579
0.011172
0.016359
0.007758
0.009820
0.012020
0.005320
0.009292
0.003540
0.001456
0.003307
0.002941
0.005837
0.002271
0.000774
0.001145
0.001740
0.001604
0.000657
0.000309
0.000371
0.000554
0.000233
0.000180
0.000377
0.000295
0.000229
0.000079
0.000122
0.000025
0.000023
0.000072
0.000017
0.000029
0.000158
0.000082
0.000006
0.000002
0.000009
0.000002
0.000001
0.000023
0.000000
0.000000
0.000002
0.000000
0.000014
0.000000
0.000000
0.000000
0.000000
0.000012
0.000000
0.000000
0.000001
0.000000
0.000000
0.000000
0.000000
0.000000
0.000000
0.000000
0.000000
0.000000
0.000000
0.000000
0.000000
0.000000
0.000000
0.000000
0.000000
0.000000
0.000000
0.000000
0.000000
0.000000
0.000000
0.000000
0.000000
0.000000
0.000000
0.000000
0.000000
0.000000
0.000000
0.000000
0.000000
0.000000
0.000000
0.000000
0.000000
0.000000
0.000000
0.000000
0.000000
0.000000
0.000000
0.000000
0.000000
0.000000
0.000000
0.000000
0.000000
0.000000
0.000000
0.000000
0.000000
0.000000
0.000000
0.000000
0.000000
0.000000
0.000000
0.000000
0.000000
0.000000
0.000000
0.000000
0.000000
0.000000
0.000000
0.000000
0.000000
0.000000
0.000000
0.000000
0.000000
0.000000
0.000000
0.000000
0.000000
0.000000
0.000000
0.000000
0.000000
0.000000
0.000000
0.000000
0.000000
0.000000
0.000000
0.000000
0.000000
0.000000
0.000000
0.000000
0.000000
0.000000
0.000000
0.000000
0.000000
0.000000
0.000000
0.000000
0.000000
0.000000
0.000000
0.000000
0.000000
0.000000
0.000000
