42.714900
39.026400
962.050000
220.730000
106.700000
61.776000
41.312000
29.117000
18.174000
14.713000
10.366000
8.329400
6.107800
4.711700
3.577600
2.476800
2.100400
1.605300
1.363800
0.951480
0.722670
0.612710
0.462690
0.357640
0.294650
0.233170
0.235150
0.163540
0.135370
0.080050
0.132080
0.072775
0.043479
0.044388
0.035908
0.024313
0.027298
0.019371
0.010206
0.016283
0.007883
0.007973
0.006566
0.002339
0.002776
0.002913
0.003293
0.002229
0.001900
0.001156
0.000539
0.000997
0.000490
0.000700
0.000057
0.000184
0.000034
0.000096
0.000566
0.000122
0.000158
0.000102
0.000010
0.000041
0.000099
0.000092
0.000013
0.000134
0.000004
0.000008
0.000002
0.000012
0.000034
0.000000
0.000000
0.000000
0.000000
0.000000
0.000000
0.000007
0.000004
0.000000
0.000002
0.000000
0.000000
0.000000
0.000000
0.000000
0.000001
0.000000
0.000000
0.000000
0.000000
0.000000
0.000000
0.000000
0.000000
0.000000
0.000000
0.000000
0.000000
0.000000
0.000000
0.000000
0.000000
0.000000
0.000000
0.000000
0.000000
0.000000
0.000000
0.000000
0.000000
0.000000
0.000000
0.000000
0.000000
0.000000
0.000000
0.000000
0.000000
0.000000
0.000000
0.000000
0.000000
0.000000
0.000000
0.000000
0.000000
0.000000
0.000000
0.000000
0.000000
0.000000
0.000000
0.000000
0.000000
0.000000
0.000000
0.000000
0.000000
0.000000
0.000000
0.000000
0.000000
0.000000
0.000000
0.000000
0.000000
0.000000
0.000000
0.000000
0.000000
0.000000
0.000000
0.000000
0.000000
0.000000
0.000000
0.000000
0.000000
0.000000
0.000000
0.000000
0.000000
0.000000
0.000000
0.000000
0.000000
0.000000
0.000000
0.000000
0.000000
0.000000
0.000000
0.000000
0.000000
0.000000
0.000000
0.000000
0.000000
0.000000
0.000000
0.000000
0.000000
0.000000
0.000000
0.000000
0.000000
0.000000
0.000000
0.000000
0.000000
0.000000
0.000000
0.000000
0.000000
0.000000
0.000000
0.000000
0.000000
0.000000
