43.471400
41.838800
988.920000
221.040000
109.670000
64.871000
39.912000
26.713000
17.356000
14.022000
10.457000
8.067700
5.629700
3.878500
3.324600
2.528000
1.975600
1.450600
1.169600
0.906540
0.778770
0.550360
0.431380
0.321660
0.306800
0.210410
0.147520
0.124150
0.107380
0.096170
0.066500
0.050837
0.047237
0.034941
0.027056
0.032060
0.016136
0.009556
0.012199
0.006279
0.007824
0.003569
0.005558
0.004229
0.001717
0.001455
0.001080
0.000914
0.001581
0.000499
0.000282
0.000266
0.000150
0.000167
0.000152
0.000261
0.000109
0.000086
0.000162
0.000128
0.000030
0.000003
0.000017
0.000010
0.000020
0.000024
0.000002
0.000032
0.000006
0.000009
0.000002
0.000002
0.000000
0.000003
0.000023
0.000000
0.000000
0.000001
0.000000
0.000005
0.000000
0.000000
0.000000
0.000000
0.000002
0.000000
0.000000
0.000000
0.000003
0.000000
0.000000
0.000000
0.000000
0.000000
0.000000
0.000000
0.000000
0.000000
0.000000
0.000000
0.000000
0.000000
0.000000
0.000000
0.000000
0.000000
0.000000
0.000000
0.000000
0.000000
0.000000
0.000000
0.000000
0.000000
0.000000
0.000000
0.000000
0.000000
0.000000
0.000000
0.000000
0.000000
0.000000
0.000000
0.000000
0.000000
0.000000
0.000000
0.000000
0.000000
0.000000
0.000000
0.000000
0.000000
0.000000
0.000000
0.000000
0.000000
0.000000
0.000000
0.000000
0.000000
0.000000
0.000000
0.000000
0.000000
0.000000
0.000000
0.000000
0.000000
0.000000
0.000000
0.000000
0.000000
0.000000
0.000000
0.000000
0.000000
0.000000
0.000000
0.000000
0.000000
0.000000
0.000000
0.000000
0.000000
0.000000
0.000000
0.000000
0.000000
0.000000
0.000000
0.000000
0.000000
0.000000
0.000000
0.000000
0.000000
0.000000
0.000000
0.000000
0.000000
0.000000
0.000000
0.000000
0.000000
0.000000
0.000000
0.000000
0.000000
0.000000
0.000000
0.000000
0.000000
0.000000
0.000000
0.000000
0.000000
0.000000
0.000000
0.000000
0.000000
