57.286600
26.891100
952.570000
190.750000
86.750000
49.510000
31.824000
20.189000
15.291000
10.553000
7.637700
5.807000
4.293500
3.941800
2.661400
1.994400
1.670800
1.292600
1.101500
0.877010
0.629270
0.591710
0.456780
0.331450
0.290070
0.208560
0.185700
0.143330
0.115980
0.091597
0.084659
0.079300
0.053198
0.036678
0.025157
0.025086
0.019204
0.015063
0.014577
0.013944
0.011210
0.008599
0.008637
0.005511
0.003748
0.004067
0.002714
0.002011
0.002893
0.000825
0.001622
0.002215
0.000397
0.000967
0.000816
0.000150
0.000214
0.000496
0.000156
0.000644
0.000145
0.000253
0.000486
0.000078
0.000036
0.000038
0.000616
0.000134
0.000178
0.000011
0.000012
0.000004
0.000065
0.000005
0.000001
0.000025
0.000022
0.000001
0.000000
0.000014
0.000000
0.000000
0.000010
0.000008
0.000000
0.000001
0.000000
0.000000
0.000000
0.000000
0.000000
0.000000
0.000000
0.000000
0.000003
0.000000
0.000000
0.000000
0.000000
0.000000
0.000000
0.000000
0.000000
0.000000
0.000000
0.000000
0.000000
0.000000
0.000000
0.000000
0.000000
0.000000
0.000000
0.000000
0.000000
0.000000
0.000000
0.000000
0.000000
0.000000
0.000000
0.000000
0.000000
0.000000
0.000000
0.000000
0.000000
0.000000
0.000000
0.000000
0.000000
0.000000
0.000000
0.000000
0.000000
0.000000
0.000000
0.000000
0.000000
0.000000
0.000000
0.000000
0.000000
0.000000
0.000000
0.000000
0.000000
0.000000
0.000000
0.000000
0.000000
0.000000
0.000000
0.000000
0.000000
0.000000
0.000000
0.000000
0.000000
0.000000
0.000000
0.000000
0.000000
0.000000
0.000000
0.000000
0.000000
0.000000
0.000000
0.000000
0.000000
0.000000
0.000000
0.000000
0.000000
0.000000
0.000000
0.000000
0.000000
0.000000
0.000000
0.000000
0.000000
0.000000
0.000000
0.000000
0.000000
0.000000
0.000000
0.000000
0.000000
0.000000
0.000000
0.000000
0.000000
0.000000
0.000000
0.000000
0.000000
0.000000
0.000000
0.000000
