40.118800
11.035900
983.990000
249.920000
119.990000
72.782000
48.463000
34.685000
26.716000
20.231000
17.200000
12.955000
11.067000
8.907500
7.009200
6.023700
4.802500
4.106300
3.253600
2.819100
2.509000
1.978400
1.727600
1.475300
1.069100
1.159800
0.781480
0.733910
0.663300
0.560480
0.522150
0.458180
0.425710
0.295620
0.298010
0.206600
0.166520
0.186860
0.119960
0.139860
0.108980
0.091286
0.080395
0.062727
0.073940
0.061665
0.043698
0.040765
0.027893
0.034510
0.030656
0.019165
0.021536
0.021127
0.017277
0.010796
0.007306
0.012849
0.011727
0.006685
0.006146
0.004749
0.004133
0.004620
0.000685
0.002863
0.001546
0.001589
0.002928
0.000877
0.001693
0.001250
0.001120
0.000365
0.000173
0.000132
0.001127
0.000036
0.000046
0.000235
0.000112
0.000128
0.000504
0.000007
0.000352
0.000180
0.000034
0.000080
0.000001
0.000010
0.000530
0.000008
0.000145
0.000023
0.000004
0.000012
0.000007
0.000000
0.000093
0.000001
0.000001
0.000000
0.000017
0.000000
0.000018
0.000005
0.000000
0.000004
0.000000
0.000000
0.000000
0.000000
0.000000
0.000000
0.000000
0.000000
0.000000
0.000002
0.000000
0.000000
0.000000
0.000000
0.000002
0.000000
0.000000
0.000000
0.000000
0.000000
0.000007
0.000000
0.000000
0.000000
0.000044
0.000000
0.000000
0.000000
0.000000
0.000000
0.000000
0.000000
0.000000
0.000000
0.000000
0.000000
0.000000
0.000000
0.000001
0.000000
0.000000
0.000000
0.000000
0.000000
0.000000
0.000000
0.000000
0.000000
0.000000
0.000000
0.000000
0.000000
0.000000
0.000000
0.000000
0.000000
0.000000
0.000000
0.000000
0.000000
0.000000
0.000000
0.000000
0.000000
0.000000
0.000000
0.000000
0.000000
0.000000
0.000000
0.000000
0.000000
0.000000
0.000000
0.000000
0.000000
0.000000
0.000000
0.000000
0.000000
0.000000
0.000000
0.000000
0.000000
0.000000
0.000000
0.000000
0.000000
0.000000
0.000000
0.000000
0.000000
0.000000
0.000000
