79.785000
20.729100
858.290000
149.960000
63.980000
35.011000
21.518000
13.204000
10.513000
6.456900
4.882900
3.641100
2.679700
2.101000
1.664500
1.210900
1.137300
0.656810
0.552090
0.533590
0.449560
0.397520
0.327020
0.204120
0.182770
0.176080
0.140250
0.085988
0.078042
0.076886
0.053467
0.067264
0.049818
0.039335
0.031613
0.024760
0.016766
0.015422
0.012937
0.011118
0.007869
0.008610
0.005487
0.008271
0.003265
0.005030
0.003904
0.003544
0.005248
0.003208
0.002702
0.001359
0.001256
0.000900
0.000211
0.000687
0.000235
0.000387
0.000211
0.000360
0.000088
0.000358
0.000101
0.000156
0.000041
0.000082
0.000013
0.000006
0.000123
0.000005
0.000007
0.000014
0.000117
0.000024
0.000012
0.000059
0.000001
0.000000
0.000000
0.000000
0.000022
0.000004
0.000000
0.000000
0.000017
0.000000
0.000000
0.000001
0.000000
0.000000
0.000000
0.000000
0.000000
0.000000
0.000000
0.000000
0.000000
0.000000
0.000000
0.000000
0.000000
0.000000
0.000000
0.000000
0.000000
0.000000
0.000000
0.000000
0.000000
0.000000
0.000000
0.000000
0.000001
0.000000
0.000000
0.000000
0.000000
0.000000
0.000000
0.000000
0.000000
0.000000
0.000000
0.000000
0.000000
0.000000
0.000000
0.000000
0.000000
0.000000
0.000000
0.000000
0.000000
0.000000
0.000000
0.000000
0.000000
0.000000
0.000000
0.000000
0.000000
0.000000
0.000000
0.000000
0.000000
0.000000
0.000000
0.000000
0.000000
0.000000
0.000000
0.000000
0.000000
0.000000
0.000000
0.000000
0.000000
0.000000
0.000000
0.000000
0.000000
0.000000
0.000000
0.000000
0.000000
0.000000
0.000000
0.000000
0.000000
0.000000
0.000000
0.000000
0.000000
0.000000
0.000000
0.000000
0.000000
0.000000
0.000000
0.000000
0.000000
0.000000
0.000000
0.000000
0.000000
0.000000
0.000000
0.000000
0.000000
0.000000
0.000000
0.000000
0.000000
0.000000
0.000000
0.000000
0.000000
0.000000
0.000000
0.000000
0.000000
0.000000
