58.265900
39.142800
925.190000
182.420000
90.388000
49.734000
33.054000
20.197000
13.361000
10.099000
6.802700
4.732000
3.835300
2.799900
2.137600
1.463600
1.154600
0.919510
0.751970
0.467610
0.498280
0.338710
0.243940
0.174380
0.162860
0.120670
0.091014
0.067904
0.053820
0.042076
0.040245
0.023063
0.024252
0.020017
0.012413
0.012167
0.012131
0.003335
0.007746
0.004572
0.004035
0.002771
0.002539
0.002074
0.001497
0.000846
0.000996
0.000543
0.001201
0.000441
0.000920
0.000070
0.000111
0.000062
0.000062
0.000166
0.000035
0.000111
0.000028
0.000019
0.000037
0.000027
0.000008
0.000003
0.000015
0.000000
0.000006
0.000010
0.000007
0.000000
0.000000
0.000006
0.000001
0.000001
0.000002
0.000000
0.000001
0.000000
0.000000
0.000000
0.000000
0.000000
0.000000
0.000000
0.000000
0.000002
0.000000
0.000000
0.000000
0.000000
0.000000
0.000000
0.000000
0.000000
0.000000
0.000000
0.000000
0.000000
0.000000
0.000000
0.000000
0.000000
0.000000
0.000000
0.000000
0.000000
0.000000
0.000000
0.000000
0.000000
0.000000
0.000000
0.000000
0.000000
0.000000
0.000000
0.000000
0.000000
0.000000
0.000000
0.000000
0.000000
0.000000
0.000000
0.000000
0.000000
0.000000
0.000000
0.000000
0.000000
0.000000
0.000000
0.000000
0.000000
0.000000
0.000000
0.000000
0.000000
0.000000
0.000000
0.000000
0.000000
0.000000
0.000000
0.000000
0.000000
0.000000
0.000000
0.000000
0.000000
0.000000
0.000000
0.000000
0.000000
0.000000
0.000000
0.000000
0.000000
0.000000
0.000000
0.000000
0.000000
0.000000
0.000000
0.000000
0.000000
0.000000
0.000000
0.000000
0.000000
0.000000
0.000000
0.000000
0.000000
0.000000
0.000000
0.000000
0.000000
0.000000
0.000000
0.000000
0.000000
0.000000
0.000000
0.000000
0.000000
0.000000
0.000000
0.000000
0.000000
0.000000
0.000000
0.000000
0.000000
0.000000
0.000000
0.000000
0.000000
0.000000
0.000000
0.000000
0.000000
