65.958500
49.634700
915.380000
188.330000
76.672000
41.673000
23.827000
16.488000
10.614000
8.144700
5.518300
3.457100
2.740600
1.963000
1.269400
1.018100
0.726310
0.558560
0.384260
0.310560
0.238410
0.157570
0.164330
0.089333
0.065790
0.048271
0.047419
0.030824
0.033454
0.017608
0.014781
0.011253
0.011704
0.006819
0.004589
0.004056
0.002108
0.002044
0.001519
0.003347
0.000832
0.000855
0.000318
0.000802
0.000284
0.000198
0.000786
0.000299
0.000113
0.000066
0.000046
0.000292
0.000057
0.000018
0.000010
0.000011
0.000000
0.000006
0.000003
0.000000
0.000000
0.000000
0.000000
0.000002
0.000005
0.000000
0.000003
0.000000
0.000000
0.000000
0.000000
0.000000
0.000000
0.000000
0.000000
0.000000
0.000000
0.000000
0.000000
0.000000
0.000000
0.000000
0.000000
0.000000
0.000000
0.000000
0.000000
0.000000
0.000000
0.000000
0.000000
0.000000
0.000000
0.000000
0.000000
0.000000
0.000000
0.000000
0.000000
0.000000
0.000000
0.000000
0.000000
0.000000
0.000000
0.000000
0.000000
0.000000
0.000000
0.000000
0.000000
0.000000
0.000000
0.000000
0.000000
0.000000
0.000000
0.000000
0.000000
0.000000
0.000000
0.000000
0.000000
0.000000
0.000000
0.000000
0.000000
0.000000
0.000000
0.000000
0.000000
0.000000
0.000000
0.000000
0.000000
0.000000
0.000000
0.000000
0.000000
0.000000
0.000000
0.000000
0.000000
0.000000
0.000000
0.000000
0.000000
0.000000
0.000000
0.000000
0.000000
0.000000
0.000000
0.000000
0.000000
0.000000
0.000000
0.000000
0.000000
0.000000
0.000000
0.000000
0.000000
0.000000
0.000000
0.000000
0.000000
0.000000
0.000000
0.000000
0.000000
0.000000
0.000000
0.000000
0.000000
0.000000
0.000000
0.000000
0.000000
0.000000
0.000000
0.000000
0.000000
0.000000
0.000000
0.000000
0.000000
0.000000
0.000000
0.000000
0.000000
0.000000
0.000000
0.000000
0.000000
0.000000
0.000000
0.000000
0.000000
0.000000
0.000000
0.000000
