77.615400
51.900900
858.320000
161.140000
63.396000
35.253000
20.999000
12.408000
7.513100
5.462700
3.908600
2.509400
1.840500
1.347700
0.844840
0.729450
0.420200
0.327380
0.251660
0.203050
0.136470
0.109730
0.074434
0.052955
0.042288
0.031408
0.022566
0.017510
0.016699
0.013066
0.010127
0.005998
0.003979
0.004063
0.002780
0.002419
0.001550
0.000718
0.000844
0.000348
0.000459
0.000222
0.000583
0.000254
0.000044
0.000077
0.000091
0.000039
0.000034
0.000034
0.000004
0.000018
0.000035
0.000028
0.000034
0.000007
0.000002
0.000002
0.000013
0.000000
0.000002
0.000002
0.000000
0.000004
0.000000
0.000000
0.000004
0.000000
0.000000
0.000000
0.000000
0.000000
0.000000
0.000000
0.000000
0.000000
0.000000
0.000000
0.000000
0.000000
0.000000
0.000000
0.000000
0.000000
0.000000
0.000000
0.000000
0.000000
0.000000
0.000000
0.000000
0.000000
0.000000
0.000000
0.000000
0.000000
0.000000
0.000000
0.000000
0.000000
0.000000
0.000000
0.000000
0.000000
0.000000
0.000000
0.000000
0.000000
0.000000
0.000000
0.000000
0.000000
0.000000
0.000000
0.000000
0.000000
0.000000
0.000000
0.000000
0.000000
0.000000
0.000000
0.000000
0.000000
0.000000
0.000000
0.000000
0.000000
0.000000
0.000000
0.000000
0.000000
0.000000
0.000000
0.000000
0.000000
0.000000
0.000000
0.000000
0.000000
0.000000
0.000000
0.000000
0.000000
0.000000
0.000000
0.000000
0.000000
0.000000
0.000000
0.000000
0.000000
0.000000
0.000000
0.000000
0.000000
0.000000
0.000000
0.000000
0.000000
0.000000
0.000000
0.000000
0.000000
0.000000
0.000000
0.000000
0.000000
0.000000
0.000000
0.000000
0.000000
0.000000
0.000000
0.000000
0.000000
0.000000
0.000000
0.000000
0.000000
0.000000
0.000000
0.000000
0.000000
0.000000
0.000000
0.000000
0.000000
0.000000
0.000000
0.000000
0.000000
0.000000
0.000000
0.000000
0.000000
0.000000
0.000000
0.000000
0.000000
0.000000
0.000000
