69.582300
47.333900
874.530000
166.070000
75.170000
37.768000
23.736000
15.124000
9.560300
6.738700
4.328100
3.405100
2.395900
1.793100
1.195800
0.918830
0.719310
0.500500
0.411430
0.266330
0.217390
0.146780
0.114200
0.084311
0.097814
0.051971
0.035936
0.037805
0.033645
0.017868
0.017538
0.012136
0.007316
0.010568
0.006154
0.002662
0.003899
0.003652
0.002258
0.000870
0.001483
0.001604
0.000982
0.000333
0.000412
0.000528
0.000524
0.000146
0.000055
0.000157
0.000064
0.000056
0.000019
0.000019
0.000035
0.000050
0.000010
0.000012
0.000010
0.000006
0.000021
0.000004
0.000002
0.000002
0.000000
0.000000
0.000000
0.000000
0.000000
0.000000
0.000000
0.000000
0.000000
0.000000
0.000000
0.000000
0.000000
0.000000
0.000000
0.000000
0.000000
0.000000
0.000000
0.000000
0.000000
0.000000
0.000000
0.000000
0.000000
0.000000
0.000000
0.000000
0.000000
0.000000
0.000000
0.000000
0.000000
0.000000
0.000000
0.000000
0.000000
0.000000
0.000000
0.000000
0.000000
0.000000
0.000000
0.000000
0.000000
0.000000
0.000000
0.000000
0.000000
0.000000
0.000000
0.000000
0.000000
0.000000
0.000000
0.000000
0.000000
0.000000
0.000000
0.000000
0.000000
0.000000
0.000000
0.000000
0.000000
0.000000
0.000000
0.000000
0.000000
0.000000
0.000000
0.000000
0.000000
0.000000
0.000000
0.000000
0.000000
0.000000
0.000000
0.000000
0.000000
0.000000
0.000000
0.000000
0.000000
0.000000
0.000000
0.000000
0.000000
0.000000
0.000000
0.000000
0.000000
0.000000
0.000000
0.000000
0.000000
0.000000
0.000000
0.000000
0.000000
0.000000
0.000000
0.000000
0.000000
0.000000
0.000000
0.000000
0.000000
0.000000
0.000000
0.000000
0.000000
0.000000
0.000000
0.000000
0.000000
0.000000
0.000000
0.000000
0.000000
0.000000
0.000000
0.000000
0.000000
0.000000
0.000000
0.000000
0.000000
0.000000
0.000000
0.000000
0.000000
0.000000
0.000000
0.000000
0.000000
0.000000
