88.451500
24.516100
804.700000
144.380000
59.520000
29.194000
17.944000
11.170000
7.734200
5.350300
3.486400
2.449200
1.861700
1.272900
1.053800
0.918580
0.621300
0.552350
0.402810
0.363290
0.349050
0.194080
0.154830
0.118790
0.123570
0.084652
0.069597
0.060114
0.043331
0.035755
0.035507
0.036332
0.035139
0.015249
0.012124
0.010242
0.008963
0.010988
0.007431
0.008923
0.006346
0.004298
0.006308
0.003269
0.001995
0.001278
0.001781
0.000161
0.000522
0.001422
0.000608
0.000577
0.000076
0.000320
0.000548
0.000312
0.000037
0.000483
0.000010
0.000086
0.000009
0.000067
0.000011
0.000008
0.000052
0.000040
0.000006
0.000007
0.000003
0.000166
0.000003
0.000281
0.000002
0.000001
0.000020
0.000009
0.000022
0.000006
0.000001
0.000003
0.000003
0.000000
0.000000
0.000006
0.000002
0.000000
0.000000
0.000000
0.000000
0.000000
0.000006
0.000000
0.000000
0.000000
0.000000
0.000000
0.000000
0.000000
0.000000
0.000000
0.000000
0.000000
0.000000
0.000000
0.000000
0.000000
0.000000
0.000000
0.000000
0.000000
0.000000
0.000000
0.000000
0.000000
0.000000
0.000000
0.000000
0.000000
0.000000
0.000000
0.000000
0.000000
0.000000
0.000000
0.000000
0.000000
0.000000
0.000000
0.000000
0.000000
0.000000
0.000000
0.000000
0.000000
0.000000
0.000000
0.000000
0.000000
0.000000
0.000000
0.000000
0.000000
0.000000
0.000000
0.000000
0.000000
0.000000
0.000000
0.000000
0.000000
0.000000
0.000000
0.000000
0.000000
0.000000
0.000000
0.000000
0.000000
0.000000
0.000000
0.000000
0.000000
0.000000
0.000000
0.000000
0.000000
0.000000
0.000000
0.000000
0.000000
0.000000
0.000000
0.000000
0.000000
0.000000
0.000000
0.000000
0.000000
0.000000
0.000000
0.000000
0.000000
0.000000
0.000000
0.000000
0.000000
0.000000
0.000000
0.000000
0.000000
0.000000
0.000000
0.000000
0.000000
0.000000
0.000000
0.000000
0.000000
0.000000
0.000000
0.000000
0.000000
