66.211100
51.008800
937.650000
177.380000
80.034000
41.287000
25.420000
15.862000
10.882000
7.051200
4.960200
3.802700
2.706600
1.610500
1.388300
1.088000
0.684680
0.584130
0.394590
0.279350
0.226490
0.148690
0.122150
0.118340
0.055466
0.055790
0.041005
0.036270
0.023716
0.016008
0.018939
0.016020
0.007903
0.004870
0.003293
0.004938
0.002873
0.002953
0.001383
0.001119
0.000716
0.001029
0.000855
0.000183
0.000179
0.000521
0.000295
0.000057
0.000049
0.000007
0.000034
0.000031
0.000017
0.000013
0.000003
0.000036
0.000000
0.000003
0.000000
0.000002
0.000000
0.000015
0.000011
0.000000
0.000006
0.000000
0.000001
0.000000
0.000000
0.000000
0.000000
0.000000
0.000000
0.000000
0.000000
0.000000
0.000000
0.000000
0.000000
0.000000
0.000000
0.000000
0.000000
0.000000
0.000000
0.000000
0.000000
0.000000
0.000000
0.000000
0.000000
0.000000
0.000000
0.000000
0.000000
0.000000
0.000000
0.000000
0.000000
0.000000
0.000000
0.000000
0.000000
0.000000
0.000000
0.000000
0.000000
0.000000
0.000000
0.000000
0.000000
0.000000
0.000000
0.000000
0.000000
0.000000
0.000000
0.000000
0.000000
0.000000
0.000000
0.000000
0.000000
0.000000
0.000000
0.000000
0.000000
0.000000
0.000000
0.000000
0.000000
0.000000
0.000000
0.000000
0.000000
0.000000
0.000000
0.000000
0.000000
0.000000
0.000000
0.000000
0.000000
0.000000
0.000000
0.000000
0.000000
0.000000
0.000000
0.000000
0.000000
0.000000
0.000000
0.000000
0.000000
0.000000
0.000000
0.000000
0.000000
0.000000
0.000000
0.000000
0.000000
0.000000
0.000000
0.000000
0.000000
0.000000
0.000000
0.000000
0.000000
0.000000
0.000000
0.000000
0.000000
0.000000
0.000000
0.000000
0.000000
0.000000
0.000000
0.000000
0.000000
0.000000
0.000000
0.000000
0.000000
0.000000
0.000000
0.000000
0.000000
0.000000
0.000000
0.000000
0.000000
0.000000
0.000000
0.000000
0.000000
0.000000
0.000000
0.000000
