60.207800
41.918400
908.410000
192.070000
72.658000
47.626000
29.901000
19.393000
13.081000
9.156600
6.466600
4.941900
3.130500
2.211700
1.652400
1.426100
1.031400
0.833050
0.612070
0.446410
0.347550
0.290890
0.227530
0.154020
0.129470
0.100190
0.092646
0.067746
0.050436
0.031844
0.026809
0.026353
0.012866
0.012134
0.013597
0.007890
0.005123
0.002632
0.003432
0.003757
0.001732
0.001947
0.001869
0.001095
0.000732
0.000932
0.000769
0.000392
0.000193
0.000421
0.000440
0.000095
0.000141
0.000134
0.000230
0.000079
0.000045
0.000020
0.000010
0.000075
0.000029
0.000014
0.000014
0.000017
0.000018
0.000000
0.000003
0.000000
0.000000
0.000007
0.000000
0.000002
0.000000
0.000002
0.000000
0.000000
0.000000
0.000000
0.000000
0.000000
0.000000
0.000000
0.000000
0.000000
0.000000
0.000000
0.000000
0.000000
0.000000
0.000000
0.000000
0.000000
0.000000
0.000000
0.000000
0.000000
0.000000
0.000000
0.000000
0.000000
0.000000
0.000000
0.000000
0.000000
0.000000
0.000000
0.000000
0.000000
0.000000
0.000000
0.000000
0.000000
0.000000
0.000000
0.000000
0.000000
0.000000
0.000000
0.000000
0.000000
0.000000
0.000000
0.000000
0.000000
0.000000
0.000000
0.000000
0.000000
0.000000
0.000000
0.000000
0.000000
0.000000
0.000000
0.000000
0.000000
0.000000
0.000000
0.000000
0.000000
0.000000
0.000000
0.000000
0.000000
0.000000
0.000000
0.000000
0.000000
0.000000
0.000000
0.000000
0.000000
0.000000
0.000000
0.000000
0.000000
0.000000
0.000000
0.000000
0.000000
0.000000
0.000000
0.000000
0.000000
0.000000
0.000000
0.000000
0.000000
0.000000
0.000000
0.000000
0.000000
0.000000
0.000000
0.000000
0.000000
0.000000
0.000000
0.000000
0.000000
0.000000
0.000000
0.000000
0.000000
0.000000
0.000000
0.000000
0.000000
0.000000
0.000000
0.000000
0.000000
0.000000
0.000000
0.000000
0.000000
0.000000
0.000000
0.000000
0.000000
0.000000
0.000000
