40.879800
14.862000
1015.800000
247.430000
114.550000
70.677000
46.028000
34.402000
24.459000
19.502000
14.947000
11.795000
10.054000
8.017400
6.172400
5.021000
4.260500
3.604600
2.660900
2.258900
1.925800
1.590500
1.526400
1.233800
1.043600
0.920100
0.705190
0.515650
0.447680
0.418350
0.328130
0.366780
0.305740
0.249290
0.247560
0.160790
0.134140
0.120850
0.117530
0.093204
0.089937
0.053236
0.043152
0.054441
0.035063
0.037530
0.020337
0.024523
0.021071
0.016854
0.006946
0.014136
0.010254
0.009568
0.009546
0.007584
0.003359
0.003778
0.005312
0.003931
0.003197
0.003899
0.004892
0.002590
0.003873
0.000767
0.000867
0.001105
0.000625
0.000749
0.000315
0.002297
0.000364
0.000258
0.000050
0.000394
0.000093
0.000597
0.000002
0.000104
0.000003
0.000348
0.000117
0.000085
0.000026
0.000005
0.000011
0.000031
0.000262
0.000000
0.000075
0.000035
0.000002
0.000000
0.000000
0.000000
0.000000
0.000079
0.000002
0.000011
0.000001
0.000000
0.000001
0.000000
0.000000
0.000000
0.000000
0.000000
0.000000
0.000006
0.000000
0.000000
0.000000
0.000000
0.000005
0.000000
0.000000
0.000005
0.000000
0.000000
0.000000
0.000000
0.000000
0.000000
0.000000
0.000000
0.000000
0.000000
0.000000
0.000000
0.000000
0.000000
0.000000
0.000000
0.000000
0.000000
0.000000
0.000000
0.000000
0.000000
0.000000
0.000000
0.000000
0.000000
0.000000
0.000000
0.000000
0.000000
0.000000
0.000000
0.000000
0.000000
0.000000
0.000000
0.000000
0.000000
0.000000
0.000000
0.000000
0.000000
0.000000
0.000000
0.000000
0.000000
0.000000
0.000000
0.000000
0.000000
0.000000
0.000000
0.000000
0.000000
0.000000
0.000000
0.000000
0.000000
0.000000
0.000000
0.000000
0.000000
0.000000
0.000000
0.000000
0.000000
0.000000
0.000000
0.000000
0.000000
0.000000
0.000000
0.000000
0.000000
0.000000
0.000000
0.000000
0.000000
0.000000
0.000000
0.000000
0.000000
0.000000
0.000000
