79.785000
20.729100
858.560000
156.680000
69.621000
33.004000
20.352000
12.793000
9.630000
6.674900
4.606100
3.601200
2.550900
1.892900
1.675100
1.120700
0.983460
0.546700
0.667090
0.445870
0.393330
0.385170
0.294460
0.278170
0.207450
0.185110
0.138170
0.123800
0.109630
0.052648
0.060644
0.048550
0.036874
0.036550
0.024891
0.028859
0.018909
0.013320
0.015316
0.016013
0.006489
0.007262
0.009804
0.004602
0.004848
0.003107
0.002302
0.002115
0.003795
0.001265
0.001407
0.001896
0.000690
0.000366
0.000385
0.000459
0.000286
0.000312
0.000278
0.000210
0.000427
0.000160
0.000034
0.000092
0.000124
0.001019
0.000040
0.000009
0.000039
0.000002
0.000002
0.000011
0.000020
0.000008
0.000165
0.000006
0.000013
0.000009
0.000002
0.000000
0.000000
0.000000
0.000000
0.000000
0.000000
0.000013
0.000008
0.000000
0.000000
0.000000
0.000000
0.000000
0.000000
0.000000
0.000000
0.000009
0.000000
0.000000
0.000012
0.000000
0.000000
0.000000
0.000000
0.000000
0.000000
0.000000
0.000000
0.000000
0.000000
0.000000
0.000000
0.000000
0.000000
0.000000
0.000000
0.000000
0.000000
0.000000
0.000000
0.000000
0.000000
0.000000
0.000000
0.000000
0.000000
0.000000
0.000000
0.000000
0.000000
0.000000
0.000000
0.000000
0.000000
0.000000
0.000000
0.000000
0.000000
0.000000
0.000000
0.000000
0.000000
0.000000
0.000000
0.000000
0.000000
0.000000
0.000000
0.000000
0.000000
0.000000
0.000000
0.000000
0.000000
0.000000
0.000000
0.000000
0.000000
0.000000
0.000000
0.000000
0.000000
0.000000
0.000000
0.000000
0.000000
0.000000
0.000000
0.000000
0.000000
0.000000
0.000000
0.000000
0.000000
0.000000
0.000000
0.000000
0.000000
0.000000
0.000000
0.000000
0.000000
0.000000
0.000000
0.000000
0.000000
0.000000
0.000000
0.000000
0.000000
0.000000
0.000000
0.000000
0.000000
0.000000
0.000000
0.000000
0.000000
0.000000
0.000000
0.000000
0.000000
0.000000
