47.814600
46.935000
977.950000
215.690000
98.620000
56.871000
36.135000
23.866000
16.618000
11.096000
9.361900
6.462300
4.966300
3.033100
2.651900
2.041800
1.577300
1.189700
0.880830
0.648130
0.516630
0.417080
0.313550
0.164950
0.195060
0.158740
0.101850
0.084870
0.060608
0.040118
0.043912
0.026175
0.026375
0.017792
0.017972
0.014262
0.008604
0.009941
0.009501
0.005175
0.004590
0.004622
0.001495
0.001522
0.002015
0.000737
0.000350
0.001296
0.000468
0.000294
0.000181
0.000125
0.000549
0.000050
0.000097
0.000256
0.000108
0.000003
0.000040
0.000005
0.000000
0.000003
0.000017
0.000005
0.000007
0.000002
0.000005
0.000000
0.000010
0.000000
0.000000
0.000021
0.000000
0.000000
0.000000
0.000000
0.000015
0.000000
0.000000
0.000000
0.000000
0.000000
0.000000
0.000000
0.000000
0.000000
0.000000
0.000000
0.000000
0.000000
0.000000
0.000000
0.000000
0.000000
0.000000
0.000000
0.000000
0.000000
0.000000
0.000000
0.000000
0.000000
0.000000
0.000000
0.000000
0.000000
0.000000
0.000000
0.000000
0.000000
0.000000
0.000000
0.000000
0.000000
0.000000
0.000000
0.000000
0.000000
0.000000
0.000000
0.000000
0.000000
0.000000
0.000000
0.000000
0.000000
0.000000
0.000000
0.000000
0.000000
0.000000
0.000000
0.000000
0.000000
0.000000
0.000000
0.000000
0.000000
0.000000
0.000000
0.000000
0.000000
0.000000
0.000000
0.000000
0.000000
0.000000
0.000000
0.000000
0.000000
0.000000
0.000000
0.000000
0.000000
0.000000
0.000000
0.000000
0.000000
0.000000
0.000000
0.000000
0.000000
0.000000
0.000000
0.000000
0.000000
0.000000
0.000000
0.000000
0.000000
0.000000
0.000000
0.000000
0.000000
0.000000
0.000000
0.000000
0.000000
0.000000
0.000000
0.000000
0.000000
0.000000
0.000000
0.000000
0.000000
0.000000
0.000000
0.000000
0.000000
0.000000
0.000000
0.000000
0.000000
0.000000
0.000000
0.000000
0.000000
0.000000
0.000000
0.000000
0.000000
