50.393000
30.425200
977.690000
212.070000
97.454000
57.821000
37.780000
25.033000
16.602000
12.274000
9.371100
7.096500
5.231900
4.207300
2.983300
2.421400
1.919600
1.448100
1.099400
0.839310
0.794550
0.582740
0.404140
0.366110
0.294370
0.214900
0.210690
0.160530
0.122980
0.093313
0.081130
0.069852
0.058722
0.048469
0.028949
0.030270
0.026454
0.029063
0.019508
0.018354
0.011593
0.011030
0.009668
0.006101
0.002596
0.003900
0.002279
0.003247
0.002899
0.000841
0.000755
0.001077
0.001237
0.000869
0.000191
0.000356
0.000277
0.000175
0.000401
0.000149
0.000216
0.000204
0.000204
0.000083
0.000098
0.000055
0.000001
0.000010
0.000033
0.000036
0.000009
0.000005
0.000041
0.000025
0.000010
0.000018
0.000099
0.000000
0.000000
0.000001
0.000000
0.000000
0.000000
0.000000
0.000000
0.000008
0.000000
0.000000
0.000000
0.000000
0.000000
0.000000
0.000000
0.000004
0.000000
0.000000
0.000000
0.000000
0.000000
0.000000
0.000000
0.000000
0.000000
0.000000
0.000000
0.000000
0.000000
0.000000
0.000000
0.000000
0.000000
0.000000
0.000000
0.000000
0.000000
0.000000
0.000000
0.000000
0.000000
0.000000
0.000000
0.000000
0.000000
0.000000
0.000000
0.000000
0.000000
0.000000
0.000000
0.000000
0.000000
0.000000
0.000000
0.000000
0.000000
0.000000
0.000000
0.000000
0.000000
0.000000
0.000000
0.000000
0.000000
0.000000
0.000000
0.000000
0.000000
0.000000
0.000000
0.000000
0.000000
0.000000
0.000000
0.000000
0.000000
0.000000
0.000000
0.000000
0.000000
0.000000
0.000000
0.000000
0.000000
0.000000
0.000000
0.000000
0.000000
0.000000
0.000000
0.000000
0.000000
0.000000
0.000000
0.000000
0.000000
0.000000
0.000000
0.000000
0.000000
0.000000
0.000000
0.000000
0.000000
0.000000
0.000000
0.000000
0.000000
0.000000
0.000000
0.000000
0.000000
0.000000
0.000000
0.000000
0.000000
0.000000
0.000000
0.000000
0.000000
0.000000
0.000000
0.000000
