66.233900
27.990700
866.220000
170.440000
78.532000
44.691000
24.277000
18.101000
12.230000
7.042200
6.396100
4.871300
3.765400
2.687200
2.036400
1.582100
1.154500
1.002300
0.766130
0.548540
0.459020
0.403640
0.301980
0.200460
0.188990
0.144020
0.127100
0.107400
0.082750
0.068229
0.059785
0.044968
0.051248
0.034707
0.026298
0.015812
0.018363
0.012102
0.010939
0.007984
0.008224
0.006705
0.004112
0.002570
0.002956
0.005175
0.001511
0.001119
0.001502
0.001023
0.000842
0.001232
0.000168
0.000436
0.000429
0.000265
0.000170
0.000131
0.000128
0.000231
0.000211
0.000791
0.000018
0.000131
0.000096
0.000011
0.000269
0.000001
0.000001
0.000018
0.000000
0.000011
0.000006
0.000008
0.000000
0.000000
0.000000
0.000004
0.000001
0.000000
0.000000
0.000009
0.000000
0.000000
0.000002
0.000000
0.000000
0.000000
0.000000
0.000000
0.000000
0.000000
0.000000
0.000000
0.000000
0.000000
0.000000
0.000000
0.000000
0.000000
0.000000
0.000000
0.000000
0.000000
0.000000
0.000000
0.000000
0.000000
0.000000
0.000000
0.000000
0.000000
0.000000
0.000000
0.000000
0.000000
0.000000
0.000000
0.000000
0.000000
0.000000
0.000000
0.000000
0.000000
0.000000
0.000000
0.000000
0.000000
0.000000
0.000000
0.000000
0.000000
0.000000
0.000000
0.000000
0.000000
0.000000
0.000000
0.000000
0.000000
0.000000
0.000000
0.000000
0.000000
0.000000
0.000000
0.000000
0.000000
0.000000
0.000000
0.000000
0.000000
0.000000
0.000000
0.000000
0.000000
0.000000
0.000000
0.000000
0.000000
0.000000
0.000000
0.000000
0.000000
0.000000
0.000000
0.000000
0.000000
0.000000
0.000000
0.000000
0.000000
0.000000
0.000000
0.000000
0.000000
0.000000
0.000000
0.000000
0.000000
0.000000
0.000000
0.000000
0.000000
0.000000
0.000000
0.000000
0.000000
0.000000
0.000000
0.000000
0.000000
0.000000
0.000000
0.000000
0.000000
0.000000
0.000000
0.000000
0.000000
0.000000
0.000000
