79.002600
12.253900
824.290000
170.610000
67.092000
34.563000
21.864000
13.706000
9.925300
7.661300
5.057500
4.814800
3.673700
2.424200
2.109600
1.593800
1.349400
1.051700
0.822650
0.761130
0.742730
0.607750
0.436370
0.361660
0.319970
0.294250
0.303530
0.222740
0.183280
0.123680
0.120420
0.120520
0.107160
0.091213
0.076315
0.063727
0.059518
0.054172
0.029908
0.027520
0.025245
0.017114
0.027275
0.022387
0.016867
0.015875
0.016843
0.003858
0.009136
0.009516
0.002905
0.006858
0.002997
0.002146
0.002000
0.001407
0.002906
0.002442
0.001053
0.001550
0.000569
0.001283
0.001292
0.000328
0.000874
0.000113
0.000072
0.000300
0.000524
0.000316
0.000872
0.000029
0.000030
0.000105
0.000014
0.000078
0.000204
0.000043
0.000023
0.000180
0.000010
0.000187
0.000000
0.000004
0.000026
0.000011
0.000000
0.000082
0.000002
0.000000
0.000002
0.000000
0.000001
0.000000
0.000000
0.000047
0.000003
0.000000
0.000007
0.000000
0.000000
0.000000
0.000005
0.000018
0.000000
0.000000
0.000000
0.000000
0.000000
0.000000
0.000000
0.000000
0.000000
0.000000
0.000000
0.000000
0.000000
0.000000
0.000000
0.000000
0.000000
0.000000
0.000000
0.000000
0.000000
0.000000
0.000003
0.000000
0.000000
0.000000
0.000000
0.000000
0.000000
0.000000
0.000000
0.000000
0.000000
0.000000
0.000000
0.000000
0.000000
0.000000
0.000000
0.000000
0.000000
0.000000
0.000000
0.000000
0.000000
0.000000
0.000000
0.000000
0.000000
0.000000
0.000000
0.000000
0.000000
0.000000
0.000000
0.000000
0.000000
0.000000
0.000000
0.000000
0.000000
0.000000
0.000000
0.000000
0.000000
0.000000
0.000000
0.000000
0.000000
0.000000
0.000000
0.000000
0.000000
0.000000
0.000000
0.000000
0.000000
0.000000
0.000000
0.000000
0.000000
0.000000
0.000000
0.000000
0.000000
0.000000
0.000000
0.000000
0.000000
0.000000
0.000000
0.000000
0.000000
0.000000
0.000000
0.000000
0.000000
0.000000
