63.535000
38.517800
880.910000
183.100000
74.884000
42.998000
27.093000
17.073000
11.810000
8.466500
6.715800
4.745200
3.099400
2.202300
1.797300
1.268000
0.903560
0.756890
0.679880
0.457880
0.324220
0.307030
0.191850
0.164640
0.123240
0.093001
0.092248
0.066666
0.056737
0.049741
0.035742
0.027972
0.013476
0.017026
0.010101
0.013630
0.008949
0.004608
0.003571
0.003890
0.005171
0.002512
0.002872
0.001161
0.000716
0.000792
0.000473
0.000369
0.000645
0.000557
0.000225
0.000842
0.000412
0.000213
0.000083
0.000048
0.000082
0.000060
0.000023
0.000021
0.000015
0.000004
0.000026
0.000031
0.000011
0.000025
0.000000
0.000000
0.000000
0.000004
0.000000
0.000000
0.000000
0.000000
0.000000
0.000003
0.000000
0.000000
0.000000
0.000000
0.000000
0.000000
0.000000
0.000000
0.000000
0.000000
0.000000
0.000000
0.000000
0.000000
0.000000
0.000000
0.000000
0.000000
0.000000
0.000000
0.000000
0.000000
0.000000
0.000000
0.000000
0.000000
0.000000
0.000000
0.000000
0.000000
0.000000
0.000000
0.000000
0.000000
0.000000
0.000000
0.000000
0.000000
0.000000
0.000000
0.000000
0.000000
0.000000
0.000000
0.000000
0.000000
0.000000
0.000000
0.000000
0.000000
0.000000
0.000000
0.000000
0.000000
0.000000
0.000000
0.000000
0.000000
0.000000
0.000000
0.000000
0.000000
0.000000
0.000000
0.000000
0.000000
0.000000
0.000000
0.000000
0.000000
0.000000
0.000000
0.000000
0.000000
0.000000
0.000000
0.000000
0.000000
0.000000
0.000000
0.000000
0.000000
0.000000
0.000000
0.000000
0.000000
0.000000
0.000000
0.000000
0.000000
0.000000
0.000000
0.000000
0.000000
0.000000
0.000000
0.000000
0.000000
0.000000
0.000000
0.000000
0.000000
0.000000
0.000000
0.000000
0.000000
0.000000
0.000000
0.000000
0.000000
0.000000
0.000000
0.000000
0.000000
0.000000
0.000000
0.000000
0.000000
0.000000
0.000000
0.000000
0.000000
0.000000
0.000000
0.000000
0.000000
