45.912900
17.070600
953.720000
220.360000
104.770000
61.251000
43.463000
30.683000
22.617000
16.660000
12.511000
9.398200
7.769300
5.861700
5.269600
3.725600
3.354400
2.800100
2.316300
1.679100
1.513900
1.162800
0.918770
0.899190
0.729670
0.585310
0.625720
0.380690
0.310960
0.321450
0.279980
0.245200
0.208970
0.142280
0.142600
0.098701
0.109250
0.089204
0.052612
0.051006
0.042488
0.031674
0.030143
0.030178
0.029957
0.022419
0.022150
0.017893
0.010893
0.007008
0.008187
0.007858
0.004686
0.005463
0.004401
0.007333
0.002202
0.004705
0.004607
0.001485
0.001950
0.002929
0.001333
0.001783
0.000222
0.001176
0.000671
0.000906
0.000389
0.000322
0.000115
0.000191
0.000351
0.000148
0.000068
0.000084
0.000043
0.000114
0.000053
0.000089
0.000023
0.000013
0.000007
0.000007
0.000005
0.000000
0.000000
0.000014
0.000000
0.000003
0.000010
0.000012
0.000004
0.000059
0.000008
0.000002
0.000000
0.000027
0.000003
0.000007
0.000005
0.000000
0.000000
0.000000
0.000000
0.000000
0.000000
0.000008
0.000000
0.000000
0.000000
0.000000
0.000000
0.000000
0.000000
0.000000
0.000000
0.000000
0.000000
0.000000
0.000000
0.000000
0.000000
0.000000
0.000000
0.000000
0.000000
0.000000
0.000000
0.000000
0.000000
0.000000
0.000000
0.000000
0.000000
0.000000
0.000000
0.000000
0.000000
0.000000
0.000000
0.000000
0.000000
0.000000
0.000000
0.000000
0.000000
0.000000
0.000000
0.000000
0.000000
0.000000
0.000000
0.000000
0.000000
0.000000
0.000000
0.000000
0.000000
0.000000
0.000000
0.000000
0.000000
0.000000
0.000000
0.000000
0.000000
0.000000
0.000000
0.000000
0.000000
0.000000
0.000000
0.000000
0.000000
0.000000
0.000000
0.000000
0.000000
0.000000
0.000000
0.000000
0.000000
0.000000
0.000000
0.000000
0.000000
0.000000
0.000000
0.000000
0.000000
0.000000
0.000000
0.000000
0.000000
0.000000
0.000000
0.000000
0.000000
0.000000
0.000000
0.000000
