78.403200
28.134800
854.970000
157.190000
71.031000
33.259000
21.247000
13.161000
8.356000
5.861500
4.388600
3.098300
2.513300
1.801200
1.307700
1.146500
0.773870
0.659410
0.420840
0.369890
0.332430
0.252850
0.176830
0.144800
0.089647
0.096595
0.086758
0.056501
0.051865
0.058294
0.049658
0.032078
0.018604
0.029834
0.015690
0.011279
0.008127
0.007798
0.009420
0.005355
0.004076
0.006791
0.002647
0.003668
0.000772
0.001366
0.001735
0.001790
0.000962
0.001032
0.000262
0.000875
0.000310
0.000089
0.000120
0.000119
0.000409
0.000075
0.000095
0.000073
0.000028
0.000000
0.000326
0.000021
0.000028
0.000022
0.000007
0.000012
0.000110
0.000016
0.000013
0.000005
0.000011
0.000012
0.000005
0.000000
0.000000
0.000012
0.000000
0.000000
0.000000
0.000000
0.000000
0.000000
0.000000
0.000000
0.000000
0.000000
0.000000
0.000000
0.000000
0.000000
0.000000
0.000000
0.000000
0.000000
0.000000
0.000000
0.000000
0.000000
0.000000
0.000000
0.000000
0.000000
0.000000
0.000000
0.000000
0.000000
0.000000
0.000000
0.000000
0.000000
0.000000
0.000000
0.000000
0.000000
0.000000
0.000000
0.000000
0.000000
0.000000
0.000000
0.000000
0.000000
0.000000
0.000000
0.000000
0.000000
0.000000
0.000000
0.000000
0.000000
0.000000
0.000000
0.000000
0.000000
0.000000
0.000000
0.000000
0.000000
0.000000
0.000000
0.000000
0.000000
0.000000
0.000000
0.000000
0.000000
0.000000
0.000000
0.000000
0.000000
0.000000
0.000000
0.000000
0.000000
0.000000
0.000000
0.000000
0.000000
0.000000
0.000000
0.000000
0.000000
0.000000
0.000000
0.000000
0.000000
0.000000
0.000000
0.000000
0.000000
0.000000
0.000000
0.000000
0.000000
0.000000
0.000000
0.000000
0.000000
0.000000
0.000000
0.000000
0.000000
0.000000
0.000000
0.000000
0.000000
0.000000
0.000000
0.000000
0.000000
0.000000
0.000000
0.000000
0.000000
0.000000
0.000000
0.000000
0.000000
0.000000
0.000000
