44.187500
48.817700
942.470000
231.810000
108.560000
59.318000
39.518000
27.104000
18.428000
13.815000
9.823800
7.130100
5.099300
3.945200
2.956600
2.427600
1.795600
1.292300
0.946200
0.738810
0.621160
0.454230
0.403750
0.316470
0.184830
0.170620
0.130650
0.106110
0.065317
0.067803
0.060522
0.040476
0.027432
0.024038
0.019175
0.011656
0.010612
0.007265
0.004725
0.005814
0.007103
0.002807
0.003385
0.001221
0.001258
0.000852
0.001410
0.000279
0.000290
0.000123
0.000262
0.000348
0.000157
0.000278
0.000068
0.000051
0.000021
0.000086
0.000016
0.000036
0.000000
0.000019
0.000003
0.000111
0.000111
0.000022
0.000002
0.000000
0.000002
0.000000
0.000002
0.000000
0.000000
0.000000
0.000000
0.000000
0.000000
0.000000
0.000008
0.000000
0.000000
0.000000
0.000000
0.000000
0.000000
0.000000
0.000000
0.000000
0.000000
0.000000
0.000000
0.000000
0.000000
0.000000
0.000000
0.000000
0.000000
0.000000
0.000000
0.000000
0.000000
0.000000
0.000000
0.000000
0.000000
0.000000
0.000000
0.000000
0.000000
0.000000
0.000000
0.000000
0.000000
0.000000
0.000000
0.000000
0.000000
0.000000
0.000000
0.000000
0.000000
0.000000
0.000000
0.000000
0.000000
0.000000
0.000000
0.000000
0.000000
0.000000
0.000000
0.000000
0.000000
0.000000
0.000000
0.000000
0.000000
0.000000
0.000000
0.000000
0.000000
0.000000
0.000000
0.000000
0.000000
0.000000
0.000000
0.000000
0.000000
0.000000
0.000000
0.000000
0.000000
0.000000
0.000000
0.000000
0.000000
0.000000
0.000000
0.000000
0.000000
0.000000
0.000000
0.000000
0.000000
0.000000
0.000000
0.000000
0.000000
0.000000
0.000000
0.000000
0.000000
0.000000
0.000000
0.000000
0.000000
0.000000
0.000000
0.000000
0.000000
0.000000
0.000000
0.000000
0.000000
0.000000
0.000000
0.000000
0.000000
0.000000
0.000000
0.000000
0.000000
0.000000
0.000000
0.000000
0.000000
0.000000
0.000000
0.000000
0.000000
0.000000
