60.324200
30.494900
893.860000
195.040000
76.800000
46.340000
30.237000
19.545000
13.617000
8.853500
7.429200
6.039200
3.979200
3.294900
2.259600
1.798800
1.283100
0.837430
0.896930
0.651010
0.497910
0.387170
0.361960
0.238260
0.175770
0.154060
0.128090
0.100590
0.092374
0.086786
0.067589
0.051955
0.042402
0.024216
0.023273
0.012256
0.012332
0.017515
0.008669
0.010568
0.006599
0.006676
0.007288
0.007579
0.002334
0.002949
0.001954
0.001230
0.001318
0.001023
0.000749
0.000890
0.000678
0.000690
0.000362
0.000327
0.000091
0.000097
0.000123
0.000077
0.000119
0.000029
0.000040
0.000052
0.000007
0.000005
0.000072
0.000000
0.000052
0.000022
0.000029
0.000002
0.000067
0.000025
0.000000
0.000000
0.000002
0.000011
0.000000
0.000000
0.000006
0.000003
0.000000
0.000000
0.000001
0.000000
0.000007
0.000000
0.000000
0.000000
0.000000
0.000000
0.000000
0.000000
0.000008
0.000000
0.000000
0.000000
0.000000
0.000000
0.000000
0.000000
0.000000
0.000000
0.000000
0.000000
0.000000
0.000000
0.000000
0.000000
0.000000
0.000000
0.000000
0.000000
0.000000
0.000000
0.000000
0.000000
0.000000
0.000000
0.000000
0.000000
0.000000
0.000000
0.000000
0.000000
0.000000
0.000000
0.000000
0.000000
0.000000
0.000000
0.000000
0.000000
0.000000
0.000000
0.000000
0.000000
0.000000
0.000000
0.000000
0.000000
0.000000
0.000000
0.000000
0.000000
0.000000
0.000000
0.000000
0.000000
0.000000
0.000000
0.000000
0.000000
0.000000
0.000000
0.000000
0.000000
0.000000
0.000000
0.000000
0.000000
0.000000
0.000000
0.000000
0.000000
0.000000
0.000000
0.000000
0.000000
0.000000
0.000000
0.000000
0.000000
0.000000
0.000000
0.000000
0.000000
0.000000
0.000000
0.000000
0.000000
0.000000
0.000000
0.000000
0.000000
0.000000
0.000000
0.000000
0.000000
0.000000
0.000000
0.000000
0.000000
0.000000
0.000000
0.000000
0.000000
0.000000
0.000000
0.000000
0.000000
