63.359800
36.335700
891.930000
183.130000
83.623000
45.217000
26.535000
17.388000
12.782000
8.233600
6.484000
4.809500
3.328400
2.336000
1.906900
1.247900
1.015100
0.754700
0.609800
0.487040
0.377210
0.331960
0.246430
0.225930
0.128360
0.116880
0.072473
0.064971
0.059832
0.048422
0.037529
0.026948
0.021231
0.018406
0.020370
0.013782
0.007511
0.009511
0.005326
0.003918
0.002699
0.003378
0.001687
0.001460
0.000946
0.001546
0.001174
0.000778
0.000629
0.000705
0.000225
0.000321
0.000127
0.000222
0.000096
0.000064
0.000137
0.000072
0.000077
0.000048
0.000044
0.000010
0.000016
0.000029
0.000007
0.000036
0.000002
0.000004
0.000002
0.000009
0.000000
0.000000
0.000008
0.000003
0.000000
0.000006
0.000012
0.000000
0.000000
0.000000
0.000000
0.000000
0.000000
0.000009
0.000000
0.000000
0.000000
0.000000
0.000000
0.000000
0.000000
0.000000
0.000000
0.000000
0.000000
0.000000
0.000000
0.000000
0.000000
0.000000
0.000000
0.000000
0.000000
0.000000
0.000000
0.000000
0.000000
0.000000
0.000000
0.000000
0.000000
0.000000
0.000000
0.000000
0.000000
0.000000
0.000000
0.000000
0.000000
0.000000
0.000000
0.000000
0.000000
0.000000
0.000000
0.000000
0.000000
0.000000
0.000000
0.000000
0.000000
0.000000
0.000000
0.000000
0.000000
0.000000
0.000000
0.000000
0.000000
0.000000
0.000000
0.000000
0.000000
0.000000
0.000000
0.000000
0.000000
0.000000
0.000000
0.000000
0.000000
0.000000
0.000000
0.000000
0.000000
0.000000
0.000000
0.000000
0.000000
0.000000
0.000000
0.000000
0.000000
0.000000
0.000000
0.000000
0.000000
0.000000
0.000000
0.000000
0.000000
0.000000
0.000000
0.000000
0.000000
0.000000
0.000000
0.000000
0.000000
0.000000
0.000000
0.000000
0.000000
0.000000
0.000000
0.000000
0.000000
0.000000
0.000000
0.000000
0.000000
0.000000
0.000000
0.000000
0.000000
0.000000
0.000000
0.000000
0.000000
0.000000
0.000000
0.000000
