74.443700
10.200500
824.270000
164.490000
70.751000
39.757000
25.920000
15.638000
11.283000
8.158700
6.550600
5.237500
4.126100
3.432900
2.501700
1.971200
1.747300
1.441700
1.251800
0.945980
0.810140
0.699290
0.527460
0.544270
0.433980
0.374510
0.327710
0.282900
0.238810
0.190620
0.151940
0.152970
0.106700
0.130070
0.087351
0.108820
0.078905
0.068854
0.064765
0.052057
0.046412
0.029676
0.042434
0.014110
0.015815
0.011086
0.016034
0.012044
0.007659
0.010708
0.011528
0.004164
0.009668
0.009667
0.002173
0.004556
0.004562
0.004429
0.004153
0.001417
0.002518
0.002393
0.001046
0.001588
0.000336
0.000709
0.001421
0.002592
0.000411
0.000170
0.000841
0.000233
0.000541
0.000181
0.002513
0.000022
0.000053
0.000083
0.000009
0.000009
0.000058
0.000025
0.000109
0.000041
0.000147
0.000040
0.000003
0.000126
0.000029
0.000002
0.000008
0.000000
0.000000
0.000000
0.000000
0.000002
0.000000
0.000000
0.000000
0.000002
0.000000
0.000010
0.000000
0.000000
0.000000
0.000009
0.000000
0.000000
0.000000
0.000000
0.000000
0.000000
0.000000
0.000000
0.000000
0.000000
0.000000
0.000000
0.000000
0.000000
0.000000
0.000000
0.000000
0.000000
0.000000
0.000000
0.000000
0.000000
0.000000
0.000000
0.000000
0.000000
0.000000
0.000000
0.000000
0.000000
0.000000
0.000000
0.000000
0.000000
0.000000
0.000000
0.000000
0.000000
0.000000
0.000000
0.000000
0.000000
0.000000
0.000000
0.000000
0.000000
0.000000
0.000000
0.000000
0.000000
0.000000
0.000000
0.000000
0.000000
0.000000
0.000000
0.000000
0.000000
0.000000
0.000000
0.000000
0.000000
0.000000
0.000000
0.000000
0.000000
0.000000
0.000000
0.000000
0.000000
0.000000
0.000000
0.000000
0.000000
0.000000
0.000000
0.000000
0.000000
0.000000
0.000000
0.000000
0.000000
0.000000
0.000000
0.000000
0.000000
0.000000
0.000000
0.000000
0.000000
0.000000
0.000000
0.000000
0.000000
0.000000
0.000000
