59.659800
28.967800
920.580000
183.170000
89.231000
48.616000
32.050000
22.084000
13.938000
10.725000
7.318000
5.483300
4.051100
2.652500
2.403500
1.774800
1.555900
1.010700
0.880230
0.702390
0.502800
0.475340
0.315400
0.297080
0.234750
0.177980
0.118010
0.135300
0.103740
0.081096
0.068814
0.053711
0.053348
0.029951
0.032584
0.022586
0.018460
0.015582
0.013793
0.008534
0.009691
0.007236
0.004605
0.004713
0.003539
0.004997
0.002394
0.001940
0.002965
0.001380
0.001500
0.000669
0.000501
0.000600
0.000558
0.000215
0.000075
0.000218
0.000319
0.000480
0.000055
0.000075
0.000043
0.000048
0.000008
0.000017
0.000055
0.000132
0.000011
0.000014
0.000027
0.000063
0.000006
0.000000
0.000000
0.000011
0.000003
0.000000
0.000001
0.000001
0.000003
0.000000
0.000000
0.000000
0.000000
0.000000
0.000000
0.000000
0.000000
0.000000
0.000000
0.000000
0.000000
0.000000
0.000000
0.000000
0.000000
0.000000
0.000000
0.000000
0.000000
0.000000
0.000000
0.000000
0.000000
0.000000
0.000000
0.000000
0.000000
0.000000
0.000000
0.000000
0.000000
0.000000
0.000000
0.000000
0.000000
0.000000
0.000000
0.000000
0.000000
0.000000
0.000000
0.000000
0.000000
0.000000
0.000000
0.000000
0.000000
0.000000
0.000000
0.000000
0.000000
0.000000
0.000000
0.000000
0.000000
0.000000
0.000000
0.000000
0.000000
0.000000
0.000000
0.000000
0.000000
0.000000
0.000000
0.000000
0.000000
0.000000
0.000000
0.000000
0.000000
0.000000
0.000000
0.000000
0.000000
0.000000
0.000000
0.000000
0.000000
0.000000
0.000000
0.000000
0.000000
0.000000
0.000000
0.000000
0.000000
0.000000
0.000000
0.000000
0.000000
0.000000
0.000000
0.000000
0.000000
0.000000
0.000000
0.000000
0.000000
0.000000
0.000000
0.000000
0.000000
0.000000
0.000000
0.000000
0.000000
0.000000
0.000000
0.000000
0.000000
0.000000
0.000000
0.000000
0.000000
0.000000
0.000000
0.000000
0.000000
0.000000
