66.064100
58.663000
885.090000
179.040000
77.254000
42.846000
26.020000
15.283000
10.308000
6.644100
4.652900
3.160800
2.468600
1.649500
1.285100
0.909320
0.582570
0.458030
0.407960
0.268760
0.191610
0.126490
0.106790
0.081952
0.058880
0.039218
0.037514
0.026880
0.023585
0.014723
0.007450
0.003696
0.005428
0.006502
0.002478
0.003178
0.001408
0.000746
0.001313
0.000725
0.000347
0.000283
0.000236
0.000592
0.000089
0.000156
0.000024
0.000128
0.000069
0.000010
0.000010
0.000013
0.000022
0.000035
0.000015
0.000004
0.000003
0.000009
0.000007
0.000002
0.000003
0.000000
0.000000
0.000002
0.000002
0.000000
0.000000
0.000000
0.000000
0.000000
0.000000
0.000000
0.000000
0.000000
0.000000
0.000000
0.000000
0.000000
0.000000
0.000000
0.000000
0.000000
0.000000
0.000000
0.000000
0.000000
0.000000
0.000000
0.000000
0.000000
0.000000
0.000000
0.000000
0.000000
0.000000
0.000000
0.000000
0.000000
0.000000
0.000000
0.000000
0.000000
0.000000
0.000000
0.000000
0.000000
0.000000
0.000000
0.000000
0.000000
0.000000
0.000000
0.000000
0.000000
0.000000
0.000000
0.000000
0.000000
0.000000
0.000000
0.000000
0.000000
0.000000
0.000000
0.000000
0.000000
0.000000
0.000000
0.000000
0.000000
0.000000
0.000000
0.000000
0.000000
0.000000
0.000000
0.000000
0.000000
0.000000
0.000000
0.000000
0.000000
0.000000
0.000000
0.000000
0.000000
0.000000
0.000000
0.000000
0.000000
0.000000
0.000000
0.000000
0.000000
0.000000
0.000000
0.000000
0.000000
0.000000
0.000000
0.000000
0.000000
0.000000
0.000000
0.000000
0.000000
0.000000
0.000000
0.000000
0.000000
0.000000
0.000000
0.000000
0.000000
0.000000
0.000000
0.000000
0.000000
0.000000
0.000000
0.000000
0.000000
0.000000
0.000000
0.000000
0.000000
0.000000
0.000000
0.000000
0.000000
0.000000
0.000000
0.000000
0.000000
0.000000
0.000000
0.000000
0.000000
0.000000
0.000000
0.000000
0.000000
