48.506100
57.042300
1008.600000
206.360000
98.592000
54.457000
34.409000
21.741000
14.090000
11.365000
8.211900
5.689800
4.207700
2.956900
2.169300
1.831600
1.316900
0.871170
0.802590
0.624930
0.391940
0.332510
0.219940
0.155440
0.134320
0.126970
0.053324
0.070191
0.048354
0.042997
0.027122
0.024941
0.017711
0.009857
0.009190
0.006769
0.008999
0.002456
0.002809
0.003473
0.001137
0.001306
0.001782
0.000716
0.000332
0.000225
0.000747
0.000262
0.000808
0.000241
0.000048
0.000198
0.000377
0.000378
0.000018
0.000013
0.000014
0.000007
0.000008
0.000000
0.000018
0.000000
0.000000
0.000000
0.000000
0.000001
0.000000
0.000000
0.000000
0.000007
0.000000
0.000000
0.000000
0.000000
0.000000
0.000000
0.000000
0.000000
0.000000
0.000000
0.000000
0.000000
0.000000
0.000000
0.000000
0.000000
0.000000
0.000000
0.000000
0.000000
0.000000
0.000000
0.000000
0.000000
0.000000
0.000000
0.000000
0.000000
0.000000
0.000000
0.000000
0.000000
0.000000
0.000000
0.000000
0.000000
0.000000
0.000000
0.000000
0.000000
0.000000
0.000000
0.000000
0.000000
0.000000
0.000000
0.000000
0.000000
0.000000
0.000000
0.000000
0.000000
0.000000
0.000000
0.000000
0.000000
0.000000
0.000000
0.000000
0.000000
0.000000
0.000000
0.000000
0.000000
0.000000
0.000000
0.000000
0.000000
0.000000
0.000000
0.000000
0.000000
0.000000
0.000000
0.000000
0.000000
0.000000
0.000000
0.000000
0.000000
0.000000
0.000000
0.000000
0.000000
0.000000
0.000000
0.000000
0.000000
0.000000
0.000000
0.000000
0.000000
0.000000
0.000000
0.000000
0.000000
0.000000
0.000000
0.000000
0.000000
0.000000
0.000000
0.000000
0.000000
0.000000
0.000000
0.000000
0.000000
0.000000
0.000000
0.000000
0.000000
0.000000
0.000000
0.000000
0.000000
0.000000
0.000000
0.000000
0.000000
0.000000
0.000000
0.000000
0.000000
0.000000
0.000000
0.000000
0.000000
0.000000
0.000000
0.000000
0.000000
