46.504400
24.857400
1000.500000
235.260000
101.710000
63.522000
40.105000
28.668000
20.632000
14.245000
10.780000
8.767500
6.462200
4.955200
4.081200
3.162800
2.483500
2.179600
1.497800
1.339700
1.097500
0.882020
0.602300
0.578220
0.481950
0.394660
0.348870
0.177940
0.190620
0.175160
0.139740
0.114650
0.089534
0.062176
0.062413
0.061366
0.062611
0.036934
0.033573
0.029160
0.017090
0.022963
0.017663
0.014420
0.008065
0.007637
0.003591
0.004485
0.003341
0.002040
0.004853
0.001602
0.002160
0.001999
0.001828
0.001701
0.002360
0.000491
0.000536
0.001039
0.000180
0.000281
0.000260
0.000057
0.000378
0.000145
0.000129
0.000094
0.000064
0.000051
0.000140
0.000037
0.000027
0.000038
0.000011
0.000010
0.000000
0.000008
0.000006
0.000000
0.000007
0.000012
0.000002
0.000004
0.000014
0.000000
0.000000
0.000008
0.000002
0.000000
0.000030
0.000000
0.000003
0.000000
0.000001
0.000000
0.000000
0.000000
0.000000
0.000000
0.000000
0.000006
0.000000
0.000000
0.000000
0.000000
0.000000
0.000000
0.000000
0.000000
0.000000
0.000000
0.000000
0.000000
0.000000
0.000000
0.000000
0.000000
0.000000
0.000000
0.000000
0.000000
0.000000
0.000000
0.000000
0.000000
0.000000
0.000000
0.000000
0.000000
0.000000
0.000000
0.000000
0.000000
0.000000
0.000000
0.000000
0.000000
0.000000
0.000000
0.000000
0.000000
0.000000
0.000000
0.000000
0.000000
0.000000
0.000000
0.000000
0.000000
0.000000
0.000000
0.000000
0.000000
0.000000
0.000000
0.000000
0.000000
0.000000
0.000000
0.000000
0.000000
0.000000
0.000000
0.000000
0.000000
0.000000
0.000000
0.000000
0.000000
0.000000
0.000000
0.000000
0.000000
0.000000
0.000000
0.000000
0.000000
0.000000
0.000000
0.000000
0.000000
0.000000
0.000000
0.000000
0.000000
0.000000
0.000000
0.000000
0.000000
0.000000
0.000000
0.000000
0.000000
0.000000
0.000000
0.000000
0.000000
0.000000
0.000000
0.000000
0.000000
