89.808500
42.868200
776.930000
149.360000
55.773000
29.475000
16.836000
10.772000
6.860300
4.201700
2.893500
1.955800
1.418600
0.880110
0.742040
0.522680
0.367460
0.247800
0.162770
0.147000
0.114450
0.073083
0.075277
0.067058
0.050152
0.036259
0.024729
0.019886
0.008613
0.009845
0.010418
0.005015
0.006664
0.002307
0.001851
0.002952
0.002166
0.001136
0.000953
0.001071
0.001233
0.000374
0.000233
0.000583
0.000130
0.000115
0.000043
0.000595
0.000264
0.000081
0.000024
0.000032
0.000027
0.000024
0.000000
0.000036
0.000004
0.000000
0.000010
0.000003
0.000018
0.000000
0.000003
0.000002
0.000000
0.000000
0.000000
0.000007
0.000000
0.000000
0.000000
0.000000
0.000000
0.000000
0.000000
0.000000
0.000000
0.000007
0.000000
0.000000
0.000000
0.000000
0.000000
0.000000
0.000000
0.000000
0.000000
0.000000
0.000000
0.000000
0.000000
0.000000
0.000000
0.000000
0.000000
0.000000
0.000000
0.000000
0.000000
0.000000
0.000000
0.000000
0.000000
0.000000
0.000000
0.000000
0.000000
0.000000
0.000000
0.000000
0.000000
0.000000
0.000000
0.000000
0.000000
0.000000
0.000000
0.000000
0.000000
0.000000
0.000000
0.000000
0.000000
0.000000
0.000000
0.000000
0.000000
0.000000
0.000000
0.000000
0.000000
0.000000
0.000000
0.000000
0.000000
0.000000
0.000000
0.000000
0.000000
0.000000
0.000000
0.000000
0.000000
0.000000
0.000000
0.000000
0.000000
0.000000
0.000000
0.000000
0.000000
0.000000
0.000000
0.000000
0.000000
0.000000
0.000000
0.000000
0.000000
0.000000
0.000000
0.000000
0.000000
0.000000
0.000000
0.000000
0.000000
0.000000
0.000000
0.000000
0.000000
0.000000
0.000000
0.000000
0.000000
0.000000
0.000000
0.000000
0.000000
0.000000
0.000000
0.000000
0.000000
0.000000
0.000000
0.000000
0.000000
0.000000
0.000000
0.000000
0.000000
0.000000
0.000000
0.000000
0.000000
0.000000
0.000000
0.000000
0.000000
0.000000
0.000000
0.000000
