86.341300
43.623900
807.700000
149.330000
59.807000
29.514000
17.249000
11.225000
6.060700
3.940200
3.423600
2.171900
1.709500
1.060600
0.885170
0.507860
0.479190
0.297180
0.244140
0.161130
0.136280
0.103930
0.064743
0.050272
0.059522
0.028532
0.019568
0.025934
0.013971
0.010618
0.009025
0.005738
0.004092
0.003017
0.004213
0.002017
0.001608
0.000827
0.001969
0.001031
0.000783
0.000370
0.000683
0.000471
0.000306
0.000206
0.000165
0.000279
0.000023
0.000254
0.000040
0.000058
0.000216
0.000033
0.000017
0.000033
0.000016
0.000011
0.000034
0.000000
0.000000
0.000004
0.000002
0.000000
0.000000
0.000001
0.000002
0.000000
0.000000
0.000000
0.000011
0.000000
0.000000
0.000000
0.000000
0.000007
0.000000
0.000000
0.000000
0.000000
0.000000
0.000000
0.000000
0.000000
0.000000
0.000000
0.000000
0.000000
0.000000
0.000000
0.000000
0.000000
0.000000
0.000000
0.000000
0.000000
0.000000
0.000000
0.000000
0.000000
0.000000
0.000000
0.000000
0.000000
0.000000
0.000000
0.000000
0.000000
0.000000
0.000000
0.000000
0.000000
0.000000
0.000000
0.000000
0.000000
0.000000
0.000000
0.000000
0.000000
0.000000
0.000000
0.000000
0.000000
0.000000
0.000000
0.000000
0.000000
0.000000
0.000000
0.000000
0.000000
0.000000
0.000000
0.000000
0.000000
0.000000
0.000000
0.000000
0.000000
0.000000
0.000000
0.000000
0.000000
0.000000
0.000000
0.000000
0.000000
0.000000
0.000000
0.000000
0.000000
0.000000
0.000000
0.000000
0.000000
0.000000
0.000000
0.000000
0.000000
0.000000
0.000000
0.000000
0.000000
0.000000
0.000000
0.000000
0.000000
0.000000
0.000000
0.000000
0.000000
0.000000
0.000000
0.000000
0.000000
0.000000
0.000000
0.000000
0.000000
0.000000
0.000000
0.000000
0.000000
0.000000
0.000000
0.000000
0.000000
0.000000
0.000000
0.000000
0.000000
0.000000
0.000000
0.000000
0.000000
0.000000
0.000000
0.000000
0.000000
0.000000
0.000000
