74.614600
53.763100
825.950000
171.820000
69.981000
34.509000
21.722000
13.220000
9.122400
5.964700
4.237800
2.601600
2.062000
1.452900
1.007600
0.658860
0.468850
0.412430
0.246880
0.226860
0.166240
0.129390
0.073973
0.057421
0.040755
0.023910
0.040436
0.023650
0.014155
0.013440
0.008750
0.005612
0.005019
0.003984
0.003174
0.001591
0.001110
0.001166
0.000887
0.000629
0.000383
0.000424
0.000614
0.000307
0.000089
0.000136
0.000079
0.000024
0.000046
0.000014
0.000019
0.000010
0.000004
0.000009
0.000018
0.000006
0.000000
0.000000
0.000000
0.000000
0.000000
0.000005
0.000000
0.000002
0.000002
0.000000
0.000000
0.000000
0.000019
0.000000
0.000000
0.000000
0.000000
0.000000
0.000000
0.000000
0.000000
0.000000
0.000000
0.000000
0.000000
0.000000
0.000000
0.000000
0.000000
0.000000
0.000000
0.000000
0.000000
0.000000
0.000000
0.000000
0.000000
0.000000
0.000000
0.000000
0.000000
0.000000
0.000000
0.000000
0.000000
0.000000
0.000000
0.000000
0.000000
0.000000
0.000000
0.000000
0.000000
0.000000
0.000000
0.000000
0.000000
0.000000
0.000000
0.000000
0.000000
0.000000
0.000000
0.000000
0.000000
0.000000
0.000000
0.000000
0.000000
0.000000
0.000000
0.000000
0.000000
0.000000
0.000000
0.000000
0.000000
0.000000
0.000000
0.000000
0.000000
0.000000
0.000000
0.000000
0.000000
0.000000
0.000000
0.000000
0.000000
0.000000
0.000000
0.000000
0.000000
0.000000
0.000000
0.000000
0.000000
0.000000
0.000000
0.000000
0.000000
0.000000
0.000000
0.000000
0.000000
0.000000
0.000000
0.000000
0.000000
0.000000
0.000000
0.000000
0.000000
0.000000
0.000000
0.000000
0.000000
0.000000
0.000000
0.000000
0.000000
0.000000
0.000000
0.000000
0.000000
0.000000
0.000000
0.000000
0.000000
0.000000
0.000000
0.000000
0.000000
0.000000
0.000000
0.000000
0.000000
0.000000
0.000000
0.000000
0.000000
0.000000
0.000000
0.000000
0.000000
0.000000
