53.101400
23.455900
954.030000
201.690000
98.589000
54.915000
36.266000
23.921000
16.655000
14.213000
10.278000
7.331700
5.536700
4.159100
3.165200
2.721200
2.272600
1.873700
1.237700
0.970160
0.839770
0.605300
0.556290
0.436430
0.412790
0.304530
0.290170
0.216470
0.175480
0.140510
0.138980
0.113170
0.094197
0.065727
0.066615
0.060731
0.051666
0.041625
0.037940
0.021047
0.014465
0.016878
0.014231
0.011611
0.010005
0.006944
0.005762
0.003972
0.003772
0.003259
0.002272
0.001556
0.001529
0.002294
0.002123
0.002373
0.000862
0.001920
0.000724
0.000830
0.000291
0.000078
0.000151
0.000105
0.000035
0.000032
0.000257
0.000057
0.000162
0.000046
0.000123
0.000026
0.000009
0.000055
0.000016
0.000069
0.000024
0.000045
0.000021
0.000017
0.000007
0.000024
0.000003
0.000000
0.000000
0.000003
0.000000
0.000001
0.000001
0.000000
0.000000
0.000000
0.000000
0.000000
0.000000
0.000003
0.000000
0.000000
0.000000
0.000000
0.000000
0.000000
0.000000
0.000000
0.000000
0.000000
0.000000
0.000000
0.000000
0.000000
0.000000
0.000001
0.000000
0.000000
0.000000
0.000000
0.000000
0.000000
0.000000
0.000000
0.000001
0.000000
0.000000
0.000000
0.000000
0.000000
0.000000
0.000000
0.000000
0.000000
0.000000
0.000000
0.000000
0.000000
0.000000
0.000000
0.000000
0.000000
0.000000
0.000000
0.000000
0.000000
0.000000
0.000000
0.000000
0.000000
0.000000
0.000000
0.000000
0.000000
0.000000
0.000000
0.000000
0.000000
0.000000
0.000000
0.000000
0.000000
0.000000
0.000000
0.000000
0.000000
0.000000
0.000000
0.000000
0.000000
0.000000
0.000000
0.000000
0.000000
0.000000
0.000000
0.000000
0.000000
0.000000
0.000000
0.000000
0.000000
0.000000
0.000000
0.000000
0.000000
0.000000
0.000000
0.000000
0.000000
0.000000
0.000000
0.000000
0.000000
0.000000
0.000000
0.000000
0.000000
0.000000
0.000000
0.000000
0.000000
0.000000
0.000000
0.000000
0.000000
