64.531700
12.795300
905.560000
189.470000
83.872000
45.952000
29.647000
20.266000
13.830000
11.142000
7.952900
5.957000
4.795900
3.993400
2.781600
2.479400
2.215300
1.769300
1.392800
1.131500
1.046100
0.868380
0.629160
0.653990
0.478920
0.489300
0.349280
0.369640
0.218140
0.247730
0.173130
0.187900
0.141940
0.136650
0.113750
0.094499
0.066674
0.060215
0.065473
0.052621
0.041537
0.038094
0.042698
0.033018
0.017112
0.024011
0.007418
0.014816
0.006664
0.005066
0.011314
0.008216
0.005171
0.002491
0.003004
0.001175
0.002632
0.003314
0.001296
0.000984
0.002360
0.000718
0.000165
0.000722
0.001126
0.000327
0.000449
0.000243
0.000905
0.001951
0.000373
0.000148
0.000097
0.000050
0.000880
0.000184
0.000155
0.000045
0.000083
0.000024
0.000129
0.000166
0.000002
0.000000
0.000016
0.000165
0.000006
0.000000
0.000006
0.000005
0.000000
0.000000
0.000000
0.000000
0.000000
0.000000
0.000042
0.000011
0.000000
0.000000
0.000000
0.000002
0.000000
0.000000
0.000000
0.000000
0.000000
0.000000
0.000000
0.000000
0.000035
0.000000
0.000000
0.000000
0.000053
0.000000
0.000000
0.000000
0.000000
0.000000
0.000000
0.000000
0.000000
0.000000
0.000000
0.000000
0.000000
0.000000
0.000000
0.000000
0.000000
0.000000
0.000000
0.000000
0.000000
0.000000
0.000000
0.000000
0.000000
0.000000
0.000000
0.000000
0.000000
0.000000
0.000000
0.000000
0.000000
0.000000
0.000000
0.000000
0.000000
0.000000
0.000000
0.000000
0.000000
0.000000
0.000000
0.000000
0.000000
0.000000
0.000000
0.000000
0.000000
0.000000
0.000000
0.000000
0.000000
0.000000
0.000000
0.000000
0.000000
0.000000
0.000000
0.000000
0.000000
0.000000
0.000000
0.000000
0.000000
0.000000
0.000000
0.000000
0.000000
0.000000
0.000000
0.000000
0.000000
0.000000
0.000000
0.000000
0.000000
0.000000
0.000000
0.000000
0.000000
0.000000
0.000000
0.000000
0.000000
0.000000
0.000000
0.000000
