69.373100
22.014500
916.150000
163.540000
75.729000
41.070000
25.510000
17.411000
11.535000
7.909500
5.797700
4.734400
3.065900
2.496300
2.127000
1.512000
1.157700
0.981030
0.833520
0.662120
0.595850
0.421800
0.354280
0.259330
0.206700
0.211820
0.202350
0.147110
0.115030
0.110850
0.058570
0.068380
0.040658
0.055360
0.038192
0.022059
0.024319
0.014913
0.019077
0.010280
0.009607
0.012496
0.007381
0.005541
0.011611
0.002959
0.005653
0.002477
0.001849
0.004085
0.002777
0.001346
0.002295
0.000597
0.001469
0.000327
0.000187
0.000366
0.000384
0.000066
0.000142
0.000226
0.000125
0.000136
0.000044
0.000099
0.000844
0.000021
0.000097
0.000003
0.000029
0.000038
0.000072
0.000022
0.000071
0.000058
0.000033
0.000002
0.000002
0.000000
0.000015
0.000003
0.000000
0.000000
0.000000
0.000000
0.000003
0.000000
0.000000
0.000000
0.000000
0.000002
0.000005
0.000000
0.000000
0.000000
0.000000
0.000000
0.000000
0.000000
0.000000
0.000000
0.000000
0.000000
0.000000
0.000000
0.000000
0.000000
0.000000
0.000000
0.000000
0.000000
0.000000
0.000000
0.000000
0.000000
0.000000
0.000000
0.000000
0.000000
0.000000
0.000000
0.000000
0.000000
0.000000
0.000000
0.000000
0.000000
0.000000
0.000000
0.000000
0.000000
0.000000
0.000000
0.000000
0.000000
0.000000
0.000000
0.000000
0.000000
0.000000
0.000000
0.000000
0.000000
0.000000
0.000000
0.000000
0.000000
0.000000
0.000000
0.000000
0.000000
0.000000
0.000000
0.000000
0.000000
0.000000
0.000000
0.000000
0.000000
0.000000
0.000000
0.000000
0.000000
0.000000
0.000000
0.000000
0.000000
0.000000
0.000000
0.000000
0.000000
0.000000
0.000000
0.000000
0.000000
0.000000
0.000000
0.000000
0.000000
0.000000
0.000000
0.000000
0.000000
0.000000
0.000000
0.000000
0.000000
0.000000
0.000000
0.000000
0.000000
0.000000
0.000000
0.000000
0.000000
0.000000
0.000000
0.000000
0.000000
0.000000
0.000000
