45.274100
41.240400
997.770000
224.190000
102.180000
58.603000
40.420000
25.852000
17.442000
12.486000
9.684300
7.348500
5.739200
4.224200
2.781500
2.174500
1.840900
1.372800
1.134200
0.847970
0.733990
0.569990
0.416520
0.314040
0.213900
0.172740
0.166370
0.130640
0.094007
0.075733
0.052455
0.050771
0.028299
0.026436
0.025098
0.018181
0.011474
0.012889
0.012507
0.009028
0.005444
0.005319
0.004602
0.002815
0.002304
0.003233
0.001053
0.002020
0.001528
0.001003
0.000826
0.000757
0.000799
0.000279
0.000373
0.000424
0.000221
0.000252
0.000032
0.000030
0.000042
0.000086
0.000308
0.000013
0.000015
0.000051
0.000011
0.000020
0.000000
0.000003
0.000077
0.000003
0.000000
0.000000
0.000010
0.000000
0.000000
0.000000
0.000000
0.000000
0.000000
0.000000
0.000000
0.000000
0.000000
0.000000
0.000000
0.000000
0.000000
0.000000
0.000000
0.000000
0.000000
0.000000
0.000000
0.000000
0.000000
0.000000
0.000000
0.000000
0.000000
0.000000
0.000000
0.000000
0.000000
0.000000
0.000000
0.000000
0.000000
0.000000
0.000000
0.000000
0.000000
0.000000
0.000000
0.000000
0.000000
0.000000
0.000000
0.000000
0.000000
0.000000
0.000000
0.000000
0.000000
0.000000
0.000000
0.000000
0.000000
0.000000
0.000000
0.000000
0.000000
0.000000
0.000000
0.000000
0.000000
0.000000
0.000000
0.000000
0.000000
0.000000
0.000000
0.000000
0.000000
0.000000
0.000000
0.000000
0.000000
0.000000
0.000000
0.000000
0.000000
0.000000
0.000000
0.000000
0.000000
0.000000
0.000000
0.000000
0.000000
0.000000
0.000000
0.000000
0.000000
0.000000
0.000000
0.000000
0.000000
0.000000
0.000000
0.000000
0.000000
0.000000
0.000000
0.000000
0.000000
0.000000
0.000000
0.000000
0.000000
0.000000
0.000000
0.000000
0.000000
0.000000
0.000000
0.000000
0.000000
0.000000
0.000000
0.000000
0.000000
0.000000
0.000000
0.000000
0.000000
0.000000
0.000000
0.000000
0.000000
0.000000
