59.380500
56.008600
902.650000
180.390000
85.265000
45.337000
28.057000
17.042000
11.266000
8.715300
5.508000
4.354200
2.911100
2.094000
1.787800
1.174300
0.958730
0.654990
0.509080
0.364150
0.229430
0.204150
0.146110
0.139240
0.075442
0.058019
0.048785
0.033199
0.033170
0.023048
0.011324
0.009986
0.011494
0.006178
0.006949
0.003728
0.003556
0.001640
0.001114
0.000984
0.000666
0.000943
0.000537
0.000580
0.001096
0.000247
0.000999
0.000363
0.000071
0.000125
0.000140
0.000037
0.000002
0.000013
0.000083
0.000019
0.000050
0.000017
0.000000
0.000012
0.000012
0.000001
0.000010
0.000002
0.000000
0.000000
0.000000
0.000009
0.000004
0.000000
0.000000
0.000000
0.000000
0.000000
0.000000
0.000000
0.000000
0.000000
0.000000
0.000000
0.000000
0.000000
0.000000
0.000000
0.000000
0.000000
0.000000
0.000000
0.000000
0.000000
0.000000
0.000000
0.000000
0.000000
0.000000
0.000000
0.000000
0.000000
0.000000
0.000000
0.000000
0.000000
0.000000
0.000000
0.000000
0.000000
0.000000
0.000000
0.000000
0.000000
0.000000
0.000000
0.000000
0.000000
0.000000
0.000000
0.000000
0.000000
0.000000
0.000000
0.000000
0.000000
0.000000
0.000000
0.000000
0.000000
0.000000
0.000000
0.000000
0.000000
0.000000
0.000000
0.000000
0.000000
0.000000
0.000000
0.000000
0.000000
0.000000
0.000000
0.000000
0.000000
0.000000
0.000000
0.000000
0.000000
0.000000
0.000000
0.000000
0.000000
0.000000
0.000000
0.000000
0.000000
0.000000
0.000000
0.000000
0.000000
0.000000
0.000000
0.000000
0.000000
0.000000
0.000000
0.000000
0.000000
0.000000
0.000000
0.000000
0.000000
0.000000
0.000000
0.000000
0.000000
0.000000
0.000000
0.000000
0.000000
0.000000
0.000000
0.000000
0.000000
0.000000
0.000000
0.000000
0.000000
0.000000
0.000000
0.000000
0.000000
0.000000
0.000000
0.000000
0.000000
0.000000
0.000000
0.000000
0.000000
0.000000
0.000000
0.000000
0.000000
