82.086600
17.702800
798.570000
157.410000
63.686000
36.355000
21.174000
13.465000
8.608000
6.414300
4.348000
3.237000
2.514900
2.094400
1.595800
1.067400
0.999000
0.804640
0.729830
0.570450
0.407040
0.343500
0.305980
0.255820
0.170400
0.156340
0.117860
0.127620
0.129010
0.102510
0.077962
0.074668
0.055767
0.032959
0.032647
0.027697
0.038117
0.024942
0.017480
0.013938
0.013953
0.008492
0.005924
0.008474
0.007705
0.006929
0.004960
0.003611
0.004880
0.004635
0.002132
0.002972
0.000657
0.001373
0.001249
0.000916
0.000270
0.001048
0.001006
0.000853
0.000309
0.000453
0.000304
0.000247
0.000042
0.000318
0.000020
0.000089
0.000008
0.001029
0.000062
0.000035
0.000004
0.000127
0.000036
0.000029
0.000030
0.000013
0.000000
0.000008
0.000000
0.000008
0.000022
0.000000
0.000002
0.000000
0.000000
0.000000
0.000001
0.000000
0.000000
0.000000
0.000002
0.000000
0.000000
0.000001
0.000000
0.000000
0.000000
0.000000
0.000000
0.000000
0.000000
0.000000
0.000000
0.000000
0.000000
0.000001
0.000000
0.000000
0.000000
0.000000
0.000000
0.000000
0.000000
0.000000
0.000000
0.000000
0.000000
0.000000
0.000000
0.000000
0.000000
0.000000
0.000000
0.000000
0.000000
0.000000
0.000000
0.000000
0.000000
0.000000
0.000000
0.000000
0.000000
0.000000
0.000000
0.000000
0.000000
0.000000
0.000000
0.000000
0.000000
0.000000
0.000000
0.000000
0.000000
0.000000
0.000000
0.000000
0.000000
0.000000
0.000000
0.000000
0.000000
0.000000
0.000000
0.000000
0.000000
0.000000
0.000000
0.000000
0.000000
0.000000
0.000000
0.000000
0.000000
0.000000
0.000000
0.000000
0.000000
0.000000
0.000000
0.000000
0.000000
0.000000
0.000000
0.000000
0.000000
0.000000
0.000000
0.000000
0.000000
0.000000
0.000000
0.000000
0.000000
0.000000
0.000000
0.000000
0.000000
0.000000
0.000000
0.000000
0.000000
0.000000
0.000000
0.000000
0.000000
0.000000
0.000000
0.000000
