62.332900
50.582500
936.900000
196.540000
81.681000
45.341000
28.261000
17.211000
11.314000
8.116600
5.745800
4.062500
2.576100
1.903700
1.602200
1.176900
0.749590
0.714520
0.502370
0.322490
0.302880
0.205210
0.157010
0.089113
0.090231
0.055351
0.040764
0.044918
0.029841
0.029191
0.024365
0.008715
0.011117
0.008158
0.005848
0.005252
0.004413
0.003465
0.001298
0.000992
0.000558
0.000902
0.000818
0.000800
0.000280
0.000857
0.000108
0.000154
0.000061
0.000119
0.000061
0.000040
0.000066
0.000065
0.000030
0.000007
0.000016
0.000016
0.000002
0.000016
0.000000
0.000001
0.000000
0.000000
0.000003
0.000000
0.000000
0.000002
0.000000
0.000000
0.000000
0.000000
0.000000
0.000000
0.000000
0.000000
0.000000
0.000000
0.000000
0.000000
0.000000
0.000000
0.000000
0.000000
0.000000
0.000000
0.000000
0.000000
0.000000
0.000000
0.000000
0.000000
0.000000
0.000000
0.000000
0.000000
0.000000
0.000000
0.000000
0.000000
0.000000
0.000000
0.000000
0.000000
0.000000
0.000000
0.000000
0.000000
0.000000
0.000000
0.000000
0.000000
0.000000
0.000000
0.000000
0.000000
0.000000
0.000000
0.000000
0.000000
0.000000
0.000000
0.000000
0.000000
0.000000
0.000000
0.000000
0.000000
0.000000
0.000000
0.000000
0.000000
0.000000
0.000000
0.000000
0.000000
0.000000
0.000000
0.000000
0.000000
0.000000
0.000000
0.000000
0.000000
0.000000
0.000000
0.000000
0.000000
0.000000
0.000000
0.000000
0.000000
0.000000
0.000000
0.000000
0.000000
0.000000
0.000000
0.000000
0.000000
0.000000
0.000000
0.000000
0.000000
0.000000
0.000000
0.000000
0.000000
0.000000
0.000000
0.000000
0.000000
0.000000
0.000000
0.000000
0.000000
0.000000
0.000000
0.000000
0.000000
0.000000
0.000000
0.000000
0.000000
0.000000
0.000000
0.000000
0.000000
0.000000
0.000000
0.000000
0.000000
0.000000
0.000000
0.000000
0.000000
0.000000
0.000000
0.000000
0.000000
0.000000
0.000000
