56.358400
55.140300
903.540000
189.410000
86.027000
46.343000
28.547000
20.114000
13.030000
8.763800
6.209200
4.861100
3.542700
2.264900
1.522900
1.498000
0.963200
0.691130
0.549160
0.421820
0.302140
0.211370
0.153770
0.136110
0.088587
0.075709
0.047326
0.049199
0.028807
0.019011
0.017594
0.014651
0.012628
0.004487
0.006519
0.006415
0.004568
0.002939
0.002614
0.001132
0.001412
0.000615
0.000388
0.000318
0.000479
0.000204
0.000324
0.000121
0.000338
0.000134
0.000114
0.000119
0.000129
0.000011
0.000035
0.000004
0.000004
0.000018
0.000003
0.000003
0.000011
0.000006
0.000000
0.000000
0.000000
0.000001
0.000000
0.000002
0.000000
0.000000
0.000000
0.000001
0.000000
0.000000
0.000000
0.000000
0.000000
0.000000
0.000000
0.000000
0.000000
0.000000
0.000000
0.000000
0.000000
0.000000
0.000000
0.000000
0.000000
0.000000
0.000000
0.000000
0.000000
0.000000
0.000000
0.000000
0.000000
0.000000
0.000000
0.000000
0.000000
0.000000
0.000000
0.000000
0.000000
0.000000
0.000000
0.000000
0.000000
0.000000
0.000000
0.000000
0.000000
0.000000
0.000000
0.000000
0.000000
0.000000
0.000000
0.000000
0.000000
0.000000
0.000000
0.000000
0.000000
0.000000
0.000000
0.000000
0.000000
0.000000
0.000000
0.000000
0.000000
0.000000
0.000000
0.000000
0.000000
0.000000
0.000000
0.000000
0.000000
0.000000
0.000000
0.000000
0.000000
0.000000
0.000000
0.000000
0.000000
0.000000
0.000000
0.000000
0.000000
0.000000
0.000000
0.000000
0.000000
0.000000
0.000000
0.000000
0.000000
0.000000
0.000000
0.000000
0.000000
0.000000
0.000000
0.000000
0.000000
0.000000
0.000000
0.000000
0.000000
0.000000
0.000000
0.000000
0.000000
0.000000
0.000000
0.000000
0.000000
0.000000
0.000000
0.000000
0.000000
0.000000
0.000000
0.000000
0.000000
0.000000
0.000000
0.000000
0.000000
0.000000
0.000000
0.000000
0.000000
0.000000
0.000000
0.000000
0.000000
0.000000
