40.180000
42.848600
987.950000
236.580000
110.660000
65.533000
41.866000
27.611000
21.412000
16.004000
11.882000
8.110000
6.931900
4.762800
3.602800
2.729900
2.043800
1.537100
1.145700
1.018000
0.753100
0.617470
0.443480
0.425450
0.239980
0.213410
0.199700
0.161530
0.127920
0.088005
0.065252
0.051547
0.043114
0.035836
0.023018
0.027412
0.020766
0.015383
0.012430
0.013234
0.007481
0.006940
0.004946
0.002321
0.004316
0.000992
0.002029
0.001693
0.000666
0.000662
0.000563
0.000597
0.000310
0.000579
0.000185
0.000144
0.000217
0.000082
0.000133
0.000554
0.000075
0.000079
0.000066
0.000033
0.000007
0.000035
0.000002
0.000038
0.000013
0.000150
0.000000
0.000000
0.000000
0.000000
0.000004
0.000009
0.000000
0.000000
0.000000
0.000000
0.000000
0.000001
0.000000
0.000000
0.000000
0.000000
0.000000
0.000000
0.000000
0.000000
0.000000
0.000000
0.000000
0.000000
0.000000
0.000000
0.000000
0.000000
0.000000
0.000000
0.000000
0.000000
0.000000
0.000000
0.000000
0.000000
0.000000
0.000000
0.000000
0.000000
0.000000
0.000000
0.000000
0.000000
0.000000
0.000000
0.000000
0.000000
0.000000
0.000000
0.000000
0.000000
0.000000
0.000000
0.000000
0.000000
0.000000
0.000000
0.000000
0.000000
0.000000
0.000000
0.000000
0.000000
0.000000
0.000000
0.000000
0.000000
0.000000
0.000000
0.000000
0.000000
0.000000
0.000000
0.000000
0.000000
0.000000
0.000000
0.000000
0.000000
0.000000
0.000000
0.000000
0.000000
0.000000
0.000000
0.000000
0.000000
0.000000
0.000000
0.000000
0.000000
0.000000
0.000000
0.000000
0.000000
0.000000
0.000000
0.000000
0.000000
0.000000
0.000000
0.000000
0.000000
0.000000
0.000000
0.000000
0.000000
0.000000
0.000000
0.000000
0.000000
0.000000
0.000000
0.000000
0.000000
0.000000
0.000000
0.000000
0.000000
0.000000
0.000000
0.000000
0.000000
0.000000
0.000000
0.000000
0.000000
0.000000
0.000000
0.000000
0.000000
