67.052100
44.920300
836.670000
182.210000
76.197000
41.897000
26.480000
16.943000
11.019000
7.129000
5.225900
3.875800
2.846600
1.926600
1.238900
1.113500
0.733410
0.639340
0.396650
0.290680
0.269040
0.179540
0.151880
0.104130
0.082774
0.073505
0.057452
0.044056
0.035952
0.023394
0.017613
0.013283
0.016269
0.006791
0.004817
0.005042
0.003220
0.002048
0.002533
0.001801
0.001435
0.000885
0.001026
0.000201
0.000755
0.000314
0.000130
0.000183
0.000105
0.000176
0.000064
0.000192
0.000164
0.000104
0.000030
0.000065
0.000063
0.000011
0.000006
0.000058
0.000010
0.000000
0.000002
0.000004
0.000000
0.000005
0.000000
0.000000
0.000001
0.000000
0.000000
0.000000
0.000019
0.000000
0.000000
0.000000
0.000000
0.000000
0.000000
0.000000
0.000000
0.000000
0.000000
0.000000
0.000000
0.000000
0.000000
0.000000
0.000000
0.000000
0.000000
0.000000
0.000000
0.000000
0.000000
0.000000
0.000000
0.000000
0.000000
0.000000
0.000000
0.000000
0.000000
0.000000
0.000000
0.000000
0.000000
0.000000
0.000000
0.000000
0.000000
0.000000
0.000000
0.000000
0.000000
0.000000
0.000000
0.000000
0.000000
0.000000
0.000000
0.000000
0.000000
0.000000
0.000000
0.000000
0.000000
0.000000
0.000000
0.000000
0.000000
0.000000
0.000000
0.000000
0.000000
0.000000
0.000000
0.000000
0.000000
0.000000
0.000000
0.000000
0.000000
0.000000
0.000000
0.000000
0.000000
0.000000
0.000000
0.000000
0.000000
0.000000
0.000000
0.000000
0.000000
0.000000
0.000000
0.000000
0.000000
0.000000
0.000000
0.000000
0.000000
0.000000
0.000000
0.000000
0.000000
0.000000
0.000000
0.000000
0.000000
0.000000
0.000000
0.000000
0.000000
0.000000
0.000000
0.000000
0.000000
0.000000
0.000000
0.000000
0.000000
0.000000
0.000000
0.000000
0.000000
0.000000
0.000000
0.000000
0.000000
0.000000
0.000000
0.000000
0.000000
0.000000
0.000000
0.000000
0.000000
0.000000
0.000000
0.000000
