78.942500
11.486400
829.040000
160.350000
65.512000
33.802000
23.174000
15.091000
10.386000
7.668900
5.652600
4.015500
3.041000
2.621600
2.065600
1.683900
1.437900
1.166300
0.946080
0.788240
0.674530
0.643440
0.453750
0.454530
0.355750
0.297710
0.243740
0.219590
0.188150
0.174610
0.143860
0.118960
0.096432
0.092724
0.095574
0.062648
0.043534
0.056337
0.043179
0.050631
0.039700
0.018191
0.026796
0.017963
0.016704
0.023842
0.010110
0.013300
0.006627
0.006705
0.005464
0.011809
0.004929
0.001969
0.004099
0.005112
0.000474
0.002155
0.002488
0.001888
0.000520
0.001964
0.001947
0.000853
0.001156
0.000520
0.000191
0.000799
0.000138
0.000468
0.000562
0.000402
0.000415
0.000047
0.000276
0.000013
0.000083
0.000092
0.000038
0.000000
0.000070
0.000200
0.000005
0.000000
0.000000
0.000000
0.000004
0.000000
0.000006
0.000004
0.000006
0.000000
0.000000
0.000000
0.000013
0.000000
0.000000
0.000049
0.000000
0.000000
0.000000
0.000000
0.000000
0.000000
0.000000
0.000000
0.000000
0.000000
0.000000
0.000000
0.000000
0.000000
0.000000
0.000000
0.000000
0.000000
0.000000
0.000000
0.000000
0.000000
0.000000
0.000000
0.000000
0.000000
0.000000
0.000000
0.000000
0.000000
0.000000
0.000000
0.000000
0.000000
0.000000
0.000000
0.000000
0.000000
0.000000
0.000000
0.000000
0.000000
0.000000
0.000000
0.000000
0.000000
0.000000
0.000000
0.000000
0.000000
0.000000
0.000000
0.000000
0.000000
0.000000
0.000000
0.000000
0.000000
0.000000
0.000000
0.000000
0.000000
0.000000
0.000000
0.000000
0.000000
0.000000
0.000000
0.000000
0.000000
0.000000
0.000000
0.000000
0.000000
0.000000
0.000000
0.000000
0.000000
0.000000
0.000000
0.000000
0.000000
0.000000
0.000000
0.000000
0.000000
0.000000
0.000000
0.000000
0.000000
0.000000
0.000000
0.000000
0.000000
0.000000
0.000000
0.000000
0.000000
0.000000
0.000000
0.000000
0.000000
0.000000
0.000000
