62.598300
36.606100
900.160000
183.270000
79.916000
45.226000
28.620000
17.390000
12.254000
8.361200
6.143700
4.620000
3.193500
2.540300
1.919800
1.289900
1.008300
0.914800
0.614660
0.507630
0.385980
0.273260
0.215080
0.186190
0.159080
0.087378
0.099855
0.070770
0.033711
0.049504
0.051885
0.039211
0.026374
0.011825
0.016931
0.011478
0.014775
0.006367
0.004542
0.002509
0.003178
0.002584
0.001715
0.001983
0.002078
0.000970
0.001073
0.001154
0.000380
0.000735
0.000236
0.000252
0.000305
0.000049
0.000105
0.000236
0.000071
0.000142
0.000080
0.000080
0.000004
0.000056
0.000006
0.000020
0.000019
0.000009
0.000009
0.000000
0.000019
0.000000
0.000000
0.000000
0.000002
0.000000
0.000000
0.000000
0.000001
0.000006
0.000000
0.000003
0.000006
0.000000
0.000000
0.000000
0.000000
0.000000
0.000000
0.000000
0.000000
0.000000
0.000000
0.000000
0.000000
0.000000
0.000000
0.000000
0.000000
0.000000
0.000000
0.000000
0.000000
0.000000
0.000000
0.000000
0.000000
0.000000
0.000000
0.000000
0.000000
0.000000
0.000000
0.000000
0.000000
0.000000
0.000000
0.000000
0.000000
0.000000
0.000000
0.000000
0.000000
0.000000
0.000000
0.000000
0.000000
0.000000
0.000000
0.000000
0.000000
0.000000
0.000000
0.000000
0.000000
0.000000
0.000000
0.000000
0.000000
0.000000
0.000000
0.000000
0.000000
0.000000
0.000000
0.000000
0.000000
0.000000
0.000000
0.000000
0.000000
0.000000
0.000000
0.000000
0.000000
0.000000
0.000000
0.000000
0.000000
0.000000
0.000000
0.000000
0.000000
0.000000
0.000000
0.000000
0.000000
0.000000
0.000000
0.000000
0.000000
0.000000
0.000000
0.000000
0.000000
0.000000
0.000000
0.000000
0.000000
0.000000
0.000000
0.000000
0.000000
0.000000
0.000000
0.000000
0.000000
0.000000
0.000000
0.000000
0.000000
0.000000
0.000000
0.000000
0.000000
0.000000
0.000000
0.000000
0.000000
0.000000
0.000000
0.000000
0.000000
0.000000
