55.316300
56.723500
959.900000
191.680000
93.424000
50.735000
30.066000
18.336000
13.590000
10.053000
6.936400
4.856100
3.482100
2.787100
1.853700
1.237700
0.958600
0.656060
0.602990
0.352240
0.351750
0.250130
0.231140
0.129750
0.147240
0.076250
0.049710
0.039329
0.041891
0.028167
0.023774
0.017135
0.009428
0.008736
0.007191
0.004339
0.006067
0.001314
0.003987
0.000963
0.002444
0.002368
0.000237
0.000583
0.000863
0.000429
0.000294
0.000140
0.000066
0.000050
0.000061
0.000011
0.000019
0.000034
0.000014
0.000002
0.000011
0.000028
0.000003
0.000002
0.000035
0.000005
0.000000
0.000000
0.000002
0.000000
0.000000
0.000000
0.000001
0.000000
0.000011
0.000000
0.000000
0.000000
0.000000
0.000000
0.000000
0.000000
0.000000
0.000000
0.000000
0.000000
0.000000
0.000000
0.000000
0.000000
0.000000
0.000000
0.000000
0.000000
0.000000
0.000000
0.000000
0.000000
0.000000
0.000000
0.000000
0.000000
0.000000
0.000000
0.000000
0.000000
0.000000
0.000000
0.000000
0.000000
0.000000
0.000000
0.000000
0.000000
0.000000
0.000000
0.000000
0.000000
0.000000
0.000000
0.000000
0.000000
0.000000
0.000000
0.000000
0.000000
0.000000
0.000000
0.000000
0.000000
0.000000
0.000000
0.000000
0.000000
0.000000
0.000000
0.000000
0.000000
0.000000
0.000000
0.000000
0.000000
0.000000
0.000000
0.000000
0.000000
0.000000
0.000000
0.000000
0.000000
0.000000
0.000000
0.000000
0.000000
0.000000
0.000000
0.000000
0.000000
0.000000
0.000000
0.000000
0.000000
0.000000
0.000000
0.000000
0.000000
0.000000
0.000000
0.000000
0.000000
0.000000
0.000000
0.000000
0.000000
0.000000
0.000000
0.000000
0.000000
0.000000
0.000000
0.000000
0.000000
0.000000
0.000000
0.000000
0.000000
0.000000
0.000000
0.000000
0.000000
0.000000
0.000000
0.000000
0.000000
0.000000
0.000000
0.000000
0.000000
0.000000
0.000000
0.000000
0.000000
0.000000
0.000000
0.000000
0.000000
