75.491500
37.124800
888.010000
168.200000
68.131000
34.821000
21.865000
14.336000
9.511200
6.763700
4.646400
3.314600
2.077100
1.648500
1.168200
0.836500
0.710990
0.515710
0.345200
0.332310
0.263390
0.180910
0.146960
0.102670
0.093639
0.066889
0.054086
0.047974
0.030022
0.026995
0.015869
0.013464
0.012740
0.009570
0.010835
0.010794
0.004337
0.004039
0.003165
0.001936
0.003346
0.000776
0.000645
0.001326
0.000184
0.000620
0.000511
0.000290
0.000568
0.000167
0.000095
0.000266
0.000046
0.000263
0.000242
0.000067
0.000064
0.000026
0.000013
0.000000
0.000010
0.000080
0.000010
0.000002
0.000000
0.000013
0.000003
0.000000
0.000019
0.000000
0.000000
0.000000
0.000000
0.000000
0.000000
0.000000
0.000002
0.000000
0.000000
0.000000
0.000000
0.000000
0.000000
0.000000
0.000000
0.000000
0.000000
0.000000
0.000000
0.000000
0.000000
0.000000
0.000000
0.000000
0.000000
0.000000
0.000000
0.000000
0.000000
0.000000
0.000000
0.000000
0.000000
0.000000
0.000000
0.000000
0.000000
0.000000
0.000000
0.000000
0.000000
0.000000
0.000000
0.000000
0.000000
0.000000
0.000000
0.000000
0.000000
0.000000
0.000000
0.000000
0.000000
0.000000
0.000000
0.000000
0.000000
0.000000
0.000000
0.000000
0.000000
0.000000
0.000000
0.000000
0.000000
0.000000
0.000000
0.000000
0.000000
0.000000
0.000000
0.000000
0.000000
0.000000
0.000000
0.000000
0.000000
0.000000
0.000000
0.000000
0.000000
0.000000
0.000000
0.000000
0.000000
0.000000
0.000000
0.000000
0.000000
0.000000
0.000000
0.000000
0.000000
0.000000
0.000000
0.000000
0.000000
0.000000
0.000000
0.000000
0.000000
0.000000
0.000000
0.000000
0.000000
0.000000
0.000000
0.000000
0.000000
0.000000
0.000000
0.000000
0.000000
0.000000
0.000000
0.000000
0.000000
0.000000
0.000000
0.000000
0.000000
0.000000
0.000000
0.000000
0.000000
0.000000
0.000000
0.000000
0.000000
0.000000
0.000000
0.000000
