63.390600
23.145400
915.760000
177.630000
80.375000
44.704000
26.956000
18.873000
14.711000
9.189900
7.369600
5.385300
4.112500
3.357300
2.300800
1.898900
1.352300
1.082900
1.026900
0.822470
0.572850
0.444220
0.396080
0.349580
0.276800
0.271250
0.150760
0.166420
0.101190
0.101920
0.074792
0.074476
0.047170
0.049579
0.029791
0.029373
0.029012
0.031641
0.023998
0.016737
0.012160
0.013800
0.008099
0.008561
0.004627
0.003877
0.003236
0.001947
0.001353
0.002621
0.002082
0.002052
0.000566
0.000699
0.000357
0.000516
0.000649
0.000513
0.000747
0.000176
0.000065
0.000425
0.000190
0.000071
0.000029
0.000045
0.000075
0.000082
0.000202
0.000024
0.000009
0.000004
0.000030
0.000007
0.000007
0.000000
0.000000
0.000003
0.000019
0.000007
0.000018
0.000017
0.000005
0.000000
0.000000
0.000001
0.000000
0.000000
0.000000
0.000003
0.000000
0.000000
0.000000
0.000000
0.000000
0.000000
0.000000
0.000000
0.000000
0.000000
0.000000
0.000000
0.000000
0.000000
0.000000
0.000000
0.000000
0.000000
0.000000
0.000000
0.000000
0.000000
0.000000
0.000001
0.000000
0.000000
0.000000
0.000000
0.000000
0.000000
0.000000
0.000000
0.000000
0.000000
0.000000
0.000000
0.000000
0.000000
0.000000
0.000000
0.000000
0.000000
0.000000
0.000000
0.000000
0.000000
0.000000
0.000000
0.000000
0.000000
0.000000
0.000000
0.000000
0.000000
0.000000
0.000000
0.000000
0.000000
0.000000
0.000000
0.000000
0.000000
0.000000
0.000000
0.000000
0.000000
0.000000
0.000000
0.000000
0.000000
0.000000
0.000000
0.000000
0.000000
0.000000
0.000000
0.000000
0.000000
0.000000
0.000000
0.000000
0.000000
0.000000
0.000000
0.000000
0.000000
0.000000
0.000000
0.000000
0.000000
0.000000
0.000000
0.000000
0.000000
0.000000
0.000000
0.000000
0.000000
0.000000
0.000000
0.000000
0.000000
0.000000
0.000000
0.000000
0.000000
0.000000
0.000000
0.000000
0.000000
0.000000
0.000000
