60.941200
22.041800
911.680000
188.920000
95.833000
49.593000
29.582000
20.227000
13.939000
10.710000
7.210900
5.671800
4.239300
3.681600
2.672900
2.042300
1.622800
1.269000
1.078800
0.796990
0.713330
0.588450
0.462600
0.371060
0.314930
0.262860
0.247460
0.208910
0.118130
0.135080
0.094900
0.081349
0.054488
0.052292
0.039052
0.034129
0.036580
0.028809
0.027422
0.025943
0.023186
0.012481
0.016233
0.006162
0.006565
0.004612
0.006240
0.006028
0.003621
0.003433
0.005570
0.002139
0.001985
0.000974
0.000430
0.001050
0.001149
0.000437
0.000190
0.001249
0.000396
0.000199
0.000297
0.000026
0.000014
0.000044
0.000122
0.000035
0.000154
0.000030
0.000049
0.000110
0.000037
0.000010
0.000034
0.000029
0.000011
0.000000
0.000017
0.000026
0.000010
0.000037
0.000006
0.000000
0.000019
0.000009
0.000000
0.000008
0.000035
0.000000
0.000000
0.000000
0.000000
0.000000
0.000001
0.000000
0.000000
0.000000
0.000000
0.000000
0.000000
0.000000
0.000000
0.000000
0.000000
0.000000
0.000000
0.000000
0.000000
0.000000
0.000000
0.000000
0.000000
0.000000
0.000000
0.000000
0.000000
0.000000
0.000000
0.000000
0.000000
0.000000
0.000000
0.000000
0.000000
0.000000
0.000000
0.000000
0.000000
0.000000
0.000000
0.000000
0.000000
0.000000
0.000000
0.000000
0.000000
0.000000
0.000000
0.000000
0.000000
0.000000
0.000000
0.000000
0.000000
0.000000
0.000000
0.000000
0.000000
0.000000
0.000000
0.000000
0.000000
0.000000
0.000000
0.000000
0.000000
0.000000
0.000000
0.000000
0.000000
0.000000
0.000000
0.000000
0.000000
0.000000
0.000000
0.000000
0.000000
0.000000
0.000000
0.000000
0.000000
0.000000
0.000000
0.000000
0.000000
0.000000
0.000000
0.000000
0.000000
0.000000
0.000000
0.000000
0.000000
0.000000
0.000000
0.000000
0.000000
0.000000
0.000000
0.000000
0.000000
0.000000
0.000000
0.000000
0.000000
0.000000
0.000000
0.000000
0.000000
0.000000
