78.670500
21.877600
858.710000
167.040000
63.711000
36.377000
19.679000
13.538000
9.907400
5.367800
4.837400
3.327400
2.720400
1.944700
1.644300
1.034900
0.942880
0.884060
0.587840
0.460240
0.389090
0.303280
0.292030
0.235220
0.138090
0.175470
0.103590
0.086890
0.064869
0.052200
0.051536
0.038391
0.032866
0.030880
0.031386
0.020295
0.027406
0.013931
0.012249
0.010596
0.009014
0.015997
0.003704
0.004138
0.005016
0.003820
0.003008
0.001682
0.001241
0.002331
0.001437
0.000905
0.001086
0.000817
0.001075
0.000256
0.000402
0.000418
0.001455
0.000274
0.000079
0.000117
0.000370
0.000303
0.000303
0.000104
0.000186
0.000017
0.000079
0.000075
0.000005
0.000034
0.000031
0.000025
0.000003
0.000000
0.000026
0.000022
0.000004
0.000000
0.000000
0.000001
0.000015
0.000004
0.000014
0.000000
0.000002
0.000000
0.000001
0.000000
0.000000
0.000000
0.000000
0.000000
0.000004
0.000003
0.000000
0.000000
0.000001
0.000000
0.000000
0.000000
0.000000
0.000000
0.000000
0.000000
0.000000
0.000000
0.000000
0.000000
0.000000
0.000000
0.000000
0.000000
0.000000
0.000000
0.000000
0.000000
0.000000
0.000000
0.000000
0.000000
0.000000
0.000000
0.000000
0.000000
0.000000
0.000000
0.000000
0.000000
0.000000
0.000000
0.000000
0.000000
0.000000
0.000000
0.000000
0.000000
0.000000
0.000000
0.000000
0.000000
0.000000
0.000000
0.000000
0.000000
0.000000
0.000000
0.000000
0.000000
0.000000
0.000000
0.000000
0.000000
0.000000
0.000000
0.000000
0.000000
0.000000
0.000000
0.000000
0.000000
0.000000
0.000000
0.000000
0.000000
0.000000
0.000000
0.000000
0.000000
0.000000
0.000000
0.000000
0.000000
0.000000
0.000000
0.000000
0.000000
0.000000
0.000000
0.000000
0.000000
0.000000
0.000000
0.000000
0.000000
0.000000
0.000000
0.000000
0.000000
0.000000
0.000000
0.000000
0.000000
0.000000
0.000000
0.000000
0.000000
0.000000
0.000000
0.000000
0.000000
