65.375000
14.660000
887.100000
185.250000
81.367000
48.523000
29.776000
20.302000
12.845000
9.023600
7.447700
6.173000
4.711500
3.230300
2.700500
2.325700
1.734500
1.596400
1.192900
1.125700
0.962980
0.699600
0.583160
0.570660
0.452380
0.403090
0.336700
0.233750
0.243610
0.206480
0.174190
0.151310
0.122030
0.107760
0.073066
0.076126
0.068236
0.052589
0.040917
0.039183
0.031850
0.025133
0.020475
0.018399
0.013855
0.011527
0.010186
0.007671
0.007122
0.012205
0.009787
0.004616
0.003075
0.001967
0.004375
0.003863
0.001815
0.001010
0.001950
0.001648
0.001455
0.000987
0.000996
0.001885
0.000557
0.000878
0.000527
0.000267
0.000265
0.000428
0.000173
0.000222
0.000134
0.000207
0.000008
0.000013
0.000213
0.000005
0.000009
0.000020
0.000062
0.000006
0.000070
0.000004
0.000006
0.000000
0.000000
0.000230
0.000000
0.000000
0.000011
0.000001
0.000000
0.000000
0.000000
0.000000
0.000001
0.000000
0.000000
0.000000
0.000000
0.000000
0.000000
0.000000
0.000023
0.000000
0.000000
0.000000
0.000000
0.000000
0.000000
0.000000
0.000000
0.000000
0.000000
0.000000
0.000000
0.000000
0.000000
0.000000
0.000000
0.000000
0.000000
0.000000
0.000000
0.000000
0.000000
0.000000
0.000000
0.000000
0.000000
0.000000
0.000000
0.000000
0.000000
0.000000
0.000000
0.000000
0.000000
0.000000
0.000000
0.000000
0.000000
0.000000
0.000000
0.000000
0.000000
0.000000
0.000000
0.000000
0.000000
0.000000
0.000000
0.000000
0.000000
0.000000
0.000000
0.000000
0.000000
0.000000
0.000000
0.000000
0.000000
0.000000
0.000000
0.000000
0.000000
0.000000
0.000000
0.000000
0.000000
0.000000
0.000000
0.000000
0.000000
0.000000
0.000000
0.000000
0.000000
0.000000
0.000000
0.000000
0.000000
0.000000
0.000000
0.000000
0.000000
0.000000
0.000000
0.000000
0.000000
0.000000
0.000000
0.000000
0.000000
0.000000
0.000000
0.000000
0.000000
0.000000
0.000000
0.000000
