49.189200
21.637800
978.280000
206.530000
102.530000
57.215000
40.339000
26.212000
19.759000
13.446000
10.832000
8.772000
6.322700
4.888700
4.027000
2.998500
2.477100
2.016000
1.558200
1.415400
1.151900
0.831590
0.764540
0.604790
0.447930
0.392590
0.325960
0.276460
0.221710
0.184230
0.159490
0.162510
0.100540
0.063306
0.072897
0.083338
0.050537
0.041511
0.038945
0.028996
0.026237
0.024607
0.028612
0.013746
0.012939
0.009634
0.009035
0.007231
0.004433
0.006732
0.003793
0.005199
0.002186
0.001383
0.001315
0.003239
0.000487
0.000947
0.001040
0.001911
0.000472
0.001240
0.000396
0.000328
0.000680
0.000039
0.000294
0.000451
0.000048
0.000180
0.000071
0.000008
0.000024
0.000050
0.000039
0.000072
0.000018
0.000488
0.000010
0.000016
0.000006
0.000000
0.000024
0.000000
0.000003
0.000013
0.000000
0.000000
0.000006
0.000012
0.000000
0.000000
0.000004
0.000000
0.000016
0.000000
0.000000
0.000000
0.000000
0.000001
0.000000
0.000000
0.000002
0.000002
0.000000
0.000000
0.000000
0.000000
0.000000
0.000000
0.000000
0.000000
0.000000
0.000000
0.000000
0.000000
0.000000
0.000000
0.000000
0.000000
0.000000
0.000000
0.000000
0.000000
0.000000
0.000000
0.000000
0.000000
0.000000
0.000000
0.000000
0.000000
0.000000
0.000000
0.000000
0.000000
0.000000
0.000000
0.000000
0.000000
0.000000
0.000000
0.000000
0.000000
0.000000
0.000000
0.000000
0.000000
0.000000
0.000000
0.000000
0.000000
0.000000
0.000000
0.000000
0.000000
0.000000
0.000000
0.000000
0.000000
0.000000
0.000000
0.000000
0.000000
0.000000
0.000000
0.000000
0.000000
0.000000
0.000000
0.000000
0.000000
0.000000
0.000000
0.000000
0.000000
0.000000
0.000000
0.000000
0.000000
0.000000
0.000000
0.000000
0.000000
0.000000
0.000000
0.000000
0.000000
0.000000
0.000000
0.000000
0.000000
0.000000
0.000000
0.000000
0.000000
0.000000
0.000000
0.000000
0.000000
0.000000
0.000000
