76.477200
13.108100
860.500000
168.280000
73.047000
37.501000
23.681000
16.224000
10.897000
8.533600
5.886200
4.388200
3.364900
2.632400
2.366600
1.691900
1.451200
1.270500
1.139200
0.859260
0.690560
0.607150
0.415220
0.396800
0.317950
0.227720
0.243800
0.156870
0.150110
0.174880
0.120420
0.111560
0.117610
0.061218
0.062925
0.056750
0.069611
0.065098
0.032153
0.040165
0.020728
0.025606
0.024839
0.019171
0.015311
0.014703
0.015416
0.004397
0.005972
0.006032
0.007347
0.003759
0.006235
0.002533
0.002252
0.002969
0.001496
0.000844
0.001178
0.001001
0.000092
0.001646
0.000686
0.000568
0.000172
0.000633
0.000116
0.000445
0.000346
0.000025
0.000004
0.000266
0.000258
0.000026
0.000251
0.000003
0.000052
0.000013
0.000006
0.000004
0.000000
0.000054
0.000005
0.000036
0.000033
0.000038
0.000002
0.000000
0.000015
0.000000
0.000002
0.000024
0.000000
0.000000
0.000000
0.000000
0.000004
0.000023
0.000000
0.000018
0.000000
0.000000
0.000000
0.000000
0.000000
0.000002
0.000000
0.000000
0.000000
0.000014
0.000000
0.000000
0.000000
0.000000
0.000000
0.000000
0.000000
0.000000
0.000000
0.000000
0.000000
0.000000
0.000001
0.000000
0.000000
0.000000
0.000000
0.000000
0.000000
0.000000
0.000000
0.000000
0.000000
0.000000
0.000000
0.000000
0.000000
0.000000
0.000000
0.000000
0.000000
0.000000
0.000000
0.000000
0.000000
0.000001
0.000000
0.000000
0.000000
0.000000
0.000000
0.000000
0.000000
0.000000
0.000000
0.000000
0.000000
0.000000
0.000000
0.000000
0.000000
0.000000
0.000000
0.000000
0.000000
0.000000
0.000000
0.000000
0.000000
0.000000
0.000000
0.000000
0.000000
0.000000
0.000000
0.000000
0.000000
0.000000
0.000000
0.000000
0.000000
0.000000
0.000000
0.000000
0.000000
0.000000
0.000000
0.000000
0.000000
0.000000
0.000000
0.000000
0.000000
0.000000
0.000000
0.000000
0.000000
0.000000
0.000000
0.000000
0.000000
0.000000
