81.019500
32.928700
810.590000
157.150000
63.567000
32.553000
18.447000
12.373000
7.480600
5.584400
3.753700
2.788700
2.263100
1.473600
1.159600
0.964420
0.675540
0.493820
0.354530
0.314970
0.220820
0.167720
0.160420
0.107450
0.088874
0.064713
0.056965
0.047590
0.037413
0.022291
0.026009
0.019711
0.016717
0.012530
0.013766
0.010262
0.004263
0.004897
0.005352
0.003068
0.001860
0.001729
0.000944
0.001809
0.000495
0.000537
0.000583
0.000287
0.000205
0.000545
0.000193
0.000461
0.000254
0.000256
0.000099
0.000014
0.000102
0.000014
0.000020
0.000021
0.000073
0.000068
0.000033
0.000034
0.000002
0.000003
0.000002
0.000003
0.000002
0.000002
0.000004
0.000000
0.000000
0.000000
0.000000
0.000001
0.000000
0.000000
0.000000
0.000000
0.000000
0.000000
0.000000
0.000000
0.000000
0.000000
0.000000
0.000000
0.000000
0.000000
0.000000
0.000000
0.000000
0.000000
0.000000
0.000000
0.000000
0.000000
0.000003
0.000000
0.000000
0.000000
0.000000
0.000000
0.000000
0.000000
0.000000
0.000000
0.000000
0.000000
0.000000
0.000000
0.000000
0.000000
0.000000
0.000000
0.000000
0.000000
0.000000
0.000000
0.000000
0.000000
0.000000
0.000000
0.000000
0.000000
0.000000
0.000000
0.000000
0.000000
0.000000
0.000000
0.000000
0.000000
0.000000
0.000000
0.000000
0.000000
0.000000
0.000000
0.000000
0.000000
0.000000
0.000000
0.000000
0.000000
0.000000
0.000000
0.000000
0.000000
0.000000
0.000000
0.000000
0.000000
0.000000
0.000000
0.000000
0.000000
0.000000
0.000000
0.000000
0.000000
0.000000
0.000000
0.000000
0.000000
0.000000
0.000000
0.000000
0.000000
0.000000
0.000000
0.000000
0.000000
0.000000
0.000000
0.000000
0.000000
0.000000
0.000000
0.000000
0.000000
0.000000
0.000000
0.000000
0.000000
0.000000
0.000000
0.000000
0.000000
0.000000
0.000000
0.000000
0.000000
0.000000
0.000000
0.000000
0.000000
0.000000
0.000000
0.000000
0.000000
