65.399600
25.335300
861.800000
181.630000
74.607000
44.384000
26.626000
18.912000
12.361000
9.520900
6.533200
4.684900
3.767100
2.622500
1.979100
1.754600
1.427000
1.046700
0.871790
0.659920
0.480570
0.440980
0.356240
0.330530
0.248610
0.146210
0.167950
0.110340
0.104910
0.102910
0.082835
0.065529
0.042850
0.041073
0.015187
0.025838
0.016817
0.013456
0.016525
0.010675
0.008524
0.014262
0.004635
0.004975
0.002660
0.004414
0.002786
0.002938
0.002314
0.000441
0.003177
0.000629
0.000896
0.000898
0.001021
0.000698
0.000036
0.000477
0.000247
0.000177
0.000170
0.000228
0.000151
0.000093
0.000155
0.000023
0.000045
0.000044
0.000015
0.000078
0.000004
0.000045
0.000044
0.000009
0.000007
0.000013
0.000029
0.000012
0.000011
0.000012
0.000001
0.000000
0.000003
0.000004
0.000000
0.000007
0.000000
0.000000
0.000004
0.000000
0.000000
0.000000
0.000000
0.000000
0.000000
0.000000
0.000000
0.000000
0.000000
0.000000
0.000000
0.000000
0.000000
0.000000
0.000000
0.000000
0.000000
0.000000
0.000000
0.000000
0.000000
0.000000
0.000000
0.000000
0.000000
0.000000
0.000000
0.000000
0.000000
0.000000
0.000000
0.000000
0.000000
0.000000
0.000000
0.000000
0.000000
0.000000
0.000000
0.000000
0.000000
0.000000
0.000000
0.000000
0.000000
0.000000
0.000000
0.000000
0.000000
0.000000
0.000000
0.000000
0.000000
0.000000
0.000000
0.000000
0.000000
0.000000
0.000000
0.000000
0.000000
0.000000
0.000000
0.000000
0.000000
0.000000
0.000000
0.000000
0.000000
0.000000
0.000000
0.000000
0.000000
0.000000
0.000000
0.000000
0.000000
0.000000
0.000000
0.000000
0.000000
0.000000
0.000000
0.000000
0.000000
0.000000
0.000000
0.000000
0.000000
0.000000
0.000000
0.000000
0.000000
0.000000
0.000000
0.000000
0.000000
0.000000
0.000000
0.000000
0.000000
0.000000
0.000000
0.000000
0.000000
0.000000
0.000000
0.000000
0.000000
0.000000
0.000000
0.000000
