45.001300
23.273500
1015.900000
219.160000
104.950000
60.910000
43.145000
27.697000
21.642000
15.592000
11.916000
9.464000
7.210500
5.389500
4.558200
3.357600
2.703000
2.265300
1.697600
1.278500
1.224200
0.894580
0.800690
0.545780
0.504680
0.440940
0.357590
0.339290
0.291230
0.200890
0.171010
0.163700
0.120970
0.108480
0.082199
0.059217
0.062743
0.057174
0.033829
0.037089
0.024669
0.016524
0.018455
0.010213
0.009288
0.012507
0.008241
0.005843
0.005266
0.003122
0.003399
0.005721
0.001913
0.001769
0.001487
0.003007
0.001361
0.001626
0.000690
0.001271
0.000459
0.000703
0.000202
0.000789
0.000307
0.000503
0.000101
0.000068
0.000029
0.000133
0.000016
0.000103
0.000020
0.000273
0.000018
0.000261
0.000018
0.000042
0.000008
0.000000
0.000004
0.000002
0.000008
0.000024
0.000001
0.000008
0.000135
0.000005
0.000016
0.000000
0.000000
0.000000
0.000000
0.000003
0.000000
0.000000
0.000000
0.000000
0.000000
0.000000
0.000008
0.000000
0.000000
0.000000
0.000000
0.000000
0.000000
0.000000
0.000000
0.000000
0.000000
0.000000
0.000000
0.000000
0.000000
0.000000
0.000000
0.000000
0.000000
0.000000
0.000000
0.000000
0.000000
0.000000
0.000000
0.000000
0.000000
0.000000
0.000000
0.000000
0.000000
0.000000
0.000000
0.000000
0.000000
0.000000
0.000000
0.000000
0.000000
0.000000
0.000000
0.000000
0.000000
0.000000
0.000000
0.000000
0.000000
0.000000
0.000000
0.000000
0.000000
0.000000
0.000000
0.000000
0.000000
0.000000
0.000000
0.000000
0.000000
0.000000
0.000000
0.000000
0.000000
0.000000
0.000000
0.000000
0.000000
0.000000
0.000000
0.000000
0.000000
0.000000
0.000000
0.000000
0.000000
0.000000
0.000000
0.000000
0.000000
0.000000
0.000000
0.000000
0.000000
0.000000
0.000000
0.000000
0.000000
0.000000
0.000000
0.000000
0.000000
0.000000
0.000000
0.000000
0.000000
0.000000
0.000000
0.000000
0.000000
0.000000
0.000000
0.000000
