40.700400
18.623600
994.980000
243.720000
112.630000
68.987000
45.672000
31.737000
24.785000
18.190000
13.442000
11.126000
8.011800
6.853900
5.734200
4.408800
3.847700
2.807100
2.425700
2.023700
1.681000
1.467000
1.188400
1.091500
0.957030
0.620520
0.430840
0.483300
0.395070
0.279410
0.308920
0.193820
0.191960
0.138970
0.129260
0.095007
0.081415
0.076262
0.069648
0.068283
0.038718
0.026833
0.044000
0.019503
0.017803
0.022527
0.023352
0.014958
0.010571
0.016984
0.006084
0.007818
0.008950
0.005218
0.002848
0.004994
0.007697
0.005207
0.002695
0.001791
0.002209
0.000504
0.001594
0.002157
0.001344
0.001685
0.000599
0.000773
0.000356
0.000498
0.000015
0.000093
0.000124
0.000061
0.000293
0.000083
0.000172
0.000025
0.000000
0.000012
0.000110
0.000005
0.000009
0.000002
0.000003
0.000007
0.000006
0.000015
0.000009
0.000002
0.000002
0.000010
0.000001
0.000000
0.000000
0.000000
0.000000
0.000000
0.000000
0.000000
0.000004
0.000000
0.000000
0.000000
0.000000
0.000000
0.000000
0.000000
0.000000
0.000002
0.000000
0.000001
0.000000
0.000000
0.000000
0.000000
0.000000
0.000000
0.000000
0.000000
0.000000
0.000000
0.000000
0.000000
0.000000
0.000000
0.000000
0.000000
0.000000
0.000000
0.000000
0.000000
0.000000
0.000000
0.000000
0.000000
0.000000
0.000000
0.000000
0.000000
0.000000
0.000000
0.000000
0.000000
0.000000
0.000000
0.000000
0.000000
0.000000
0.000000
0.000000
0.000000
0.000000
0.000000
0.000000
0.000000
0.000000
0.000000
0.000000
0.000000
0.000000
0.000000
0.000000
0.000000
0.000000
0.000000
0.000000
0.000000
0.000000
0.000000
0.000000
0.000000
0.000000
0.000000
0.000000
0.000000
0.000000
0.000000
0.000000
0.000000
0.000000
0.000000
0.000000
0.000000
0.000000
0.000000
0.000000
0.000000
0.000000
0.000000
0.000000
0.000000
0.000000
0.000000
0.000000
0.000000
0.000000
0.000000
0.000000
0.000000
0.000000
0.000000
