50.507000
35.916800
959.220000
213.180000
99.876000
59.844000
33.626000
23.880000
16.306000
12.485000
8.622900
6.306600
4.865300
3.943800
2.775100
2.485700
1.763500
1.323700
0.980380
0.794130
0.725630
0.451920
0.344390
0.315870
0.238050
0.185250
0.162080
0.114380
0.106590
0.081495
0.053864
0.054146
0.038098
0.033527
0.025893
0.014340
0.015033
0.008998
0.011487
0.006362
0.006684
0.004293
0.003108
0.002436
0.002054
0.002420
0.001731
0.000985
0.001280
0.000431
0.000483
0.000466
0.001264
0.000363
0.000308
0.000196
0.000125
0.000072
0.000341
0.000055
0.000067
0.000054
0.000071
0.000051
0.000110
0.000016
0.000055
0.000024
0.000007
0.000000
0.000037
0.000006
0.000002
0.000000
0.000001
0.000000
0.000009
0.000000
0.000000
0.000000
0.000000
0.000000
0.000002
0.000000
0.000000
0.000000
0.000000
0.000000
0.000000
0.000000
0.000000
0.000000
0.000000
0.000000
0.000000
0.000000
0.000000
0.000000
0.000000
0.000000
0.000000
0.000000
0.000000
0.000000
0.000000
0.000000
0.000000
0.000000
0.000000
0.000000
0.000000
0.000000
0.000000
0.000000
0.000000
0.000000
0.000000
0.000000
0.000000
0.000000
0.000000
0.000000
0.000000
0.000000
0.000000
0.000000
0.000000
0.000000
0.000000
0.000000
0.000000
0.000000
0.000000
0.000000
0.000000
0.000000
0.000000
0.000000
0.000000
0.000000
0.000000
0.000000
0.000000
0.000000
0.000000
0.000000
0.000000
0.000000
0.000000
0.000000
0.000000
0.000000
0.000000
0.000000
0.000000
0.000000
0.000000
0.000000
0.000000
0.000000
0.000000
0.000000
0.000000
0.000000
0.000000
0.000000
0.000000
0.000000
0.000000
0.000000
0.000000
0.000000
0.000000
0.000000
0.000000
0.000000
0.000000
0.000000
0.000000
0.000000
0.000000
0.000000
0.000000
0.000000
0.000000
0.000000
0.000000
0.000000
0.000000
0.000000
0.000000
0.000000
0.000000
0.000000
0.000000
0.000000
0.000000
0.000000
0.000000
0.000000
0.000000
0.000000
