45.807800
56.885900
989.570000
227.560000
101.690000
59.935000
37.184000
24.428000
16.495000
10.737000
8.639600
6.356800
4.469300
3.273200
2.506200
1.961800
1.398400
1.216000
0.842940
0.645360
0.580450
0.369880
0.227810
0.206680
0.173310
0.123730
0.100090
0.074003
0.060477
0.049033
0.036146
0.026482
0.016619
0.015162
0.015835
0.006801
0.004964
0.004295
0.006115
0.003711
0.002487
0.002224
0.001589
0.000928
0.000607
0.000886
0.000751
0.000253
0.000160
0.000132
0.000091
0.000077
0.000016
0.000056
0.000005
0.000023
0.000033
0.000010
0.000014
0.000013
0.000000
0.000004
0.000002
0.000000
0.000000
0.000016
0.000003
0.000000
0.000000
0.000000
0.000000
0.000000
0.000000
0.000000
0.000000
0.000000
0.000000
0.000000
0.000000
0.000000
0.000000
0.000000
0.000000
0.000000
0.000000
0.000000
0.000000
0.000000
0.000000
0.000000
0.000000
0.000000
0.000000
0.000000
0.000000
0.000000
0.000000
0.000000
0.000000
0.000000
0.000000
0.000000
0.000000
0.000000
0.000000
0.000000
0.000000
0.000000
0.000000
0.000000
0.000000
0.000000
0.000000
0.000000
0.000000
0.000000
0.000000
0.000000
0.000000
0.000000
0.000000
0.000000
0.000000
0.000000
0.000000
0.000000
0.000000
0.000000
0.000000
0.000000
0.000000
0.000000
0.000000
0.000000
0.000000
0.000000
0.000000
0.000000
0.000000
0.000000
0.000000
0.000000
0.000000
0.000000
0.000000
0.000000
0.000000
0.000000
0.000000
0.000000
0.000000
0.000000
0.000000
0.000000
0.000000
0.000000
0.000000
0.000000
0.000000
0.000000
0.000000
0.000000
0.000000
0.000000
0.000000
0.000000
0.000000
0.000000
0.000000
0.000000
0.000000
0.000000
0.000000
0.000000
0.000000
0.000000
0.000000
0.000000
0.000000
0.000000
0.000000
0.000000
0.000000
0.000000
0.000000
0.000000
0.000000
0.000000
0.000000
0.000000
0.000000
0.000000
0.000000
0.000000
0.000000
0.000000
0.000000
0.000000
0.000000
0.000000
0.000000
0.000000
