57.468900
34.414600
917.710000
198.840000
84.910000
49.590000
31.701000
19.584000
14.937000
10.497000
6.814700
5.173900
4.245200
2.818400
2.687800
1.739500
1.282300
1.030000
0.859390
0.500900
0.524260
0.365000
0.322580
0.257590
0.182070
0.152350
0.125590
0.116950
0.086654
0.065269
0.049052
0.031563
0.035416
0.023293
0.015374
0.016174
0.013458
0.013055
0.011847
0.008529
0.006090
0.004377
0.003008
0.003524
0.001844
0.002784
0.000732
0.000680
0.000481
0.000633
0.000382
0.000992
0.000679
0.000587
0.000405
0.000111
0.000065
0.000742
0.000236
0.000008
0.000076
0.000005
0.000013
0.000021
0.000058
0.000009
0.000000
0.000015
0.000002
0.000006
0.000004
0.000003
0.000002
0.000002
0.000000
0.000000
0.000015
0.000000
0.000000
0.000000
0.000000
0.000000
0.000001
0.000000
0.000000
0.000000
0.000000
0.000000
0.000000
0.000001
0.000000
0.000000
0.000000
0.000000
0.000000
0.000000
0.000000
0.000000
0.000000
0.000000
0.000000
0.000000
0.000000
0.000000
0.000000
0.000000
0.000000
0.000000
0.000000
0.000000
0.000000
0.000000
0.000000
0.000000
0.000000
0.000000
0.000000
0.000000
0.000000
0.000000
0.000000
0.000000
0.000000
0.000000
0.000000
0.000000
0.000000
0.000000
0.000000
0.000000
0.000000
0.000000
0.000000
0.000000
0.000000
0.000000
0.000000
0.000000
0.000000
0.000000
0.000000
0.000000
0.000000
0.000000
0.000000
0.000000
0.000000
0.000000
0.000000
0.000000
0.000000
0.000000
0.000000
0.000000
0.000000
0.000000
0.000000
0.000000
0.000000
0.000000
0.000000
0.000000
0.000000
0.000000
0.000000
0.000000
0.000000
0.000000
0.000000
0.000000
0.000000
0.000000
0.000000
0.000000
0.000000
0.000000
0.000000
0.000000
0.000000
0.000000
0.000000
0.000000
0.000000
0.000000
0.000000
0.000000
0.000000
0.000000
0.000000
0.000000
0.000000
0.000000
0.000000
0.000000
0.000000
0.000000
0.000000
0.000000
0.000000
0.000000
0.000000
0.000000
