88.832100
13.076800
830.020000
144.160000
59.665000
29.905000
19.694000
11.447000
7.826300
5.831800
4.096100
3.114700
2.204200
1.649500
1.403500
1.202400
0.934070
0.781390
0.687680
0.553330
0.441050
0.363940
0.317710
0.314300
0.252860
0.237610
0.195220
0.132880
0.083538
0.127380
0.071031
0.085657
0.067435
0.059873
0.043664
0.044349
0.031039
0.026415
0.035452
0.019789
0.017006
0.022225
0.009481
0.007295
0.013209
0.004873
0.005238
0.004888
0.002993
0.005148
0.001987
0.003075
0.000859
0.001362
0.001720
0.000731
0.000589
0.000654
0.000695
0.002451
0.000661
0.001561
0.000500
0.000445
0.000268
0.000358
0.000011
0.000098
0.000140
0.000472
0.000288
0.000743
0.000229
0.000041
0.000025
0.000005
0.000000
0.000022
0.000281
0.000174
0.000026
0.000003
0.000080
0.000021
0.000005
0.000001
0.000000
0.000000
0.000005
0.000000
0.000002
0.000000
0.000000
0.000000
0.000086
0.000000
0.000000
0.000000
0.000001
0.000002
0.000000
0.000000
0.000000
0.000000
0.000000
0.000000
0.000000
0.000000
0.000000
0.000000
0.000000
0.000000
0.000000
0.000000
0.000000
0.000000
0.000000
0.000000
0.000000
0.000000
0.000000
0.000000
0.000000
0.000000
0.000000
0.000000
0.000000
0.000000
0.000000
0.000000
0.000000
0.000000
0.000000
0.000000
0.000000
0.000000
0.000000
0.000000
0.000000
0.000000
0.000000
0.000000
0.000000
0.000000
0.000000
0.000000
0.000000
0.000000
0.000000
0.000000
0.000000
0.000000
0.000000
0.000000
0.000000
0.000000
0.000000
0.000000
0.000000
0.000000
0.000000
0.000000
0.000000
0.000000
0.000000
0.000000
0.000000
0.000000
0.000000
0.000000
0.000000
0.000000
0.000000
0.000000
0.000000
0.000000
0.000000
0.000000
0.000000
0.000000
0.000000
0.000000
0.000000
0.000000
0.000000
0.000000
0.000000
0.000000
0.000000
0.000000
0.000000
0.000000
0.000000
0.000000
0.000000
0.000000
0.000000
0.000000
0.000000
0.000000
0.000000
0.000000
