72.279700
53.342900
852.770000
166.360000
67.025000
35.896000
21.929000
13.997000
9.586500
6.417500
4.272100
2.909900
2.143500
1.497700
1.115400
0.727220
0.521360
0.374210
0.271510
0.230990
0.149500
0.119540
0.079509
0.060021
0.062328
0.030820
0.023858
0.032100
0.014349
0.014407
0.005695
0.004631
0.004904
0.004266
0.002239
0.002126
0.002092
0.001599
0.000987
0.001172
0.000621
0.000601
0.001576
0.000142
0.000116
0.000145
0.000203
0.000055
0.000044
0.000063
0.000030
0.000024
0.000005
0.000028
0.000028
0.000000
0.000000
0.000006
0.000009
0.000002
0.000002
0.000006
0.000004
0.000000
0.000000
0.000000
0.000000
0.000000
0.000000
0.000000
0.000000
0.000000
0.000000
0.000008
0.000000
0.000000
0.000000
0.000000
0.000000
0.000000
0.000000
0.000000
0.000000
0.000000
0.000000
0.000000
0.000000
0.000000
0.000000
0.000000
0.000000
0.000000
0.000000
0.000000
0.000000
0.000000
0.000000
0.000000
0.000000
0.000000
0.000000
0.000000
0.000000
0.000000
0.000000
0.000000
0.000000
0.000000
0.000000
0.000000
0.000000
0.000000
0.000000
0.000000
0.000000
0.000000
0.000000
0.000000
0.000000
0.000000
0.000000
0.000000
0.000000
0.000000
0.000000
0.000000
0.000000
0.000000
0.000000
0.000000
0.000000
0.000000
0.000000
0.000000
0.000000
0.000000
0.000000
0.000000
0.000000
0.000000
0.000000
0.000000
0.000000
0.000000
0.000000
0.000000
0.000000
0.000000
0.000000
0.000000
0.000000
0.000000
0.000000
0.000000
0.000000
0.000000
0.000000
0.000000
0.000000
0.000000
0.000000
0.000000
0.000000
0.000000
0.000000
0.000000
0.000000
0.000000
0.000000
0.000000
0.000000
0.000000
0.000000
0.000000
0.000000
0.000000
0.000000
0.000000
0.000000
0.000000
0.000000
0.000000
0.000000
0.000000
0.000000
0.000000
0.000000
0.000000
0.000000
0.000000
0.000000
0.000000
0.000000
0.000000
0.000000
0.000000
0.000000
0.000000
0.000000
0.000000
0.000000
0.000000
