45.492900
18.195400
982.410000
222.060000
97.868000
61.707000
42.368000
27.814000
22.515000
15.700000
12.071000
8.962900
7.336000
6.038800
4.822200
3.816700
3.204800
2.675400
2.105500
1.765500
1.309600
1.208500
1.048200
0.818710
0.714730
0.556410
0.560960
0.415300
0.331170
0.324500
0.247010
0.165140
0.170800
0.126610
0.113080
0.084559
0.089532
0.067351
0.091346
0.046572
0.052645
0.029651
0.039315
0.032228
0.017518
0.018131
0.017063
0.022756
0.009159
0.013054
0.007206
0.004989
0.003820
0.006336
0.004552
0.004727
0.002151
0.001836
0.000640
0.002873
0.002293
0.002606
0.000550
0.001000
0.000496
0.000166
0.000611
0.000461
0.000216
0.000484
0.000048
0.000254
0.000130
0.000071
0.000037
0.000311
0.000189
0.000147
0.000094
0.000011
0.000081
0.000176
0.000003
0.000003
0.000022
0.000010
0.000000
0.000062
0.000002
0.000002
0.000005
0.000000
0.000001
0.000000
0.000078
0.000000
0.000054
0.000000
0.000016
0.000000
0.000000
0.000001
0.000004
0.000000
0.000002
0.000000
0.000000
0.000000
0.000000
0.000000
0.000000
0.000000
0.000000
0.000000
0.000003
0.000000
0.000000
0.000000
0.000000
0.000000
0.000000
0.000000
0.000000
0.000000
0.000000
0.000000
0.000000
0.000000
0.000000
0.000000
0.000001
0.000000
0.000000
0.000000
0.000000
0.000000
0.000000
0.000000
0.000000
0.000000
0.000000
0.000000
0.000000
0.000000
0.000000
0.000000
0.000000
0.000000
0.000000
0.000000
0.000000
0.000000
0.000000
0.000000
0.000000
0.000000
0.000000
0.000000
0.000000
0.000000
0.000000
0.000000
0.000000
0.000000
0.000000
0.000000
0.000000
0.000000
0.000000
0.000000
0.000000
0.000000
0.000000
0.000000
0.000000
0.000000
0.000000
0.000000
0.000000
0.000000
0.000000
0.000000
0.000000
0.000000
0.000000
0.000000
0.000000
0.000000
0.000000
0.000000
0.000000
0.000000
0.000000
0.000000
0.000000
0.000000
0.000000
0.000000
0.000000
0.000000
0.000000
0.000000
