71.126200
10.439000
847.730000
183.720000
74.906000
44.131000
28.309000
18.761000
12.457000
9.972700
6.769800
5.457800
3.987600
3.235300
3.138500
2.211300
1.990200
1.545700
1.492900
1.094100
0.973690
0.827360
0.696230
0.502540
0.434290
0.449910
0.340260
0.340930
0.220250
0.233420
0.216400
0.158250
0.130210
0.154300
0.094286
0.076994
0.052754
0.043786
0.051203
0.056029
0.044368
0.047540
0.022924
0.020712
0.019708
0.011098
0.022208
0.010780
0.017434
0.008339
0.008524
0.005353
0.006566
0.005701
0.003873
0.010204
0.002211
0.004546
0.000774
0.002908
0.001493
0.001002
0.002957
0.001590
0.001274
0.000701
0.000239
0.000424
0.000036
0.000562
0.000781
0.000371
0.000108
0.000309
0.000362
0.000023
0.000278
0.000194
0.000244
0.000135
0.000032
0.000055
0.000232
0.000194
0.000314
0.000017
0.000049
0.000015
0.000039
0.000010
0.000006
0.000004
0.000000
0.000000
0.000000
0.000001
0.000033
0.000000
0.000000
0.000000
0.000000
0.000002
0.000000
0.000000
0.000000
0.000000
0.000000
0.000002
0.000000
0.000000
0.000000
0.000000
0.000000
0.000000
0.000000
0.000000
0.000000
0.000000
0.000000
0.000000
0.000000
0.000000
0.000000
0.000000
0.000000
0.000000
0.000000
0.000000
0.000000
0.000000
0.000000
0.000000
0.000000
0.000000
0.000000
0.000000
0.000000
0.000000
0.000000
0.000000
0.000000
0.000000
0.000000
0.000000
0.000000
0.000000
0.000000
0.000000
0.000000
0.000000
0.000000
0.000000
0.000000
0.000000
0.000000
0.000000
0.000000
0.000000
0.000000
0.000000
0.000000
0.000000
0.000000
0.000000
0.000000
0.000000
0.000000
0.000000
0.000000
0.000000
0.000000
0.000000
0.000000
0.000000
0.000000
0.000000
0.000000
0.000000
0.000000
0.000000
0.000000
0.000000
0.000000
0.000000
0.000000
0.000000
0.000000
0.000000
0.000000
0.000000
0.000000
0.000000
0.000000
0.000000
0.000000
0.000000
0.000000
0.000000
0.000000
0.000000
0.000000
0.000000
