45.120500
43.356200
912.180000
223.750000
99.226000
58.588000
39.286000
28.620000
18.430000
12.802000
9.528200
7.141500
5.439300
3.796700
3.281900
2.423500
1.774000
1.381500
1.010700
0.680780
0.698930
0.537290
0.411980
0.306490
0.235040
0.205040
0.159620
0.110600
0.100790
0.071096
0.055189
0.039081
0.036728
0.027592
0.019911
0.016926
0.012649
0.010964
0.012550
0.006804
0.002904
0.002948
0.003652
0.002576
0.001954
0.001836
0.002197
0.001557
0.000559
0.000270
0.000324
0.000299
0.000179
0.000445
0.000145
0.000228
0.000110
0.000030
0.000020
0.000024
0.000105
0.000017
0.000012
0.000002
0.000019
0.000010
0.000003
0.000015
0.000002
0.000000
0.000000
0.000011
0.000010
0.000005
0.000000
0.000002
0.000000
0.000000
0.000000
0.000000
0.000000
0.000000
0.000000
0.000000
0.000000
0.000000
0.000000
0.000000
0.000000
0.000000
0.000000
0.000000
0.000000
0.000000
0.000000
0.000000
0.000000
0.000000
0.000000
0.000000
0.000000
0.000000
0.000000
0.000000
0.000000
0.000000
0.000000
0.000000
0.000000
0.000000
0.000000
0.000000
0.000000
0.000000
0.000000
0.000000
0.000000
0.000000
0.000000
0.000000
0.000000
0.000000
0.000000
0.000000
0.000000
0.000000
0.000000
0.000000
0.000000
0.000000
0.000000
0.000000
0.000000
0.000000
0.000000
0.000000
0.000000
0.000000
0.000000
0.000000
0.000000
0.000000
0.000000
0.000000
0.000000
0.000000
0.000000
0.000000
0.000000
0.000000
0.000000
0.000000
0.000000
0.000000
0.000000
0.000000
0.000000
0.000000
0.000000
0.000000
0.000000
0.000000
0.000000
0.000000
0.000000
0.000000
0.000000
0.000000
0.000000
0.000000
0.000000
0.000000
0.000000
0.000000
0.000000
0.000000
0.000000
0.000000
0.000000
0.000000
0.000000
0.000000
0.000000
0.000000
0.000000
0.000000
0.000000
0.000000
0.000000
0.000000
0.000000
0.000000
0.000000
0.000000
0.000000
0.000000
0.000000
0.000000
0.000000
0.000000
0.000000
0.000000
