55.316300
56.723500
902.970000
183.080000
83.085000
47.916000
30.456000
19.756000
13.587000
9.185700
7.201400
4.896900
3.511900
2.648100
1.888400
1.287300
0.977120
0.789830
0.567980
0.397160
0.247670
0.210930
0.151390
0.138740
0.093765
0.065788
0.059674
0.043677
0.025467
0.027198
0.018994
0.014209
0.009732
0.007414
0.007401
0.005293
0.002626
0.002603
0.001143
0.001625
0.001718
0.001817
0.001569
0.000716
0.000545
0.000111
0.000192
0.000075
0.000720
0.000098
0.000099
0.000125
0.000029
0.000032
0.001036
0.000011
0.000012
0.000020
0.000009
0.000003
0.000010
0.000035
0.000009
0.000004
0.000000
0.000081
0.000000
0.000000
0.000000
0.000000
0.000000
0.000000
0.000000
0.000000
0.000000
0.000000
0.000000
0.000000
0.000000
0.000000
0.000000
0.000000
0.000000
0.000000
0.000000
0.000000
0.000000
0.000000
0.000000
0.000000
0.000000
0.000000
0.000000
0.000000
0.000000
0.000000
0.000000
0.000000
0.000000
0.000000
0.000000
0.000000
0.000000
0.000000
0.000000
0.000000
0.000000
0.000000
0.000000
0.000000
0.000000
0.000000
0.000000
0.000000
0.000000
0.000000
0.000000
0.000000
0.000000
0.000000
0.000000
0.000000
0.000000
0.000000
0.000000
0.000000
0.000000
0.000000
0.000000
0.000000
0.000000
0.000000
0.000000
0.000000
0.000000
0.000000
0.000000
0.000000
0.000000
0.000000
0.000000
0.000000
0.000000
0.000000
0.000000
0.000000
0.000000
0.000000
0.000000
0.000000
0.000000
0.000000
0.000000
0.000000
0.000000
0.000000
0.000000
0.000000
0.000000
0.000000
0.000000
0.000000
0.000000
0.000000
0.000000
0.000000
0.000000
0.000000
0.000000
0.000000
0.000000
0.000000
0.000000
0.000000
0.000000
0.000000
0.000000
0.000000
0.000000
0.000000
0.000000
0.000000
0.000000
0.000000
0.000000
0.000000
0.000000
0.000000
0.000000
0.000000
0.000000
0.000000
0.000000
0.000000
0.000000
0.000000
0.000000
0.000000
0.000000
0.000000
0.000000
0.000000
