52.964500
32.906300
977.870000
217.190000
91.918000
53.409000
34.943000
23.585000
16.058000
11.282000
7.564500
6.161800
5.098400
3.680400
2.599400
2.249800
1.593900
1.315200
1.083600
0.731340
0.593830
0.515290
0.401960
0.301820
0.260680
0.231020
0.148070
0.122030
0.097323
0.076918
0.057311
0.050834
0.042465
0.047138
0.034804
0.020032
0.022574
0.011626
0.013714
0.008084
0.010664
0.005399
0.003694
0.004641
0.004103
0.001791
0.001766
0.000978
0.001746
0.000952
0.000950
0.000987
0.000718
0.000540
0.000333
0.000133
0.000382
0.000147
0.000389
0.000040
0.000137
0.000335
0.000100
0.000148
0.000009
0.000043
0.000091
0.000022
0.000005
0.000020
0.000001
0.000001
0.000000
0.000009
0.000000
0.000008
0.000001
0.000002
0.000000
0.000000
0.000000
0.000000
0.000001
0.000000
0.000000
0.000000
0.000000
0.000000
0.000000
0.000000
0.000000
0.000000
0.000000
0.000001
0.000000
0.000000
0.000000
0.000000
0.000000
0.000000
0.000000
0.000000
0.000000
0.000000
0.000000
0.000000
0.000000
0.000000
0.000000
0.000000
0.000000
0.000000
0.000000
0.000000
0.000000
0.000000
0.000000
0.000000
0.000000
0.000000
0.000000
0.000000
0.000000
0.000000
0.000000
0.000000
0.000000
0.000000
0.000000
0.000000
0.000000
0.000000
0.000000
0.000000
0.000000
0.000000
0.000000
0.000000
0.000000
0.000000
0.000000
0.000000
0.000000
0.000000
0.000000
0.000000
0.000000
0.000000
0.000000
0.000000
0.000000
0.000000
0.000000
0.000000
0.000000
0.000000
0.000000
0.000000
0.000000
0.000000
0.000000
0.000000
0.000000
0.000000
0.000000
0.000000
0.000000
0.000000
0.000000
0.000000
0.000000
0.000000
0.000000
0.000000
0.000000
0.000000
0.000000
0.000000
0.000000
0.000000
0.000000
0.000000
0.000000
0.000000
0.000000
0.000000
0.000000
0.000000
0.000000
0.000000
0.000000
0.000000
0.000000
0.000000
0.000000
0.000000
0.000000
0.000000
0.000000
0.000000
0.000000
0.000000
