46.926700
57.800500
948.090000
216.630000
98.147000
57.297000
34.295000
25.436000
16.782000
10.907000
8.957900
6.146000
4.491700
3.291900
2.462600
1.743800
1.395500
0.947190
0.752790
0.614780
0.375490
0.311720
0.308090
0.244770
0.135670
0.109850
0.072559
0.067334
0.042545
0.037831
0.026753
0.034177
0.021425
0.015111
0.014636
0.008436
0.005992
0.005056
0.002716
0.002899
0.002265
0.001696
0.002659
0.000756
0.000476
0.000423
0.000187
0.000237
0.000143
0.000408
0.000079
0.000076
0.000053
0.000012
0.000020
0.000011
0.000019
0.000035
0.000050
0.000009
0.000016
0.000000
0.000010
0.000011
0.000125
0.000000
0.000003
0.000000
0.000000
0.000000
0.000000
0.000000
0.000000
0.000000
0.000000
0.000000
0.000000
0.000000
0.000000
0.000000
0.000000
0.000000
0.000000
0.000000
0.000000
0.000000
0.000000
0.000000
0.000000
0.000000
0.000000
0.000000
0.000000
0.000000
0.000000
0.000000
0.000000
0.000000
0.000000
0.000000
0.000000
0.000000
0.000000
0.000000
0.000000
0.000000
0.000000
0.000000
0.000000
0.000000
0.000000
0.000000
0.000000
0.000000
0.000000
0.000000
0.000000
0.000000
0.000000
0.000000
0.000000
0.000000
0.000000
0.000000
0.000000
0.000000
0.000000
0.000000
0.000000
0.000000
0.000000
0.000000
0.000000
0.000000
0.000000
0.000000
0.000000
0.000000
0.000000
0.000000
0.000000
0.000000
0.000000
0.000000
0.000000
0.000000
0.000000
0.000000
0.000000
0.000000
0.000000
0.000000
0.000000
0.000000
0.000000
0.000000
0.000000
0.000000
0.000000
0.000000
0.000000
0.000000
0.000000
0.000000
0.000000
0.000000
0.000000
0.000000
0.000000
0.000000
0.000000
0.000000
0.000000
0.000000
0.000000
0.000000
0.000000
0.000000
0.000000
0.000000
0.000000
0.000000
0.000000
0.000000
0.000000
0.000000
0.000000
0.000000
0.000000
0.000000
0.000000
0.000000
0.000000
0.000000
0.000000
0.000000
0.000000
0.000000
0.000000
0.000000
0.000000
0.000000
