52.907400
18.994100
928.690000
208.350000
99.756000
51.959000
37.673000
25.842000
17.137000
12.737000
10.234000
7.070500
5.889600
4.241600
3.776700
2.921200
2.269400
1.990300
1.699300
1.293600
1.071000
0.802970
0.722060
0.585060
0.494530
0.462360
0.280170
0.272960
0.253250
0.237380
0.194950
0.128160
0.099493
0.112350
0.086039
0.063888
0.076527
0.065044
0.044960
0.031170
0.031743
0.023687
0.023927
0.025328
0.009083
0.011940
0.011818
0.010149
0.004931
0.007092
0.003018
0.006931
0.004416
0.003142
0.001370
0.000666
0.001646
0.001421
0.001320
0.001393
0.000448
0.000760
0.000873
0.000228
0.000952
0.001330
0.000562
0.000600
0.000113
0.000244
0.000941
0.000428
0.000343
0.000130
0.000119
0.000044
0.000056
0.000001
0.000019
0.000026
0.000188
0.000103
0.000018
0.000005
0.000021
0.000012
0.000001
0.000009
0.000005
0.000009
0.000000
0.000004
0.000000
0.000000
0.000012
0.000000
0.000004
0.000000
0.000000
0.000000
0.000000
0.000000
0.000000
0.000000
0.000000
0.000000
0.000004
0.000000
0.000000
0.000000
0.000000
0.000000
0.000000
0.000000
0.000000
0.000000
0.000000
0.000000
0.000002
0.000000
0.000000
0.000000
0.000000
0.000000
0.000000
0.000000
0.000000
0.000000
0.000000
0.000000
0.000000
0.000000
0.000000
0.000000
0.000000
0.000000
0.000000
0.000000
0.000000
0.000000
0.000000
0.000000
0.000000
0.000000
0.000000
0.000000
0.000000
0.000000
0.000000
0.000000
0.000000
0.000000
0.000000
0.000000
0.000000
0.000000
0.000000
0.000000
0.000000
0.000000
0.000000
0.000000
0.000000
0.000000
0.000000
0.000000
0.000000
0.000000
0.000000
0.000000
0.000000
0.000000
0.000000
0.000000
0.000000
0.000000
0.000000
0.000000
0.000000
0.000000
0.000000
0.000000
0.000000
0.000000
0.000000
0.000000
0.000000
0.000000
0.000000
0.000000
0.000000
0.000000
0.000000
0.000000
0.000000
0.000000
0.000000
0.000000
0.000000
0.000000
0.000000
0.000000
