48.663900
44.184400
931.310000
223.640000
98.836000
60.066000
35.740000
24.003000
16.565000
13.476000
9.034100
6.245700
4.911700
3.311600
2.718900
1.802500
1.553800
1.215000
0.831210
0.684780
0.540360
0.367450
0.357450
0.277760
0.179050
0.138620
0.134280
0.087237
0.072336
0.047829
0.054249
0.029417
0.024004
0.028327
0.022316
0.012002
0.008240
0.008175
0.006784
0.004618
0.005877
0.004335
0.002421
0.000899
0.001764
0.000748
0.000779
0.000455
0.000508
0.000308
0.000111
0.000155
0.000197
0.000147
0.000195
0.000057
0.000111
0.000021
0.000020
0.000037
0.000060
0.000024
0.000028
0.000062
0.000003
0.000003
0.000002
0.000000
0.000012
0.000001
0.000033
0.000006
0.000000
0.000000
0.000002
0.000000
0.000004
0.000000
0.000000
0.000000
0.000000
0.000000
0.000000
0.000000
0.000000
0.000000
0.000000
0.000000
0.000000
0.000000
0.000000
0.000000
0.000000
0.000000
0.000000
0.000000
0.000000
0.000000
0.000000
0.000000
0.000000
0.000000
0.000000
0.000000
0.000000
0.000000
0.000000
0.000000
0.000000
0.000000
0.000000
0.000000
0.000000
0.000000
0.000000
0.000000
0.000000
0.000000
0.000000
0.000000
0.000000
0.000000
0.000000
0.000000
0.000000
0.000000
0.000000
0.000000
0.000000
0.000000
0.000000
0.000000
0.000000
0.000000
0.000000
0.000000
0.000000
0.000000
0.000000
0.000000
0.000000
0.000000
0.000000
0.000000
0.000000
0.000000
0.000000
0.000000
0.000000
0.000000
0.000000
0.000000
0.000000
0.000000
0.000000
0.000000
0.000000
0.000000
0.000000
0.000000
0.000000
0.000000
0.000000
0.000000
0.000000
0.000000
0.000000
0.000000
0.000000
0.000000
0.000000
0.000000
0.000000
0.000000
0.000000
0.000000
0.000000
0.000000
0.000000
0.000000
0.000000
0.000000
0.000000
0.000000
0.000000
0.000000
0.000000
0.000000
0.000000
0.000000
0.000000
0.000000
0.000000
0.000000
0.000000
0.000000
0.000000
0.000000
0.000000
0.000000
0.000000
0.000000
