58.783700
33.946100
923.070000
203.430000
83.810000
50.145000
31.487000
20.643000
13.147000
9.464000
7.290100
5.658300
3.802000
2.859200
2.427300
1.736000
1.303800
0.945970
0.792340
0.617310
0.459520
0.374940
0.264680
0.234660
0.207100
0.123010
0.144620
0.075835
0.062665
0.044183
0.049077
0.036402
0.039714
0.033624
0.020934
0.018662
0.013305
0.009431
0.007991
0.006699
0.003838
0.007050
0.002350
0.002899
0.003998
0.003064
0.001459
0.000507
0.000526
0.000711
0.000831
0.000565
0.000600
0.000141
0.000408
0.000505
0.000193
0.000148
0.000026
0.000100
0.000007
0.000042
0.000048
0.000046
0.000036
0.000030
0.000018
0.000000
0.000079
0.000018
0.000007
0.000003
0.000004
0.000002
0.000000
0.000000
0.000000
0.000002
0.000000
0.000000
0.000000
0.000001
0.000000
0.000000
0.000000
0.000000
0.000000
0.000000
0.000000
0.000000
0.000000
0.000000
0.000000
0.000000
0.000000
0.000000
0.000000
0.000000
0.000000
0.000000
0.000000
0.000000
0.000000
0.000000
0.000000
0.000000
0.000000
0.000000
0.000000
0.000000
0.000000
0.000000
0.000000
0.000000
0.000000
0.000000
0.000000
0.000000
0.000000
0.000000
0.000000
0.000000
0.000000
0.000000
0.000000
0.000000
0.000000
0.000000
0.000000
0.000000
0.000000
0.000000
0.000000
0.000000
0.000000
0.000000
0.000000
0.000000
0.000000
0.000000
0.000000
0.000000
0.000000
0.000000
0.000000
0.000000
0.000000
0.000000
0.000000
0.000000
0.000000
0.000000
0.000000
0.000000
0.000000
0.000000
0.000000
0.000000
0.000000
0.000000
0.000000
0.000000
0.000000
0.000000
0.000000
0.000000
0.000000
0.000000
0.000000
0.000000
0.000000
0.000000
0.000000
0.000000
0.000000
0.000000
0.000000
0.000000
0.000000
0.000000
0.000000
0.000000
0.000000
0.000000
0.000000
0.000000
0.000000
0.000000
0.000000
0.000000
0.000000
0.000000
0.000000
0.000000
0.000000
0.000000
0.000000
0.000000
0.000000
0.000000
0.000000
0.000000
