54.014800
13.191900
933.850000
233.880000
91.901000
54.805000
34.994000
23.306000
16.539000
14.539000
10.114000
8.172000
6.358200
5.479100
4.350400
3.961400
2.454100
2.417100
1.853300
1.414900
1.287300
1.133000
0.949870
0.868260
0.747860
0.533020
0.451170
0.446170
0.363100
0.336960
0.324520
0.237870
0.174980
0.152220
0.110430
0.138340
0.094193
0.094551
0.060137
0.052971
0.041971
0.046499
0.042231
0.031680
0.020315
0.027439
0.026299
0.020670
0.014408
0.016706
0.007697
0.009168
0.009302
0.004723
0.007287
0.005811
0.003012
0.004461
0.002430
0.003076
0.001343
0.002147
0.001835
0.001121
0.000950
0.002497
0.001048
0.000767
0.000338
0.000434
0.000329
0.000138
0.000100
0.000176
0.000140
0.000045
0.000147
0.000476
0.000017
0.000024
0.000126
0.000440
0.000000
0.000223
0.000092
0.000188
0.000092
0.000002
0.000050
0.000014
0.000000
0.000034
0.000006
0.000000
0.000006
0.000000
0.000000
0.000055
0.000000
0.000000
0.000000
0.000000
0.000000
0.000000
0.000000
0.000000
0.000010
0.000004
0.000000
0.000003
0.000000
0.000000
0.000000
0.000000
0.000002
0.000001
0.000000
0.000000
0.000000
0.000000
0.000000
0.000000
0.000000
0.000000
0.000000
0.000000
0.000000
0.000000
0.000000
0.000000
0.000000
0.000000
0.000000
0.000000
0.000000
0.000000
0.000000
0.000000
0.000000
0.000000
0.000000
0.000000
0.000000
0.000000
0.000000
0.000000
0.000000
0.000000
0.000000
0.000000
0.000000
0.000000
0.000000
0.000000
0.000000
0.000000
0.000000
0.000000
0.000000
0.000000
0.000000
0.000000
0.000000
0.000000
0.000000
0.000000
0.000000
0.000000
0.000000
0.000000
0.000000
0.000000
0.000000
0.000000
0.000000
0.000000
0.000000
0.000000
0.000000
0.000000
0.000000
0.000000
0.000000
0.000000
0.000000
0.000000
0.000000
0.000000
0.000000
0.000000
0.000000
0.000000
0.000000
0.000000
0.000000
0.000000
0.000000
0.000000
0.000000
0.000000
0.000000
0.000000
