51.544400
58.839800
978.640000
201.480000
92.673000
53.907000
32.298000
21.280000
15.085000
10.652000
7.459700
5.893000
4.083700
2.612400
2.028200
1.376200
1.220500
0.865540
0.696060
0.415390
0.326150
0.262520
0.210320
0.175160
0.111350
0.089903
0.070532
0.053257
0.039844
0.027174
0.021035
0.012198
0.012015
0.012512
0.010407
0.006098
0.004845
0.003624
0.002655
0.001237
0.000867
0.000433
0.000478
0.000426
0.000354
0.000302
0.000796
0.000187
0.000078
0.000372
0.000021
0.000030
0.000012
0.000020
0.000017
0.000056
0.000020
0.000024
0.000022
0.000002
0.000016
0.000002
0.000000
0.000000
0.000000
0.000008
0.000000
0.000000
0.000000
0.000000
0.000000
0.000000
0.000002
0.000000
0.000000
0.000000
0.000000
0.000000
0.000000
0.000000
0.000000
0.000000
0.000000
0.000000
0.000000
0.000000
0.000000
0.000000
0.000000
0.000000
0.000000
0.000000
0.000000
0.000000
0.000000
0.000000
0.000000
0.000000
0.000000
0.000000
0.000000
0.000000
0.000000
0.000000
0.000000
0.000000
0.000000
0.000000
0.000000
0.000000
0.000000
0.000000
0.000000
0.000000
0.000000
0.000000
0.000000
0.000000
0.000000
0.000000
0.000000
0.000000
0.000000
0.000000
0.000000
0.000000
0.000000
0.000000
0.000000
0.000000
0.000000
0.000000
0.000000
0.000000
0.000000
0.000000
0.000000
0.000000
0.000000
0.000000
0.000000
0.000000
0.000000
0.000000
0.000000
0.000000
0.000000
0.000000
0.000000
0.000000
0.000000
0.000000
0.000000
0.000000
0.000000
0.000000
0.000000
0.000000
0.000000
0.000000
0.000000
0.000000
0.000000
0.000000
0.000000
0.000000
0.000000
0.000000
0.000000
0.000000
0.000000
0.000000
0.000000
0.000000
0.000000
0.000000
0.000000
0.000000
0.000000
0.000000
0.000000
0.000000
0.000000
0.000000
0.000000
0.000000
0.000000
0.000000
0.000000
0.000000
0.000000
0.000000
0.000000
0.000000
0.000000
0.000000
0.000000
0.000000
0.000000
0.000000
0.000000
0.000000
