62.143000
29.289600
909.320000
187.410000
82.348000
47.571000
29.278000
20.064000
13.534000
9.349300
7.143500
5.420900
3.829200
2.863900
2.327500
1.640500
1.265200
1.107500
0.858520
0.659460
0.510720
0.345470
0.283400
0.263190
0.214780
0.189070
0.131180
0.116960
0.093074
0.056217
0.046468
0.042617
0.026698
0.041205
0.022317
0.021662
0.015825
0.014789
0.009973
0.009217
0.007890
0.005213
0.007023
0.003198
0.003594
0.002407
0.003262
0.001178
0.001004
0.001139
0.000741
0.001019
0.000911
0.000299
0.000533
0.000112
0.000313
0.000507
0.000299
0.000043
0.000377
0.000088
0.000059
0.000102
0.000124
0.000052
0.000017
0.000003
0.000002
0.000006
0.000002
0.000021
0.000011
0.000032
0.000015
0.000015
0.000000
0.000004
0.000023
0.000030
0.000057
0.000000
0.000000
0.000000
0.000001
0.000000
0.000000
0.000000
0.000000
0.000000
0.000000
0.000000
0.000000
0.000000
0.000000
0.000002
0.000000
0.000000
0.000000
0.000000
0.000000
0.000000
0.000000
0.000000
0.000000
0.000000
0.000000
0.000000
0.000000
0.000000
0.000000
0.000000
0.000000
0.000000
0.000000
0.000000
0.000000
0.000000
0.000000
0.000000
0.000000
0.000000
0.000000
0.000000
0.000000
0.000000
0.000000
0.000000
0.000000
0.000000
0.000000
0.000000
0.000000
0.000000
0.000000
0.000000
0.000000
0.000000
0.000000
0.000000
0.000000
0.000000
0.000000
0.000000
0.000000
0.000000
0.000000
0.000000
0.000000
0.000000
0.000000
0.000000
0.000000
0.000000
0.000000
0.000000
0.000000
0.000000
0.000000
0.000000
0.000000
0.000000
0.000000
0.000000
0.000000
0.000000
0.000000
0.000000
0.000000
0.000000
0.000000
0.000000
0.000000
0.000000
0.000000
0.000000
0.000000
0.000000
0.000000
0.000000
0.000000
0.000000
0.000000
0.000000
0.000000
0.000000
0.000000
0.000000
0.000000
0.000000
0.000000
0.000000
0.000000
0.000000
0.000000
0.000000
0.000000
0.000000
0.000000
0.000000
0.000000
0.000000
