43.642300
30.671000
987.550000
224.080000
104.160000
63.832000
42.064000
28.725000
21.573000
14.101000
11.192000
8.354500
6.074300
5.265000
3.872600
2.979900
2.310700
1.929300
1.555500
1.229300
1.011900
0.774610
0.671550
0.497920
0.379250
0.362770
0.232920
0.200260
0.168990
0.147540
0.109090
0.093032
0.072217
0.073219
0.054756
0.039766
0.032073
0.026834
0.017816
0.022537
0.017325
0.013555
0.009543
0.007697
0.007372
0.006000
0.002941
0.003632
0.003672
0.001822
0.001821
0.001020
0.000865
0.000876
0.001696
0.000821
0.001060
0.000521
0.000529
0.000398
0.000378
0.000210
0.000105
0.000313
0.000049
0.000588
0.000051
0.000039
0.000011
0.000051
0.000056
0.000002
0.000004
0.000011
0.000008
0.000065
0.000037
0.000006
0.000018
0.000003
0.000002
0.000004
0.000002
0.000000
0.000000
0.000001
0.000000
0.000000
0.000000
0.000000
0.000000
0.000000
0.000000
0.000000
0.000000
0.000000
0.000000
0.000000
0.000000
0.000000
0.000000
0.000000
0.000000
0.000000
0.000000
0.000000
0.000000
0.000000
0.000000
0.000000
0.000000
0.000000
0.000000
0.000000
0.000000
0.000000
0.000000
0.000000
0.000000
0.000000
0.000000
0.000000
0.000000
0.000000
0.000000
0.000000
0.000000
0.000000
0.000000
0.000000
0.000000
0.000000
0.000000
0.000000
0.000000
0.000000
0.000000
0.000000
0.000000
0.000000
0.000000
0.000000
0.000000
0.000000
0.000000
0.000000
0.000000
0.000000
0.000000
0.000000
0.000000
0.000000
0.000000
0.000000
0.000000
0.000000
0.000000
0.000000
0.000000
0.000000
0.000000
0.000000
0.000000
0.000000
0.000000
0.000000
0.000000
0.000000
0.000000
0.000000
0.000000
0.000000
0.000000
0.000000
0.000000
0.000000
0.000000
0.000000
0.000000
0.000000
0.000000
0.000000
0.000000
0.000000
0.000000
0.000000
0.000000
0.000000
0.000000
0.000000
0.000000
0.000000
0.000000
0.000000
0.000000
0.000000
0.000000
0.000000
0.000000
0.000000
0.000000
0.000000
