51.815800
56.400800
914.170000
201.560000
90.650000
54.549000
35.280000
19.913000
15.963000
10.731000
7.604200
5.645500
3.629400
3.023700
2.038100
1.507400
1.010200
0.865010
0.598040
0.510810
0.346820
0.251360
0.217160
0.162450
0.129400
0.119400
0.056074
0.052997
0.044376
0.032315
0.019832
0.021350
0.012590
0.010799
0.004084
0.005682
0.003259
0.003491
0.002461
0.004419
0.002260
0.001492
0.001148
0.000793
0.000367
0.000223
0.000723
0.000489
0.000125
0.000079
0.000084
0.000052
0.000093
0.000054
0.000002
0.000147
0.000023
0.000067
0.000004
0.000018
0.000000
0.000014
0.000002
0.000004
0.000000
0.000006
0.000000
0.000000
0.000000
0.000000
0.000000
0.000000
0.000000
0.000000
0.000000
0.000000
0.000000
0.000000
0.000000
0.000000
0.000000
0.000000
0.000003
0.000000
0.000000
0.000000
0.000000
0.000000
0.000000
0.000000
0.000000
0.000000
0.000000
0.000000
0.000000
0.000000
0.000000
0.000000
0.000000
0.000000
0.000000
0.000000
0.000000
0.000000
0.000000
0.000000
0.000000
0.000000
0.000000
0.000000
0.000000
0.000000
0.000000
0.000000
0.000000
0.000000
0.000000
0.000000
0.000000
0.000000
0.000000
0.000000
0.000000
0.000000
0.000000
0.000000
0.000000
0.000000
0.000000
0.000000
0.000000
0.000000
0.000000
0.000000
0.000000
0.000000
0.000000
0.000000
0.000000
0.000000
0.000000
0.000000
0.000000
0.000000
0.000000
0.000000
0.000000
0.000000
0.000000
0.000000
0.000000
0.000000
0.000000
0.000000
0.000000
0.000000
0.000000
0.000000
0.000000
0.000000
0.000000
0.000000
0.000000
0.000000
0.000000
0.000000
0.000000
0.000000
0.000000
0.000000
0.000000
0.000000
0.000000
0.000000
0.000000
0.000000
0.000000
0.000000
0.000000
0.000000
0.000000
0.000000
0.000000
0.000000
0.000000
0.000000
0.000000
0.000000
0.000000
0.000000
0.000000
0.000000
0.000000
0.000000
0.000000
0.000000
0.000000
0.000000
0.000000
0.000000
0.000000
0.000000
