70.242300
29.078100
865.190000
177.600000
75.302000
39.886000
25.414000
15.543000
10.243000
7.554100
5.100600
4.345600
3.155200
2.200100
1.553300
1.245900
0.969990
0.891330
0.539990
0.481890
0.392800
0.352840
0.248810
0.175970
0.165180
0.118340
0.098974
0.071885
0.062588
0.049736
0.033367
0.030585
0.025842
0.022373
0.016172
0.022760
0.008941
0.010236
0.010329
0.008762
0.004222
0.003912
0.002753
0.003148
0.001751
0.002080
0.001325
0.001614
0.001982
0.000294
0.002002
0.000504
0.000330
0.000470
0.000562
0.001917
0.000039
0.000178
0.000138
0.000138
0.000030
0.000089
0.000032
0.000028
0.000116
0.000020
0.000015
0.000000
0.000017
0.000044
0.000029
0.000000
0.000000
0.000000
0.000008
0.000005
0.000000
0.000000
0.000000
0.000015
0.000011
0.000000
0.000000
0.000000
0.000000
0.000000
0.000000
0.000000
0.000000
0.000000
0.000000
0.000000
0.000000
0.000000
0.000000
0.000000
0.000000
0.000000
0.000000
0.000000
0.000000
0.000000
0.000000
0.000000
0.000000
0.000000
0.000000
0.000000
0.000000
0.000000
0.000000
0.000000
0.000000
0.000000
0.000000
0.000000
0.000000
0.000000
0.000000
0.000000
0.000000
0.000000
0.000000
0.000000
0.000000
0.000000
0.000000
0.000000
0.000000
0.000000
0.000000
0.000000
0.000000
0.000000
0.000000
0.000000
0.000000
0.000000
0.000000
0.000000
0.000000
0.000000
0.000000
0.000000
0.000000
0.000000
0.000000
0.000000
0.000000
0.000000
0.000000
0.000000
0.000000
0.000000
0.000000
0.000000
0.000000
0.000000
0.000000
0.000000
0.000000
0.000000
0.000000
0.000000
0.000000
0.000000
0.000000
0.000000
0.000000
0.000000
0.000000
0.000000
0.000000
0.000000
0.000000
0.000000
0.000000
0.000000
0.000000
0.000000
0.000000
0.000000
0.000000
0.000000
0.000000
0.000000
0.000000
0.000000
0.000000
0.000000
0.000000
0.000000
0.000000
0.000000
0.000000
0.000000
0.000000
0.000000
0.000000
0.000000
0.000000
0.000000
