54.334100
37.899000
943.520000
201.820000
84.536000
54.141000
33.092000
21.362000
14.199000
11.160000
7.960900
5.603000
3.895800
3.513200
2.309700
1.872600
1.434200
1.073200
0.878210
0.656500
0.547030
0.407680
0.285760
0.251140
0.174460
0.124850
0.119720
0.106280
0.084225
0.052854
0.056924
0.036860
0.032715
0.029757
0.018560
0.019105
0.015691
0.009246
0.007389
0.008663
0.006740
0.003910
0.004015
0.002079
0.002159
0.001501
0.001329
0.000713
0.000244
0.001048
0.000843
0.000674
0.000514
0.000203
0.000275
0.000317
0.000138
0.000055
0.000176
0.000221
0.000040
0.000059
0.000070
0.000007
0.000046
0.000005
0.000014
0.000012
0.000001
0.000009
0.000000
0.000002
0.000000
0.000002
0.000006
0.000000
0.000000
0.000000
0.000000
0.000004
0.000000
0.000000
0.000003
0.000000
0.000000
0.000000
0.000000
0.000000
0.000000
0.000000
0.000000
0.000000
0.000000
0.000000
0.000000
0.000000
0.000000
0.000000
0.000000
0.000000
0.000000
0.000000
0.000000
0.000000
0.000000
0.000000
0.000000
0.000000
0.000000
0.000000
0.000000
0.000000
0.000000
0.000000
0.000000
0.000000
0.000000
0.000000
0.000000
0.000000
0.000000
0.000000
0.000000
0.000000
0.000000
0.000000
0.000000
0.000000
0.000000
0.000000
0.000000
0.000000
0.000000
0.000000
0.000000
0.000000
0.000000
0.000000
0.000000
0.000000
0.000000
0.000000
0.000000
0.000000
0.000000
0.000000
0.000000
0.000000
0.000000
0.000000
0.000000
0.000000
0.000000
0.000000
0.000000
0.000000
0.000000
0.000000
0.000000
0.000000
0.000000
0.000000
0.000000
0.000000
0.000000
0.000000
0.000000
0.000000
0.000000
0.000000
0.000000
0.000000
0.000000
0.000000
0.000000
0.000000
0.000000
0.000000
0.000000
0.000000
0.000000
0.000000
0.000000
0.000000
0.000000
0.000000
0.000000
0.000000
0.000000
0.000000
0.000000
0.000000
0.000000
0.000000
0.000000
0.000000
0.000000
0.000000
0.000000
0.000000
0.000000
0.000000
