49.694300
46.606700
935.290000
221.260000
99.720000
58.784000
34.514000
24.229000
16.722000
10.537000
8.174300
5.693600
4.407100
3.063800
2.421500
2.032100
1.494700
1.185200
0.810440
0.586040
0.462530
0.427530
0.291000
0.220170
0.149850
0.138800
0.097253
0.077399
0.065671
0.039059
0.039791
0.029271
0.027853
0.017431
0.013373
0.015698
0.007253
0.008372
0.009264
0.008535
0.002947
0.001934
0.000644
0.001862
0.001236
0.001419
0.000406
0.000614
0.000348
0.000661
0.000108
0.000902
0.000119
0.000503
0.000113
0.000041
0.000098
0.000126
0.000016
0.000050
0.000044
0.000004
0.000015
0.000028
0.000016
0.000002
0.000000
0.000003
0.000006
0.000000
0.000000
0.000000
0.000003
0.000000
0.000000
0.000001
0.000000
0.000000
0.000000
0.000000
0.000000
0.000003
0.000000
0.000000
0.000000
0.000000
0.000000
0.000000
0.000000
0.000000
0.000000
0.000000
0.000000
0.000000
0.000000
0.000000
0.000000
0.000000
0.000000
0.000000
0.000000
0.000000
0.000000
0.000000
0.000000
0.000000
0.000000
0.000000
0.000000
0.000000
0.000000
0.000000
0.000000
0.000000
0.000000
0.000000
0.000000
0.000000
0.000000
0.000000
0.000000
0.000000
0.000000
0.000000
0.000000
0.000000
0.000000
0.000000
0.000000
0.000000
0.000000
0.000000
0.000000
0.000000
0.000000
0.000000
0.000000
0.000000
0.000000
0.000000
0.000000
0.000000
0.000000
0.000000
0.000000
0.000000
0.000000
0.000000
0.000000
0.000000
0.000000
0.000000
0.000000
0.000000
0.000000
0.000000
0.000000
0.000000
0.000000
0.000000
0.000000
0.000000
0.000000
0.000000
0.000000
0.000000
0.000000
0.000000
0.000000
0.000000
0.000000
0.000000
0.000000
0.000000
0.000000
0.000000
0.000000
0.000000
0.000000
0.000000
0.000000
0.000000
0.000000
0.000000
0.000000
0.000000
0.000000
0.000000
0.000000
0.000000
0.000000
0.000000
0.000000
0.000000
0.000000
0.000000
0.000000
0.000000
0.000000
0.000000
0.000000
0.000000
