42.285100
49.221000
1042.300000
239.370000
111.080000
65.323000
40.665000
23.969000
20.431000
14.301000
10.093000
7.222400
5.586800
4.041700
3.028700
2.132100
1.774500
1.357000
1.092500
0.815880
0.611140
0.544900
0.459520
0.304770
0.235390
0.194960
0.135760
0.123660
0.071706
0.054367
0.048141
0.047809
0.026712
0.016514
0.016534
0.014930
0.012826
0.010295
0.004414
0.005861
0.003974
0.004530
0.002285
0.001982
0.001701
0.000877
0.000803
0.000926
0.000369
0.000781
0.000500
0.000676
0.000179
0.000402
0.000099
0.000083
0.000150
0.000028
0.000017
0.000029
0.000024
0.000014
0.000013
0.000028
0.000004
0.000008
0.000004
0.000003
0.000003
0.000001
0.000002
0.000003
0.000000
0.000000
0.000000
0.000000
0.000000
0.000000
0.000000
0.000000
0.000000
0.000000
0.000000
0.000000
0.000000
0.000000
0.000000
0.000000
0.000000
0.000000
0.000000
0.000002
0.000000
0.000000
0.000000
0.000000
0.000000
0.000000
0.000000
0.000000
0.000000
0.000000
0.000000
0.000000
0.000000
0.000000
0.000000
0.000000
0.000000
0.000000
0.000000
0.000000
0.000000
0.000000
0.000000
0.000000
0.000000
0.000000
0.000000
0.000000
0.000000
0.000000
0.000000
0.000000
0.000000
0.000000
0.000000
0.000000
0.000000
0.000000
0.000000
0.000000
0.000000
0.000000
0.000000
0.000000
0.000000
0.000000
0.000000
0.000000
0.000000
0.000000
0.000000
0.000000
0.000000
0.000000
0.000000
0.000000
0.000000
0.000000
0.000000
0.000000
0.000000
0.000000
0.000000
0.000000
0.000000
0.000000
0.000000
0.000000
0.000000
0.000000
0.000000
0.000000
0.000000
0.000000
0.000000
0.000000
0.000000
0.000000
0.000000
0.000000
0.000000
0.000000
0.000000
0.000000
0.000000
0.000000
0.000000
0.000000
0.000000
0.000000
0.000000
0.000000
0.000000
0.000000
0.000000
0.000000
0.000000
0.000000
0.000000
0.000000
0.000000
0.000000
0.000000
0.000000
0.000000
0.000000
0.000000
0.000000
0.000000
0.000000
