87.429200
38.518900
824.750000
136.820000
57.517000
29.358000
16.814000
10.670000
7.709800
4.559400
3.153700
2.198600
1.697200
1.015800
0.753990
0.566750
0.506330
0.345160
0.229280
0.215210
0.158210
0.120350
0.120930
0.083365
0.054804
0.044644
0.038871
0.027594
0.027226
0.015120
0.010551
0.008987
0.006666
0.007850
0.003756
0.003410
0.001141
0.002657
0.001838
0.001882
0.000980
0.000811
0.000541
0.001299
0.000174
0.000497
0.000207
0.000212
0.000095
0.000186
0.000096
0.000308
0.000081
0.000062
0.000021
0.000020
0.000035
0.000017
0.000019
0.000018
0.000000
0.000003
0.000005
0.000000
0.000000
0.000003
0.000000
0.000000
0.000001
0.000000
0.000000
0.000000
0.000000
0.000000
0.000000
0.000000
0.000000
0.000000
0.000000
0.000000
0.000000
0.000000
0.000000
0.000000
0.000000
0.000000
0.000000
0.000000
0.000000
0.000000
0.000000
0.000000
0.000000
0.000000
0.000000
0.000000
0.000000
0.000000
0.000000
0.000000
0.000000
0.000000
0.000000
0.000000
0.000000
0.000000
0.000000
0.000000
0.000000
0.000000
0.000000
0.000000
0.000000
0.000000
0.000000
0.000000
0.000000
0.000000
0.000000
0.000000
0.000000
0.000000
0.000000
0.000000
0.000000
0.000000
0.000000
0.000000
0.000000
0.000000
0.000000
0.000000
0.000000
0.000000
0.000000
0.000000
0.000000
0.000000
0.000000
0.000000
0.000000
0.000000
0.000000
0.000000
0.000000
0.000000
0.000000
0.000000
0.000000
0.000000
0.000000
0.000000
0.000000
0.000000
0.000000
0.000000
0.000000
0.000000
0.000000
0.000000
0.000000
0.000000
0.000000
0.000000
0.000000
0.000000
0.000000
0.000000
0.000000
0.000000
0.000000
0.000000
0.000000
0.000000
0.000000
0.000000
0.000000
0.000000
0.000000
0.000000
0.000000
0.000000
0.000000
0.000000
0.000000
0.000000
0.000000
0.000000
0.000000
0.000000
0.000000
0.000000
0.000000
0.000000
0.000000
0.000000
0.000000
0.000000
0.000000
0.000000
0.000000
0.000000
