50.178700
30.565600
975.250000
215.710000
99.168000
55.762000
35.003000
23.543000
17.509000
13.624000
9.430000
7.887600
4.827300
4.476100
2.936200
2.313200
1.906000
1.522700
1.129500
0.956110
0.774560
0.552110
0.473680
0.397440
0.248310
0.224760
0.190820
0.161360
0.158170
0.126730
0.083649
0.083810
0.053820
0.047726
0.043962
0.036383
0.026471
0.020995
0.017702
0.012955
0.009666
0.007707
0.003835
0.004696
0.004063
0.003068
0.002579
0.001739
0.002497
0.001563
0.001620
0.001128
0.000945
0.000271
0.000524
0.000575
0.000380
0.000344
0.000072
0.000122
0.000076
0.000192
0.000103
0.000148
0.000015
0.000018
0.000006
0.000020
0.000083
0.000037
0.000013
0.000025
0.000006
0.000030
0.000008
0.000010
0.000000
0.000011
0.000000
0.000001
0.000000
0.000000
0.000008
0.000000
0.000000
0.000001
0.000002
0.000000
0.000000
0.000000
0.000001
0.000000
0.000000
0.000000
0.000000
0.000000
0.000000
0.000000
0.000000
0.000000
0.000000
0.000000
0.000000
0.000000
0.000000
0.000000
0.000000
0.000000
0.000000
0.000000
0.000000
0.000000
0.000000
0.000000
0.000000
0.000000
0.000000
0.000000
0.000000
0.000000
0.000000
0.000000
0.000000
0.000000
0.000000
0.000000
0.000000
0.000000
0.000000
0.000000
0.000000
0.000000
0.000000
0.000000
0.000000
0.000000
0.000000
0.000000
0.000000
0.000000
0.000000
0.000000
0.000000
0.000000
0.000000
0.000000
0.000000
0.000000
0.000000
0.000000
0.000000
0.000000
0.000000
0.000000
0.000000
0.000000
0.000000
0.000000
0.000000
0.000000
0.000000
0.000000
0.000000
0.000000
0.000000
0.000000
0.000000
0.000000
0.000000
0.000000
0.000000
0.000000
0.000000
0.000000
0.000000
0.000000
0.000000
0.000000
0.000000
0.000000
0.000000
0.000000
0.000000
0.000000
0.000000
0.000000
0.000000
0.000000
0.000000
0.000000
0.000000
0.000000
0.000000
0.000000
0.000000
0.000000
0.000000
0.000000
0.000000
0.000000
0.000000
0.000000
