57.192000
11.250500
913.830000
201.510000
90.966000
53.740000
34.296000
25.056000
17.720000
12.877000
9.415900
7.893700
6.389800
4.889700
3.715800
3.571800
2.890200
2.141000
1.891200
1.514500
1.393900
1.156700
0.858860
0.731370
0.748830
0.547920
0.460490
0.449000
0.359820
0.313360
0.271100
0.212720
0.209150
0.190260
0.150440
0.142680
0.106060
0.083425
0.089529
0.055253
0.067845
0.053681
0.043906
0.034164
0.029775
0.030433
0.026635
0.021153
0.016101
0.025216
0.008156
0.010233
0.011326
0.007627
0.009724
0.007597
0.006982
0.002877
0.005126
0.001897
0.001639
0.002023
0.002705
0.001092
0.003832
0.002923
0.002894
0.000244
0.001145
0.000348
0.001393
0.000458
0.000699
0.000236
0.000011
0.001872
0.000143
0.000169
0.000033
0.000162
0.000007
0.000250
0.000033
0.000061
0.000044
0.000025
0.000383
0.000004
0.000140
0.000208
0.000000
0.000000
0.000011
0.000156
0.000000
0.000011
0.000000
0.000000
0.000001
0.000000
0.000004
0.000000
0.000008
0.000000
0.000000
0.000000
0.000000
0.000001
0.000000
0.000000
0.000000
0.000001
0.000001
0.000000
0.000088
0.000004
0.000000
0.000000
0.000000
0.000000
0.000000
0.000000
0.000000
0.000000
0.000000
0.000000
0.000000
0.000000
0.000000
0.000000
0.000000
0.000000
0.000000
0.000000
0.000000
0.000000
0.000000
0.000000
0.000000
0.000000
0.000000
0.000000
0.000000
0.000000
0.000000
0.000000
0.000000
0.000000
0.000000
0.000000
0.000000
0.000000
0.000000
0.000000
0.000000
0.000000
0.000000
0.000000
0.000000
0.000000
0.000000
0.000000
0.000000
0.000000
0.000000
0.000000
0.000000
0.000000
0.000000
0.000000
0.000000
0.000000
0.000000
0.000000
0.000000
0.000000
0.000000
0.000000
0.000000
0.000000
0.000000
0.000000
0.000000
0.000000
0.000000
0.000000
0.000000
0.000000
0.000000
0.000000
0.000000
0.000000
0.000000
0.000000
0.000000
0.000000
0.000000
0.000000
0.000000
0.000000
0.000000
0.000000
