51.820300
18.976900
936.860000
201.130000
100.530000
58.706000
36.779000
25.251000
19.034000
14.607000
11.346000
8.118100
6.236300
5.042200
3.758700
2.932000
2.224100
2.083200
1.656900
1.414900
1.013500
0.958320
0.757480
0.681180
0.555750
0.372340
0.488530
0.318630
0.285540
0.175190
0.132160
0.162680
0.126570
0.109280
0.088625
0.066906
0.072088
0.041450
0.031177
0.029174
0.021792
0.021122
0.022783
0.020715
0.011492
0.014835
0.011253
0.008282
0.007830
0.010352
0.006443
0.008562
0.004212
0.002791
0.004350
0.001298
0.000925
0.001329
0.001314
0.000615
0.001718
0.000706
0.000873
0.000506
0.000112
0.000239
0.000439
0.000227
0.000312
0.000626
0.000126
0.000179
0.000104
0.000055
0.000011
0.000014
0.000051
0.000002
0.000063
0.000002
0.000006
0.000008
0.000033
0.000007
0.000000
0.000002
0.000002
0.000000
0.000009
0.000000
0.000000
0.000000
0.000000
0.000000
0.000000
0.000001
0.000000
0.000000
0.000000
0.000000
0.000000
0.000000
0.000000
0.000005
0.000000
0.000000
0.000000
0.000000
0.000000
0.000002
0.000000
0.000000
0.000000
0.000000
0.000000
0.000000
0.000000
0.000001
0.000000
0.000000
0.000000
0.000000
0.000000
0.000000
0.000000
0.000000
0.000000
0.000000
0.000000
0.000000
0.000000
0.000000
0.000000
0.000000
0.000000
0.000000
0.000000
0.000000
0.000000
0.000000
0.000000
0.000000
0.000000
0.000000
0.000000
0.000000
0.000000
0.000000
0.000000
0.000000
0.000000
0.000000
0.000000
0.000000
0.000000
0.000000
0.000000
0.000000
0.000000
0.000000
0.000000
0.000000
0.000000
0.000000
0.000000
0.000000
0.000000
0.000000
0.000000
0.000000
0.000000
0.000000
0.000000
0.000000
0.000000
0.000000
0.000000
0.000000
0.000000
0.000000
0.000000
0.000000
0.000000
0.000000
0.000000
0.000000
0.000000
0.000000
0.000000
0.000000
0.000000
0.000000
0.000000
0.000000
0.000000
0.000000
0.000000
0.000000
0.000000
0.000000
0.000000
0.000000
