86.381600
49.659500
791.650000
145.680000
53.688000
29.274000
16.534000
10.824000
6.399500
4.500100
3.304400
2.056000
1.207400
0.985360
0.710760
0.551740
0.361970
0.308700
0.173620
0.133110
0.092149
0.099722
0.056852
0.053177
0.039443
0.022564
0.014696
0.012726
0.014672
0.006940
0.005014
0.007012
0.003611
0.003381
0.002723
0.000871
0.001872
0.001392
0.000305
0.000868
0.000135
0.000190
0.000167
0.000074
0.000117
0.000057
0.000080
0.000239
0.000032
0.000091
0.000027
0.000003
0.000011
0.000000
0.000003
0.000003
0.000000
0.000004
0.000000
0.000000
0.000010
0.000000
0.000001
0.000000
0.000000
0.000000
0.000000
0.000000
0.000000
0.000000
0.000000
0.000000
0.000000
0.000000
0.000000
0.000000
0.000000
0.000000
0.000000
0.000000
0.000000
0.000000
0.000000
0.000000
0.000000
0.000000
0.000000
0.000000
0.000000
0.000000
0.000000
0.000000
0.000000
0.000000
0.000000
0.000000
0.000000
0.000000
0.000000
0.000000
0.000000
0.000000
0.000000
0.000000
0.000000
0.000000
0.000000
0.000000
0.000000
0.000000
0.000000
0.000000
0.000000
0.000000
0.000000
0.000000
0.000000
0.000000
0.000000
0.000000
0.000000
0.000000
0.000000
0.000000
0.000000
0.000000
0.000000
0.000000
0.000000
0.000000
0.000000
0.000000
0.000000
0.000000
0.000000
0.000000
0.000000
0.000000
0.000000
0.000000
0.000000
0.000000
0.000000
0.000000
0.000000
0.000000
0.000000
0.000000
0.000000
0.000000
0.000000
0.000000
0.000000
0.000000
0.000000
0.000000
0.000000
0.000000
0.000000
0.000000
0.000000
0.000000
0.000000
0.000000
0.000000
0.000000
0.000000
0.000000
0.000000
0.000000
0.000000
0.000000
0.000000
0.000000
0.000000
0.000000
0.000000
0.000000
0.000000
0.000000
0.000000
0.000000
0.000000
0.000000
0.000000
0.000000
0.000000
0.000000
0.000000
0.000000
0.000000
0.000000
0.000000
0.000000
0.000000
0.000000
0.000000
0.000000
0.000000
0.000000
0.000000
0.000000
