49.313000
37.240600
954.910000
215.820000
98.964000
53.945000
35.239000
24.939000
17.125000
11.972000
8.725100
6.656800
4.936500
3.921900
2.938900
2.140700
1.563200
1.440800
1.181200
0.806740
0.576390
0.522060
0.355660
0.290650
0.255620
0.169480
0.145640
0.123030
0.100550
0.083278
0.050082
0.049776
0.033142
0.037031
0.017055
0.014296
0.019331
0.009549
0.010096
0.009340
0.009202
0.005488
0.006338
0.005174
0.002282
0.003103
0.001794
0.000501
0.001244
0.001428
0.000622
0.000453
0.000192
0.000231
0.000351
0.000182
0.000254
0.000272
0.000224
0.000068
0.000071
0.000042
0.000052
0.000030
0.000034
0.000101
0.000054
0.000007
0.000048
0.000002
0.000000
0.000039
0.000000
0.000011
0.000000
0.000000
0.000000
0.000000
0.000000
0.000000
0.000003
0.000005
0.000000
0.000000
0.000005
0.000000
0.000001
0.000000
0.000000
0.000000
0.000000
0.000000
0.000000
0.000000
0.000000
0.000000
0.000000
0.000000
0.000000
0.000000
0.000000
0.000000
0.000000
0.000000
0.000000
0.000000
0.000000
0.000000
0.000000
0.000000
0.000000
0.000000
0.000000
0.000000
0.000000
0.000000
0.000000
0.000000
0.000000
0.000000
0.000000
0.000000
0.000000
0.000000
0.000000
0.000000
0.000000
0.000000
0.000000
0.000000
0.000000
0.000000
0.000000
0.000000
0.000000
0.000000
0.000000
0.000000
0.000000
0.000000
0.000000
0.000000
0.000000
0.000000
0.000000
0.000000
0.000000
0.000000
0.000000
0.000000
0.000000
0.000000
0.000000
0.000000
0.000000
0.000000
0.000000
0.000000
0.000000
0.000000
0.000000
0.000000
0.000000
0.000000
0.000000
0.000000
0.000000
0.000000
0.000000
0.000000
0.000000
0.000000
0.000000
0.000000
0.000000
0.000000
0.000000
0.000000
0.000000
0.000000
0.000000
0.000000
0.000000
0.000000
0.000000
0.000000
0.000000
0.000000
0.000000
0.000000
0.000000
0.000000
0.000000
0.000000
0.000000
0.000000
0.000000
0.000000
0.000000
0.000000
0.000000
0.000000
