82.254300
13.493900
874.190000
150.810000
60.270000
36.556000
19.314000
13.629000
9.478500
6.568100
4.858600
3.265000
3.082900
2.134000
1.903500
1.349800
1.267000
0.995660
0.879560
0.614980
0.560120
0.514480
0.436530
0.406020
0.241010
0.227850
0.179200
0.158810
0.127080
0.126690
0.086638
0.067890
0.064451
0.075215
0.054917
0.036916
0.029097
0.029804
0.029502
0.029466
0.013978
0.021031
0.017725
0.020193
0.009927
0.005507
0.010117
0.004479
0.008763
0.005294
0.006106
0.002161
0.003655
0.001444
0.001526
0.001475
0.001352
0.000574
0.001794
0.001632
0.000562
0.001275
0.000164
0.000583
0.000334
0.000332
0.000066
0.000297
0.000238
0.000249
0.000120
0.000164
0.000871
0.000018
0.000003
0.000233
0.000068
0.000055
0.000128
0.000011
0.000005
0.000067
0.000000
0.000000
0.000001
0.000010
0.000002
0.000000
0.000000
0.000000
0.000000
0.000001
0.000000
0.000000
0.000013
0.000010
0.000000
0.000000
0.000000
0.000001
0.000000
0.000000
0.000001
0.000000
0.000000
0.000000
0.000000
0.000000
0.000000
0.000000
0.000000
0.000000
0.000000
0.000000
0.000000
0.000000
0.000000
0.000000
0.000000
0.000000
0.000000
0.000000
0.000000
0.000000
0.000000
0.000000
0.000000
0.000000
0.000000
0.000000
0.000000
0.000000
0.000000
0.000000
0.000000
0.000000
0.000000
0.000000
0.000000
0.000000
0.000000
0.000000
0.000000
0.000000
0.000000
0.000000
0.000000
0.000000
0.000000
0.000000
0.000000
0.000000
0.000000
0.000000
0.000000
0.000000
0.000000
0.000000
0.000000
0.000000
0.000000
0.000000
0.000000
0.000000
0.000000
0.000000
0.000000
0.000000
0.000000
0.000000
0.000000
0.000000
0.000000
0.000000
0.000000
0.000000
0.000000
0.000000
0.000000
0.000000
0.000000
0.000000
0.000000
0.000000
0.000000
0.000000
0.000000
0.000000
0.000000
0.000000
0.000000
0.000000
0.000000
0.000000
0.000000
0.000000
0.000000
0.000000
0.000000
0.000000
0.000000
0.000000
