86.067900
22.979900
807.350000
139.600000
60.060000
28.877000
18.114000
11.862000
7.691600
5.453400
3.695600
2.553100
1.858200
1.524700
1.158600
0.901450
0.758300
0.511440
0.453690
0.348950
0.284890
0.189350
0.189750
0.156410
0.130010
0.108270
0.087994
0.076306
0.052031
0.043662
0.040705
0.035060
0.041576
0.026127
0.019311
0.017088
0.013966
0.016404
0.010007
0.004377
0.006188
0.004471
0.003384
0.005758
0.003498
0.003039
0.001316
0.002051
0.002167
0.001443
0.001012
0.001139
0.000622
0.000589
0.000217
0.000197
0.000187
0.000063
0.000085
0.000142
0.000126
0.000273
0.000067
0.000072
0.000091
0.000028
0.000123
0.000054
0.000001
0.000006
0.000002
0.000190
0.000056
0.000001
0.000000
0.000022
0.000000
0.000024
0.000000
0.000000
0.000021
0.000000
0.000000
0.000000
0.000000
0.000000
0.000000
0.000000
0.000000
0.000002
0.000000
0.000000
0.000000
0.000000
0.000000
0.000000
0.000000
0.000000
0.000000
0.000000
0.000000
0.000000
0.000000
0.000000
0.000000
0.000000
0.000000
0.000000
0.000000
0.000000
0.000000
0.000000
0.000000
0.000000
0.000000
0.000000
0.000000
0.000000
0.000000
0.000000
0.000000
0.000000
0.000000
0.000000
0.000000
0.000000
0.000000
0.000000
0.000000
0.000000
0.000000
0.000000
0.000000
0.000000
0.000000
0.000000
0.000000
0.000000
0.000000
0.000000
0.000000
0.000000
0.000000
0.000000
0.000000
0.000000
0.000000
0.000000
0.000000
0.000000
0.000000
0.000000
0.000000
0.000000
0.000000
0.000000
0.000000
0.000000
0.000000
0.000000
0.000000
0.000000
0.000000
0.000000
0.000000
0.000000
0.000000
0.000000
0.000000
0.000000
0.000000
0.000000
0.000000
0.000000
0.000000
0.000000
0.000000
0.000000
0.000000
0.000000
0.000000
0.000000
0.000000
0.000000
0.000000
0.000000
0.000000
0.000000
0.000000
0.000000
0.000000
0.000000
0.000000
0.000000
0.000000
0.000000
0.000000
0.000000
0.000000
0.000000
0.000000
0.000000
