78.403200
28.134800
810.600000
178.080000
71.315000
33.330000
21.070000
13.118000
9.007900
6.640900
4.323200
3.127100
2.370600
1.791100
1.426200
0.988360
0.749210
0.624380
0.515620
0.396860
0.338040
0.230950
0.189860
0.141870
0.124880
0.080030
0.080890
0.060477
0.051345
0.036488
0.028176
0.030346
0.017912
0.019760
0.011116
0.014087
0.009231
0.012909
0.009260
0.009148
0.003402
0.005849
0.003006
0.002524
0.001685
0.001433
0.000989
0.001158
0.000826
0.000377
0.000599
0.000555
0.000511
0.000345
0.000261
0.000369
0.000165
0.000336
0.000149
0.000054
0.000011
0.000228
0.000030
0.000003
0.000023
0.000011
0.000049
0.000000
0.000054
0.000005
0.000022
0.000000
0.000006
0.000000
0.000000
0.000000
0.000000
0.000000
0.000000
0.000000
0.000000
0.000000
0.000000
0.000000
0.000000
0.000000
0.000004
0.000000
0.000000
0.000000
0.000000
0.000000
0.000000
0.000000
0.000000
0.000000
0.000000
0.000000
0.000000
0.000000
0.000000
0.000000
0.000000
0.000000
0.000000
0.000000
0.000000
0.000000
0.000000
0.000000
0.000000
0.000000
0.000000
0.000000
0.000000
0.000000
0.000000
0.000000
0.000000
0.000000
0.000000
0.000000
0.000000
0.000000
0.000000
0.000000
0.000000
0.000000
0.000000
0.000000
0.000000
0.000000
0.000000
0.000000
0.000000
0.000000
0.000000
0.000000
0.000000
0.000000
0.000000
0.000000
0.000000
0.000000
0.000000
0.000000
0.000000
0.000000
0.000000
0.000000
0.000000
0.000000
0.000000
0.000000
0.000000
0.000000
0.000000
0.000000
0.000000
0.000000
0.000000
0.000000
0.000000
0.000000
0.000000
0.000000
0.000000
0.000000
0.000000
0.000000
0.000000
0.000000
0.000000
0.000000
0.000000
0.000000
0.000000
0.000000
0.000000
0.000000
0.000000
0.000000
0.000000
0.000000
0.000000
0.000000
0.000000
0.000000
0.000000
0.000000
0.000000
0.000000
0.000000
0.000000
0.000000
0.000000
0.000000
0.000000
0.000000
0.000000
0.000000
0.000000
