48.237400
57.193900
873.170000
215.340000
97.400000
55.888000
36.797000
21.902000
15.380000
10.615000
9.041000
5.845300
4.844500
2.853800
2.323200
1.680400
1.341000
1.034000
0.704730
0.616930
0.373480
0.305310
0.289840
0.202800
0.130710
0.098307
0.088682
0.069697
0.057697
0.028952
0.027330
0.025298
0.017293
0.010593
0.011574
0.007497
0.005045
0.002783
0.005421
0.003266
0.002184
0.001579
0.001153
0.001606
0.000289
0.000865
0.000256
0.000207
0.000097
0.000203
0.000208
0.000183
0.000063
0.000060
0.000049
0.000025
0.000012
0.000016
0.000010
0.000007
0.000019
0.000005
0.000003
0.000000
0.000011
0.000000
0.000000
0.000014
0.000000
0.000008
0.000004
0.000000
0.000000
0.000000
0.000001
0.000000
0.000000
0.000000
0.000000
0.000000
0.000003
0.000000
0.000000
0.000000
0.000000
0.000000
0.000000
0.000000
0.000000
0.000000
0.000000
0.000000
0.000000
0.000000
0.000000
0.000000
0.000000
0.000000
0.000000
0.000000
0.000000
0.000000
0.000000
0.000000
0.000000
0.000000
0.000000
0.000000
0.000000
0.000000
0.000000
0.000000
0.000000
0.000000
0.000000
0.000000
0.000000
0.000000
0.000000
0.000000
0.000000
0.000000
0.000000
0.000000
0.000000
0.000000
0.000000
0.000000
0.000000
0.000000
0.000000
0.000000
0.000000
0.000000
0.000000
0.000000
0.000000
0.000000
0.000000
0.000000
0.000000
0.000000
0.000000
0.000000
0.000000
0.000000
0.000000
0.000000
0.000000
0.000000
0.000000
0.000000
0.000000
0.000000
0.000000
0.000000
0.000000
0.000000
0.000000
0.000000
0.000000
0.000000
0.000000
0.000000
0.000000
0.000000
0.000000
0.000000
0.000000
0.000000
0.000000
0.000000
0.000000
0.000000
0.000000
0.000000
0.000000
0.000000
0.000000
0.000000
0.000000
0.000000
0.000000
0.000000
0.000000
0.000000
0.000000
0.000000
0.000000
0.000000
0.000000
0.000000
0.000000
0.000000
0.000000
0.000000
0.000000
0.000000
0.000000
0.000000
0.000000
0.000000
