58.964000
41.230300
994.260000
195.640000
84.907000
50.141000
28.181000
18.817000
13.766000
9.077700
6.216200
5.027900
3.431800
2.491700
1.949500
1.479000
1.097100
0.850550
0.713170
0.458690
0.368280
0.349130
0.257980
0.190510
0.119910
0.117260
0.098377
0.074421
0.042956
0.033606
0.028246
0.020923
0.019502
0.016275
0.012958
0.010091
0.011214
0.004011
0.004366
0.003697
0.001568
0.001668
0.001334
0.002327
0.000771
0.000533
0.000540
0.000784
0.000203
0.000674
0.000427
0.000218
0.000194
0.000535
0.000275
0.000053
0.000027
0.000193
0.000041
0.000079
0.000028
0.000024
0.000005
0.000002
0.000011
0.000002
0.000006
0.000000
0.000005
0.000021
0.000003
0.000000
0.000000
0.000006
0.000000
0.000021
0.000000
0.000000
0.000000
0.000000
0.000000
0.000000
0.000000
0.000000
0.000000
0.000000
0.000000
0.000000
0.000000
0.000000
0.000000
0.000000
0.000000
0.000000
0.000000
0.000000
0.000000
0.000000
0.000000
0.000000
0.000000
0.000000
0.000000
0.000000
0.000000
0.000000
0.000000
0.000000
0.000000
0.000000
0.000000
0.000000
0.000000
0.000000
0.000000
0.000000
0.000000
0.000000
0.000000
0.000000
0.000000
0.000000
0.000000
0.000000
0.000000
0.000000
0.000000
0.000000
0.000000
0.000000
0.000000
0.000000
0.000000
0.000000
0.000000
0.000000
0.000000
0.000000
0.000000
0.000000
0.000000
0.000000
0.000000
0.000000
0.000000
0.000000
0.000000
0.000000
0.000000
0.000000
0.000000
0.000000
0.000000
0.000000
0.000000
0.000000
0.000000
0.000000
0.000000
0.000000
0.000000
0.000000
0.000000
0.000000
0.000000
0.000000
0.000000
0.000000
0.000000
0.000000
0.000000
0.000000
0.000000
0.000000
0.000000
0.000000
0.000000
0.000000
0.000000
0.000000
0.000000
0.000000
0.000000
0.000000
0.000000
0.000000
0.000000
0.000000
0.000000
0.000000
0.000000
0.000000
0.000000
0.000000
0.000000
0.000000
0.000000
0.000000
0.000000
0.000000
0.000000
0.000000
