40.142100
56.164900
1036.300000
234.260000
105.360000
59.941000
42.664000
28.391000
19.204000
13.871000
9.588400
6.976400
5.712200
3.941100
3.210600
2.456900
1.867400
1.397800
1.034200
0.877730
0.560300
0.526510
0.376800
0.313910
0.232260
0.159260
0.123520
0.091180
0.096650
0.058256
0.050392
0.037350
0.027854
0.019901
0.021090
0.012712
0.004722
0.010613
0.005766
0.005225
0.002802
0.003757
0.004857
0.004527
0.000777
0.000471
0.000341
0.000620
0.000356
0.000916
0.000184
0.000150
0.000199
0.000345
0.000063
0.000052
0.000038
0.000060
0.000011
0.000007
0.000007
0.000016
0.000000
0.000006
0.000004
0.000004
0.000000
0.000000
0.000002
0.000000
0.000000
0.000000
0.000000
0.000003
0.000000
0.000000
0.000000
0.000000
0.000000
0.000000
0.000000
0.000000
0.000000
0.000000
0.000000
0.000000
0.000000
0.000000
0.000000
0.000000
0.000000
0.000000
0.000000
0.000000
0.000000
0.000000
0.000000
0.000000
0.000000
0.000000
0.000000
0.000000
0.000000
0.000000
0.000000
0.000000
0.000000
0.000000
0.000000
0.000000
0.000000
0.000000
0.000000
0.000000
0.000000
0.000000
0.000000
0.000000
0.000000
0.000000
0.000000
0.000000
0.000000
0.000000
0.000000
0.000000
0.000000
0.000000
0.000000
0.000000
0.000000
0.000000
0.000000
0.000000
0.000000
0.000000
0.000000
0.000000
0.000000
0.000000
0.000000
0.000000
0.000000
0.000000
0.000000
0.000000
0.000000
0.000000
0.000000
0.000000
0.000000
0.000000
0.000000
0.000000
0.000000
0.000000
0.000000
0.000000
0.000000
0.000000
0.000000
0.000000
0.000000
0.000000
0.000000
0.000000
0.000000
0.000000
0.000000
0.000000
0.000000
0.000000
0.000000
0.000000
0.000000
0.000000
0.000000
0.000000
0.000000
0.000000
0.000000
0.000000
0.000000
0.000000
0.000000
0.000000
0.000000
0.000000
0.000000
0.000000
0.000000
0.000000
0.000000
0.000000
0.000000
0.000000
0.000000
0.000000
0.000000
0.000000
0.000000
0.000000
