53.329800
22.041000
949.540000
213.600000
88.314000
50.790000
33.553000
23.510000
18.084000
13.084000
9.248900
7.134600
5.280400
4.206100
3.320100
2.559800
2.056000
1.862400
1.302700
1.048600
0.849930
0.712910
0.547140
0.562080
0.411260
0.314850
0.347270
0.212930
0.187590
0.161810
0.134680
0.136150
0.099327
0.068256
0.059199
0.051298
0.040929
0.024398
0.027419
0.027369
0.026540
0.020189
0.018887
0.015963
0.012268
0.005769
0.007008
0.007434
0.004194
0.006302
0.004627
0.004361
0.001931
0.003776
0.002916
0.003002
0.000794
0.000659
0.000453
0.000433
0.001397
0.000424
0.000246
0.000303
0.000066
0.000190
0.000276
0.000063
0.000132
0.000024
0.000028
0.000258
0.000020
0.000012
0.000003
0.000000
0.000004
0.000019
0.000414
0.000000
0.000050
0.000004
0.000004
0.000002
0.000000
0.000000
0.000000
0.000000
0.000000
0.000000
0.000000
0.000000
0.000000
0.000000
0.000000
0.000000
0.000000
0.000000
0.000000
0.000000
0.000006
0.000005
0.000000
0.000000
0.000002
0.000000
0.000000
0.000000
0.000000
0.000000
0.000000
0.000000
0.000000
0.000000
0.000000
0.000000
0.000000
0.000000
0.000000
0.000000
0.000000
0.000000
0.000000
0.000000
0.000000
0.000000
0.000000
0.000000
0.000000
0.000000
0.000000
0.000000
0.000000
0.000000
0.000000
0.000000
0.000000
0.000000
0.000000
0.000000
0.000000
0.000000
0.000000
0.000000
0.000000
0.000000
0.000000
0.000000
0.000001
0.000000
0.000000
0.000000
0.000000
0.000000
0.000000
0.000000
0.000000
0.000000
0.000000
0.000000
0.000000
0.000000
0.000000
0.000000
0.000000
0.000000
0.000000
0.000000
0.000000
0.000000
0.000000
0.000000
0.000000
0.000000
0.000000
0.000000
0.000000
0.000000
0.000000
0.000000
0.000000
0.000000
0.000000
0.000000
0.000000
0.000000
0.000000
0.000000
0.000000
0.000000
0.000000
0.000000
0.000000
0.000000
0.000000
0.000000
0.000000
0.000000
0.000000
0.000000
0.000000
0.000000
