44.035600
25.804400
930.800000
219.280000
106.600000
62.325000
43.412000
28.852000
20.273000
16.020000
11.909000
8.765300
6.575900
5.104900
4.335000
3.356800
2.745200
2.107900
1.686800
1.342800
1.160100
0.941870
0.830540
0.567700
0.488250
0.379230
0.332640
0.291420
0.219990
0.169800
0.133390
0.125810
0.097752
0.080932
0.059678
0.067675
0.050569
0.036065
0.027168
0.026138
0.014564
0.020294
0.016224
0.012353
0.009618
0.011872
0.004595
0.003246
0.008864
0.003221
0.004169
0.003822
0.002207
0.002066
0.001870
0.000572
0.001474
0.001020
0.002103
0.000486
0.000241
0.000194
0.000377
0.000333
0.000317
0.000048
0.000200
0.000081
0.000059
0.000021
0.000013
0.000013
0.000063
0.000009
0.000081
0.000013
0.000029
0.000012
0.000020
0.000038
0.000020
0.000016
0.000000
0.000000
0.000002
0.000002
0.000000
0.000002
0.000000
0.000001
0.000006
0.000004
0.000009
0.000000
0.000012
0.000000
0.000000
0.000000
0.000004
0.000000
0.000000
0.000000
0.000000
0.000000
0.000000
0.000000
0.000000
0.000000
0.000000
0.000000
0.000000
0.000000
0.000000
0.000000
0.000000
0.000000
0.000000
0.000000
0.000000
0.000000
0.000000
0.000000
0.000000
0.000000
0.000000
0.000000
0.000000
0.000000
0.000000
0.000000
0.000000
0.000000
0.000000
0.000000
0.000000
0.000000
0.000000
0.000000
0.000000
0.000000
0.000000
0.000000
0.000000
0.000000
0.000000
0.000000
0.000000
0.000000
0.000000
0.000000
0.000000
0.000000
0.000000
0.000000
0.000000
0.000000
0.000000
0.000000
0.000000
0.000000
0.000000
0.000000
0.000000
0.000000
0.000000
0.000000
0.000000
0.000000
0.000000
0.000000
0.000000
0.000000
0.000000
0.000000
0.000000
0.000000
0.000000
0.000000
0.000000
0.000000
0.000000
0.000000
0.000000
0.000000
0.000000
0.000000
0.000000
0.000000
0.000000
0.000000
0.000000
0.000000
0.000000
0.000000
0.000000
0.000000
0.000000
0.000000
0.000000
0.000000
0.000000
0.000000
