89.958700
48.178700
788.390000
137.640000
54.226000
28.013000
15.531000
9.275000
6.135400
3.810200
2.805500
1.845900
1.320500
0.895620
0.671290
0.445670
0.334920
0.257890
0.186260
0.150110
0.107910
0.065881
0.058414
0.034239
0.028569
0.032721
0.019286
0.015893
0.011371
0.005755
0.006371
0.005074
0.003500
0.003959
0.001865
0.002706
0.001066
0.000847
0.000675
0.000436
0.000818
0.000423
0.000080
0.000032
0.000353
0.000103
0.000074
0.000090
0.000053
0.000147
0.000051
0.000029
0.000010
0.000012
0.000007
0.000005
0.000003
0.000000
0.000000
0.000000
0.000000
0.000002
0.000008
0.000000
0.000000
0.000000
0.000000
0.000005
0.000000
0.000000
0.000000
0.000000
0.000000
0.000000
0.000000
0.000000
0.000000
0.000000
0.000000
0.000000
0.000000
0.000000
0.000000
0.000000
0.000000
0.000000
0.000000
0.000000
0.000000
0.000000
0.000000
0.000000
0.000000
0.000000
0.000000
0.000000
0.000000
0.000000
0.000000
0.000000
0.000000
0.000000
0.000000
0.000000
0.000000
0.000000
0.000000
0.000000
0.000000
0.000000
0.000000
0.000000
0.000000
0.000000
0.000000
0.000000
0.000000
0.000000
0.000000
0.000000
0.000000
0.000000
0.000000
0.000000
0.000000
0.000000
0.000000
0.000000
0.000000
0.000000
0.000000
0.000000
0.000000
0.000000
0.000000
0.000000
0.000000
0.000000
0.000000
0.000000
0.000000
0.000000
0.000000
0.000000
0.000000
0.000000
0.000000
0.000000
0.000000
0.000000
0.000000
0.000000
0.000000
0.000000
0.000000
0.000000
0.000000
0.000000
0.000000
0.000000
0.000000
0.000000
0.000000
0.000000
0.000000
0.000000
0.000000
0.000000
0.000000
0.000000
0.000000
0.000000
0.000000
0.000000
0.000000
0.000000
0.000000
0.000000
0.000000
0.000000
0.000000
0.000000
0.000000
0.000000
0.000000
0.000000
0.000000
0.000000
0.000000
0.000000
0.000000
0.000000
0.000000
0.000000
0.000000
0.000000
0.000000
0.000000
0.000000
0.000000
0.000000
0.000000
