70.670000
25.715600
888.960000
163.040000
73.520000
40.306000
24.541000
17.369000
10.759000
8.020500
5.682300
4.322700
3.028600
2.641200
1.937100
1.349400
1.073800
0.791820
0.640870
0.514020
0.416760
0.353520
0.243680
0.224100
0.209180
0.166210
0.123250
0.090941
0.074667
0.058384
0.043689
0.059094
0.035535
0.032858
0.032600
0.021084
0.020298
0.005908
0.006000
0.009219
0.005624
0.005207
0.007095
0.002939
0.003510
0.002987
0.000889
0.002276
0.001205
0.001232
0.000970
0.000700
0.000531
0.000428
0.000730
0.000502
0.000172
0.000245
0.000108
0.000137
0.000047
0.000182
0.000114
0.000010
0.000094
0.000036
0.000031
0.000058
0.000107
0.000038
0.000027
0.000000
0.000012
0.000000
0.000000
0.000017
0.000002
0.000001
0.000000
0.000002
0.000079
0.000023
0.000000
0.000000
0.000000
0.000001
0.000000
0.000000
0.000000
0.000000
0.000000
0.000000
0.000000
0.000000
0.000000
0.000000
0.000000
0.000000
0.000000
0.000000
0.000000
0.000000
0.000000
0.000000
0.000000
0.000000
0.000000
0.000000
0.000000
0.000000
0.000000
0.000000
0.000000
0.000000
0.000000
0.000000
0.000000
0.000000
0.000000
0.000000
0.000000
0.000000
0.000000
0.000000
0.000000
0.000000
0.000000
0.000000
0.000000
0.000000
0.000000
0.000000
0.000000
0.000000
0.000000
0.000000
0.000000
0.000000
0.000000
0.000000
0.000000
0.000000
0.000000
0.000000
0.000000
0.000000
0.000000
0.000000
0.000000
0.000000
0.000000
0.000000
0.000000
0.000000
0.000000
0.000000
0.000000
0.000000
0.000000
0.000000
0.000000
0.000000
0.000000
0.000000
0.000000
0.000000
0.000000
0.000000
0.000000
0.000000
0.000000
0.000000
0.000000
0.000000
0.000000
0.000000
0.000000
0.000000
0.000000
0.000000
0.000000
0.000000
0.000000
0.000000
0.000000
0.000000
0.000000
0.000000
0.000000
0.000000
0.000000
0.000000
0.000000
0.000000
0.000000
0.000000
0.000000
0.000000
0.000000
0.000000
0.000000
0.000000
