45.728200
43.630400
1003.500000
224.490000
100.220000
60.372000
38.279000
23.893000
18.929000
13.132000
8.830400
7.421900
5.479500
3.958100
2.843100
2.151300
1.727600
1.480500
1.023100
0.838470
0.630050
0.492570
0.394340
0.247390
0.247030
0.180530
0.128200
0.106160
0.083865
0.064723
0.050202
0.025835
0.037156
0.034840
0.018363
0.013491
0.013932
0.007060
0.009387
0.009164
0.008444
0.003641
0.004952
0.002075
0.001259
0.003375
0.000686
0.001270
0.000524
0.000419
0.000563
0.000044
0.000293
0.000262
0.000049
0.000404
0.000027
0.000032
0.000111
0.000008
0.000025
0.000030
0.000094
0.000006
0.000008
0.000003
0.000000
0.000000
0.000006
0.000004
0.000000
0.000000
0.000003
0.000000
0.000004
0.000000
0.000003
0.000000
0.000000
0.000000
0.000000
0.000000
0.000000
0.000000
0.000000
0.000000
0.000000
0.000000
0.000000
0.000000
0.000000
0.000000
0.000000
0.000000
0.000000
0.000000
0.000000
0.000000
0.000000
0.000000
0.000000
0.000000
0.000000
0.000000
0.000000
0.000000
0.000000
0.000000
0.000000
0.000000
0.000000
0.000000
0.000000
0.000000
0.000000
0.000000
0.000000
0.000000
0.000000
0.000000
0.000000
0.000000
0.000000
0.000000
0.000000
0.000000
0.000000
0.000000
0.000000
0.000000
0.000000
0.000000
0.000000
0.000000
0.000000
0.000000
0.000000
0.000000
0.000000
0.000000
0.000000
0.000000
0.000000
0.000000
0.000000
0.000000
0.000000
0.000000
0.000000
0.000000
0.000000
0.000000
0.000000
0.000000
0.000000
0.000000
0.000000
0.000000
0.000000
0.000000
0.000000
0.000000
0.000000
0.000000
0.000000
0.000000
0.000000
0.000000
0.000000
0.000000
0.000000
0.000000
0.000000
0.000000
0.000000
0.000000
0.000000
0.000000
0.000000
0.000000
0.000000
0.000000
0.000000
0.000000
0.000000
0.000000
0.000000
0.000000
0.000000
0.000000
0.000000
0.000000
0.000000
0.000000
0.000000
0.000000
0.000000
0.000000
0.000000
0.000000
0.000000
0.000000
