42.988700
20.622500
966.820000
226.480000
114.630000
63.786000
43.535000
30.682000
22.705000
17.770000
13.045000
9.794600
7.159800
6.804800
4.973900
4.252900
3.147700
2.252200
2.080700
1.728200
1.376200
1.116100
0.855460
0.765520
0.613250
0.554220
0.442030
0.386240
0.305950
0.282490
0.186910
0.254320
0.163270
0.111910
0.086572
0.106610
0.069637
0.060711
0.039082
0.056426
0.033380
0.024652
0.019249
0.018083
0.019190
0.021592
0.011236
0.016408
0.014648
0.008457
0.005924
0.005098
0.004773
0.006285
0.002765
0.001773
0.004421
0.002585
0.002337
0.001118
0.000785
0.000595
0.000223
0.002077
0.000342
0.000374
0.000589
0.000163
0.000509
0.000229
0.000018
0.000131
0.000272
0.000068
0.000015
0.000114
0.000046
0.000010
0.000019
0.000035
0.000000
0.000006
0.000007
0.000000
0.000097
0.000008
0.000003
0.000000
0.000110
0.000000
0.000003
0.000000
0.000000
0.000022
0.000001
0.000000
0.000000
0.000000
0.000000
0.000000
0.000000
0.000000
0.000000
0.000000
0.000000
0.000000
0.000003
0.000000
0.000000
0.000000
0.000000
0.000000
0.000001
0.000000
0.000000
0.000000
0.000000
0.000000
0.000000
0.000000
0.000000
0.000000
0.000000
0.000000
0.000000
0.000000
0.000000
0.000000
0.000000
0.000000
0.000000
0.000000
0.000000
0.000000
0.000000
0.000000
0.000000
0.000000
0.000000
0.000000
0.000000
0.000000
0.000000
0.000000
0.000000
0.000000
0.000000
0.000000
0.000000
0.000000
0.000000
0.000000
0.000000
0.000000
0.000000
0.000000
0.000000
0.000000
0.000000
0.000000
0.000000
0.000000
0.000000
0.000000
0.000000
0.000000
0.000000
0.000000
0.000000
0.000000
0.000000
0.000000
0.000000
0.000000
0.000000
0.000000
0.000000
0.000000
0.000000
0.000000
0.000000
0.000000
0.000000
0.000000
0.000000
0.000000
0.000000
0.000000
0.000000
0.000000
0.000000
0.000000
0.000000
0.000000
0.000000
0.000000
0.000000
0.000000
0.000000
0.000000
0.000000
0.000000
