62.362000
55.264500
893.450000
184.190000
74.893000
42.145000
27.705000
17.831000
11.253000
7.456000
6.169500
3.686300
2.757100
2.213200
1.367000
1.069400
0.848080
0.619850
0.419840
0.327260
0.249900
0.187440
0.106580
0.106670
0.064140
0.058542
0.045618
0.030300
0.029407
0.018178
0.014633
0.007685
0.008893
0.004398
0.003016
0.002052
0.004192
0.002104
0.003322
0.000713
0.000873
0.000689
0.000307
0.000343
0.000825
0.000199
0.000125
0.000152
0.000070
0.000271
0.000059
0.000005
0.000026
0.000007
0.000084
0.000009
0.000002
0.000005
0.000011
0.000000
0.000000
0.000008
0.000002
0.000008
0.000004
0.000000
0.000000
0.000000
0.000000
0.000000
0.000000
0.000000
0.000000
0.000000
0.000002
0.000000
0.000000
0.000000
0.000000
0.000000
0.000000
0.000000
0.000000
0.000000
0.000000
0.000000
0.000000
0.000000
0.000000
0.000000
0.000000
0.000000
0.000000
0.000000
0.000000
0.000000
0.000000
0.000000
0.000000
0.000000
0.000000
0.000000
0.000000
0.000000
0.000000
0.000000
0.000000
0.000000
0.000000
0.000000
0.000000
0.000000
0.000000
0.000000
0.000000
0.000000
0.000000
0.000000
0.000000
0.000000
0.000000
0.000000
0.000000
0.000000
0.000000
0.000000
0.000000
0.000000
0.000000
0.000000
0.000000
0.000000
0.000000
0.000000
0.000000
0.000000
0.000000
0.000000
0.000000
0.000000
0.000000
0.000000
0.000000
0.000000
0.000000
0.000000
0.000000
0.000000
0.000000
0.000000
0.000000
0.000000
0.000000
0.000000
0.000000
0.000000
0.000000
0.000000
0.000000
0.000000
0.000000
0.000000
0.000000
0.000000
0.000000
0.000000
0.000000
0.000000
0.000000
0.000000
0.000000
0.000000
0.000000
0.000000
0.000000
0.000000
0.000000
0.000000
0.000000
0.000000
0.000000
0.000000
0.000000
0.000000
0.000000
0.000000
0.000000
0.000000
0.000000
0.000000
0.000000
0.000000
0.000000
0.000000
0.000000
0.000000
0.000000
0.000000
0.000000
0.000000
0.000000
0.000000
