66.269600
47.349800
866.310000
178.170000
73.232000
41.968000
24.953000
14.966000
10.431000
7.599200
4.983100
3.526500
2.675500
1.806700
1.202800
1.069800
0.829910
0.614770
0.437420
0.329920
0.264260
0.214840
0.139760
0.119540
0.077326
0.053109
0.048861
0.044108
0.027117
0.024419
0.013388
0.014040
0.009389
0.006866
0.005643
0.004206
0.003435
0.002359
0.003469
0.000909
0.000906
0.002370
0.000616
0.000492
0.000444
0.000292
0.000301
0.000050
0.000069
0.000106
0.000059
0.000067
0.000061
0.000030
0.000035
0.000036
0.000021
0.000045
0.000008
0.000000
0.000009
0.000007
0.000000
0.000003
0.000000
0.000000
0.000004
0.000000
0.000002
0.000003
0.000011
0.000000
0.000000
0.000000
0.000000
0.000000
0.000000
0.000000
0.000000
0.000000
0.000000
0.000000
0.000000
0.000000
0.000000
0.000000
0.000000
0.000000
0.000000
0.000000
0.000000
0.000000
0.000000
0.000000
0.000000
0.000000
0.000000
0.000000
0.000000
0.000000
0.000000
0.000000
0.000000
0.000000
0.000000
0.000000
0.000000
0.000000
0.000000
0.000000
0.000000
0.000000
0.000000
0.000000
0.000000
0.000000
0.000000
0.000000
0.000000
0.000000
0.000000
0.000000
0.000000
0.000000
0.000000
0.000000
0.000000
0.000000
0.000000
0.000000
0.000000
0.000000
0.000000
0.000000
0.000000
0.000000
0.000000
0.000000
0.000000
0.000000
0.000000
0.000000
0.000000
0.000000
0.000000
0.000000
0.000000
0.000000
0.000000
0.000000
0.000000
0.000000
0.000000
0.000000
0.000000
0.000000
0.000000
0.000000
0.000000
0.000000
0.000000
0.000000
0.000000
0.000000
0.000000
0.000000
0.000000
0.000000
0.000000
0.000000
0.000000
0.000000
0.000000
0.000000
0.000000
0.000000
0.000000
0.000000
0.000000
0.000000
0.000000
0.000000
0.000000
0.000000
0.000000
0.000000
0.000000
0.000000
0.000000
0.000000
0.000000
0.000000
0.000000
0.000000
0.000000
0.000000
0.000000
0.000000
0.000000
0.000000
0.000000
0.000000
