41.566700
32.302100
953.580000
238.700000
117.270000
66.900000
42.199000
30.999000
19.986000
15.561000
11.415000
8.681600
6.853500
5.625800
3.918000
3.138400
2.625000
2.195300
1.439600
1.288400
1.008100
0.783420
0.770920
0.519760
0.380110
0.293770
0.236050
0.207500
0.162500
0.151990
0.091670
0.083947
0.069930
0.062034
0.033654
0.040765
0.040427
0.028800
0.013303
0.015249
0.021222
0.012062
0.008415
0.007772
0.005429
0.004294
0.003574
0.004266
0.004123
0.002799
0.001385
0.001283
0.001190
0.000513
0.001256
0.000498
0.000540
0.000297
0.000242
0.001578
0.000222
0.000163
0.000085
0.000012
0.000141
0.000039
0.000057
0.000071
0.000025
0.000056
0.000004
0.000070
0.000017
0.000022
0.000002
0.000010
0.000005
0.000037
0.000005
0.000023
0.000012
0.000000
0.000011
0.000000
0.000000
0.000000
0.000000
0.000000
0.000000
0.000000
0.000002
0.000000
0.000000
0.000000
0.000000
0.000000
0.000000
0.000000
0.000000
0.000000
0.000000
0.000000
0.000000
0.000000
0.000000
0.000000
0.000000
0.000000
0.000000
0.000000
0.000000
0.000000
0.000000
0.000000
0.000000
0.000000
0.000000
0.000000
0.000000
0.000000
0.000000
0.000000
0.000000
0.000000
0.000000
0.000000
0.000000
0.000000
0.000000
0.000000
0.000000
0.000000
0.000000
0.000000
0.000000
0.000000
0.000000
0.000000
0.000000
0.000000
0.000000
0.000000
0.000000
0.000000
0.000000
0.000000
0.000000
0.000000
0.000000
0.000000
0.000000
0.000000
0.000000
0.000000
0.000000
0.000000
0.000000
0.000000
0.000000
0.000000
0.000000
0.000000
0.000000
0.000000
0.000000
0.000000
0.000000
0.000000
0.000000
0.000000
0.000000
0.000000
0.000000
0.000000
0.000000
0.000000
0.000000
0.000000
0.000000
0.000000
0.000000
0.000000
0.000000
0.000000
0.000000
0.000000
0.000000
0.000000
0.000000
0.000000
0.000000
0.000000
0.000000
0.000000
0.000000
0.000000
0.000000
0.000000
0.000000
0.000000
0.000000
0.000000
