41.566700
32.302100
997.800000
233.160000
118.160000
62.200000
42.539000
31.164000
19.885000
16.333000
11.786000
9.675300
6.349300
5.147200
3.967800
3.196600
2.745300
2.011800
1.580200
1.312700
0.941790
0.809910
0.573060
0.492500
0.443150
0.388170
0.260680
0.228150
0.161280
0.157480
0.103170
0.081487
0.088759
0.062111
0.040289
0.037473
0.038441
0.023302
0.029720
0.018113
0.011693
0.013419
0.013702
0.006828
0.003820
0.003731
0.003360
0.003844
0.002344
0.001857
0.001490
0.002055
0.000790
0.001437
0.000476
0.000479
0.000656
0.000407
0.000138
0.000178
0.000299
0.000096
0.000486
0.000066
0.000032
0.000616
0.000015
0.000040
0.000147
0.000042
0.000025
0.000011
0.000002
0.000012
0.000000
0.000000
0.000002
0.000016
0.000007
0.000020
0.000003
0.000000
0.000000
0.000003
0.000000
0.000000
0.000068
0.000000
0.000000
0.000000
0.000000
0.000000
0.000022
0.000000
0.000000
0.000000
0.000000
0.000000
0.000000
0.000000
0.000000
0.000000
0.000000
0.000000
0.000000
0.000000
0.000000
0.000000
0.000000
0.000000
0.000000
0.000000
0.000000
0.000000
0.000000
0.000000
0.000000
0.000000
0.000000
0.000000
0.000000
0.000000
0.000000
0.000000
0.000000
0.000000
0.000000
0.000000
0.000000
0.000000
0.000000
0.000000
0.000000
0.000000
0.000000
0.000000
0.000000
0.000000
0.000000
0.000000
0.000000
0.000000
0.000000
0.000000
0.000000
0.000000
0.000000
0.000000
0.000000
0.000000
0.000000
0.000000
0.000000
0.000000
0.000000
0.000000
0.000000
0.000000
0.000000
0.000000
0.000000
0.000000
0.000000
0.000000
0.000000
0.000000
0.000000
0.000000
0.000000
0.000000
0.000000
0.000000
0.000000
0.000000
0.000000
0.000000
0.000000
0.000000
0.000000
0.000000
0.000000
0.000000
0.000000
0.000000
0.000000
0.000000
0.000000
0.000000
0.000000
0.000000
0.000000
0.000000
0.000000
0.000000
0.000000
0.000000
0.000000
0.000000
0.000000
0.000000
0.000000
0.000000
