64.243400
51.053400
855.270000
179.610000
75.007000
45.539000
25.617000
17.154000
9.995600
7.300300
5.458200
3.820400
2.554800
1.856500
1.440900
1.090100
0.804170
0.659230
0.458570
0.315720
0.212480
0.183220
0.141720
0.079785
0.082209
0.069905
0.052437
0.023102
0.022407
0.016251
0.017970
0.008202
0.009591
0.014958
0.007971
0.005553
0.002563
0.001028
0.001020
0.001005
0.000725
0.001976
0.001220
0.000354
0.000557
0.000564
0.000417
0.000201
0.000232
0.000072
0.000055
0.000034
0.000034
0.000042
0.000099
0.000010
0.000031
0.000023
0.000000
0.000002
0.000000
0.000000
0.000086
0.000004
0.000000
0.000007
0.000000
0.000000
0.000000
0.000000
0.000000
0.000000
0.000006
0.000000
0.000000
0.000000
0.000000
0.000000
0.000000
0.000000
0.000000
0.000000
0.000000
0.000000
0.000000
0.000000
0.000000
0.000000
0.000000
0.000000
0.000000
0.000000
0.000000
0.000000
0.000000
0.000000
0.000000
0.000000
0.000000
0.000000
0.000000
0.000000
0.000000
0.000000
0.000000
0.000000
0.000000
0.000000
0.000000
0.000000
0.000000
0.000000
0.000000
0.000000
0.000000
0.000000
0.000000
0.000000
0.000000
0.000000
0.000000
0.000000
0.000000
0.000000
0.000000
0.000000
0.000000
0.000000
0.000000
0.000000
0.000000
0.000000
0.000000
0.000000
0.000000
0.000000
0.000000
0.000000
0.000000
0.000000
0.000000
0.000000
0.000000
0.000000
0.000000
0.000000
0.000000
0.000000
0.000000
0.000000
0.000000
0.000000
0.000000
0.000000
0.000000
0.000000
0.000000
0.000000
0.000000
0.000000
0.000000
0.000000
0.000000
0.000000
0.000000
0.000000
0.000000
0.000000
0.000000
0.000000
0.000000
0.000000
0.000000
0.000000
0.000000
0.000000
0.000000
0.000000
0.000000
0.000000
0.000000
0.000000
0.000000
0.000000
0.000000
0.000000
0.000000
0.000000
0.000000
0.000000
0.000000
0.000000
0.000000
0.000000
0.000000
0.000000
0.000000
0.000000
0.000000
0.000000
0.000000
0.000000
