57.635400
48.497200
941.320000
194.600000
88.069000
45.695000
29.006000
18.608000
13.093000
8.908500
6.871900
5.484300
3.682500
2.375100
2.083300
1.577700
1.125500
0.666320
0.611830
0.448130
0.312890
0.252110
0.208780
0.121940
0.115160
0.072365
0.048600
0.056066
0.051595
0.026162
0.017529
0.021940
0.019850
0.007818
0.006729
0.007311
0.004163
0.003651
0.002708
0.002175
0.001661
0.001387
0.001237
0.000783
0.000354
0.000375
0.000489
0.000149
0.000295
0.000092
0.000186
0.000089
0.000011
0.000036
0.000071
0.000004
0.000017
0.000007
0.000034
0.000011
0.000000
0.000011
0.000011
0.000002
0.000000
0.000002
0.000008
0.000002
0.000000
0.000003
0.000000
0.000000
0.000000
0.000000
0.000000
0.000000
0.000000
0.000000
0.000000
0.000000
0.000000
0.000000
0.000000
0.000000
0.000000
0.000000
0.000000
0.000000
0.000000
0.000000
0.000000
0.000000
0.000000
0.000000
0.000000
0.000000
0.000000
0.000000
0.000000
0.000000
0.000000
0.000000
0.000000
0.000000
0.000000
0.000000
0.000000
0.000000
0.000000
0.000000
0.000000
0.000000
0.000000
0.000000
0.000000
0.000000
0.000000
0.000000
0.000000
0.000000
0.000000
0.000000
0.000000
0.000000
0.000000
0.000000
0.000000
0.000000
0.000000
0.000000
0.000000
0.000000
0.000000
0.000000
0.000000
0.000000
0.000000
0.000000
0.000000
0.000000
0.000000
0.000000
0.000000
0.000000
0.000000
0.000000
0.000000
0.000000
0.000000
0.000000
0.000000
0.000000
0.000000
0.000000
0.000000
0.000000
0.000000
0.000000
0.000000
0.000000
0.000000
0.000000
0.000000
0.000000
0.000000
0.000000
0.000000
0.000000
0.000000
0.000000
0.000000
0.000000
0.000000
0.000000
0.000000
0.000000
0.000000
0.000000
0.000000
0.000000
0.000000
0.000000
0.000000
0.000000
0.000000
0.000000
0.000000
0.000000
0.000000
0.000000
0.000000
0.000000
0.000000
0.000000
0.000000
0.000000
0.000000
0.000000
0.000000
0.000000
0.000000
0.000000
