55.493900
24.175300
964.160000
210.670000
89.232000
52.674000
33.426000
24.836000
16.468000
12.042000
8.941000
6.507200
5.008600
4.051300
2.959700
2.235400
1.790300
1.482000
1.472400
0.929600
0.689450
0.693100
0.553480
0.422690
0.364220
0.267540
0.233300
0.236930
0.185610
0.121040
0.101510
0.061231
0.063059
0.068199
0.046924
0.028327
0.038299
0.023126
0.027155
0.022651
0.015380
0.010656
0.020926
0.005675
0.008564
0.005230
0.005507
0.006249
0.003675
0.005058
0.003627
0.000514
0.000934
0.000553
0.001504
0.001074
0.000480
0.001727
0.000506
0.000219
0.000421
0.000140
0.000065
0.000243
0.000140
0.000369
0.000074
0.000040
0.000089
0.000040
0.000001
0.000089
0.000297
0.000008
0.000031
0.000002
0.000018
0.000003
0.000001
0.000141
0.000040
0.000005
0.000000
0.000004
0.000000
0.000000
0.000003
0.000003
0.000003
0.000000
0.000003
0.000000
0.000000
0.000000
0.000000
0.000000
0.000046
0.000000
0.000000
0.000000
0.000000
0.000000
0.000000
0.000000
0.000000
0.000000
0.000000
0.000000
0.000000
0.000000
0.000000
0.000000
0.000000
0.000000
0.000000
0.000000
0.000000
0.000000
0.000000
0.000000
0.000000
0.000000
0.000000
0.000000
0.000000
0.000000
0.000000
0.000000
0.000000
0.000000
0.000000
0.000000
0.000000
0.000000
0.000000
0.000000
0.000000
0.000000
0.000000
0.000000
0.000000
0.000000
0.000000
0.000000
0.000000
0.000000
0.000000
0.000000
0.000000
0.000000
0.000000
0.000000
0.000000
0.000000
0.000000
0.000000
0.000000
0.000000
0.000000
0.000000
0.000000
0.000000
0.000000
0.000000
0.000000
0.000000
0.000000
0.000000
0.000000
0.000000
0.000000
0.000000
0.000000
0.000000
0.000000
0.000000
0.000000
0.000000
0.000000
0.000000
0.000000
0.000000
0.000000
0.000000
0.000000
0.000000
0.000000
0.000000
0.000000
0.000000
0.000000
0.000000
0.000000
0.000000
0.000000
0.000000
0.000000
0.000000
0.000000
0.000000
0.000000
0.000000
