43.055900
41.087300
991.480000
226.860000
99.094000
58.385000
41.552000
26.727000
19.165000
12.783000
10.281000
8.177100
5.882400
4.042200
3.609500
2.406100
2.070800
1.632500
1.284900
0.969980
0.780660
0.648310
0.500030
0.375020
0.259450
0.223180
0.149610
0.130710
0.112110
0.073979
0.095153
0.063309
0.045547
0.034087
0.023447
0.017019
0.020553
0.019055
0.010468
0.008607
0.009595
0.004619
0.004423
0.002248
0.003563
0.002628
0.001084
0.000898
0.002086
0.000564
0.001204
0.001361
0.000733
0.000207
0.000198
0.000287
0.000406
0.000141
0.000294
0.000074
0.000031
0.000103
0.000005
0.000021
0.000020
0.000011
0.000001
0.000079
0.000000
0.000002
0.000060
0.000001
0.000017
0.000002
0.000003
0.000000
0.000001
0.000000
0.000003
0.000002
0.000003
0.000000
0.000000
0.000000
0.000000
0.000000
0.000002
0.000000
0.000000
0.000000
0.000000
0.000000
0.000000
0.000000
0.000000
0.000000
0.000000
0.000000
0.000000
0.000000
0.000000
0.000000
0.000000
0.000000
0.000000
0.000000
0.000000
0.000000
0.000000
0.000000
0.000000
0.000000
0.000000
0.000000
0.000000
0.000000
0.000000
0.000000
0.000000
0.000000
0.000000
0.000000
0.000000
0.000000
0.000000
0.000000
0.000000
0.000000
0.000000
0.000000
0.000000
0.000000
0.000000
0.000000
0.000000
0.000000
0.000000
0.000000
0.000000
0.000000
0.000000
0.000000
0.000000
0.000000
0.000000
0.000000
0.000000
0.000000
0.000000
0.000000
0.000000
0.000000
0.000000
0.000000
0.000000
0.000000
0.000000
0.000000
0.000000
0.000000
0.000000
0.000000
0.000000
0.000000
0.000000
0.000000
0.000000
0.000000
0.000000
0.000000
0.000000
0.000000
0.000000
0.000000
0.000000
0.000000
0.000000
0.000000
0.000000
0.000000
0.000000
0.000000
0.000000
0.000000
0.000000
0.000000
0.000000
0.000000
0.000000
0.000000
0.000000
0.000000
0.000000
0.000000
0.000000
0.000000
0.000000
0.000000
0.000000
0.000000
0.000000
0.000000
