55.231800
50.233400
872.400000
201.110000
78.830000
50.157000
30.568000
19.251000
14.126000
9.545500
7.083500
5.239800
4.044000
3.023100
1.971900
1.412700
1.029800
0.792780
0.591830
0.486040
0.370050
0.327260
0.245980
0.159530
0.109690
0.089385
0.078352
0.049645
0.048573
0.038300
0.023760
0.021032
0.016620
0.014869
0.006856
0.004841
0.004895
0.004942
0.002354
0.003155
0.001324
0.001212
0.001756
0.000845
0.000416
0.000390
0.000358
0.000283
0.000173
0.000171
0.000100
0.000217
0.000249
0.000064
0.000014
0.000048
0.000056
0.000025
0.000019
0.000007
0.000002
0.000001
0.000004
0.000000
0.000007
0.000004
0.000000
0.000019
0.000000
0.000000
0.000000
0.000000
0.000000
0.000000
0.000000
0.000000
0.000000
0.000000
0.000000
0.000000
0.000000
0.000000
0.000000
0.000000
0.000000
0.000000
0.000000
0.000000
0.000000
0.000000
0.000000
0.000000
0.000000
0.000000
0.000000
0.000000
0.000000
0.000000
0.000000
0.000000
0.000000
0.000000
0.000000
0.000000
0.000000
0.000000
0.000000
0.000000
0.000000
0.000000
0.000000
0.000000
0.000000
0.000000
0.000000
0.000000
0.000000
0.000000
0.000000
0.000000
0.000000
0.000000
0.000000
0.000000
0.000000
0.000000
0.000000
0.000000
0.000000
0.000000
0.000000
0.000000
0.000000
0.000000
0.000000
0.000000
0.000000
0.000000
0.000000
0.000000
0.000000
0.000000
0.000000
0.000000
0.000000
0.000000
0.000000
0.000000
0.000000
0.000000
0.000000
0.000000
0.000000
0.000000
0.000000
0.000000
0.000000
0.000000
0.000000
0.000000
0.000000
0.000000
0.000000
0.000000
0.000000
0.000000
0.000000
0.000000
0.000000
0.000000
0.000000
0.000000
0.000000
0.000000
0.000000
0.000000
0.000000
0.000000
0.000000
0.000000
0.000000
0.000000
0.000000
0.000000
0.000000
0.000000
0.000000
0.000000
0.000000
0.000000
0.000000
0.000000
0.000000
0.000000
0.000000
0.000000
0.000000
0.000000
0.000000
0.000000
0.000000
0.000000
