46.666000
17.050300
974.830000
227.920000
105.360000
63.909000
40.076000
29.502000
21.325000
14.898000
12.248000
9.292300
7.487600
5.936300
4.968900
3.504400
3.135500
2.488700
1.958700
1.713500
1.477800
1.179300
1.005900
0.742240
0.649550
0.557930
0.474000
0.354700
0.322200
0.309140
0.191920
0.178300
0.198100
0.167200
0.102050
0.129480
0.101070
0.065210
0.049833
0.051074
0.041455
0.037694
0.043494
0.021537
0.015558
0.017972
0.020172
0.014205
0.008611
0.007066
0.005266
0.008014
0.008866
0.006310
0.005244
0.003010
0.002729
0.003353
0.001554
0.002955
0.001135
0.002443
0.002384
0.000623
0.000758
0.000355
0.000449
0.000620
0.000956
0.000223
0.000725
0.000214
0.000127
0.000142
0.000178
0.000034
0.000066
0.000127
0.000064
0.000206
0.000063
0.000081
0.000025
0.000011
0.000096
0.000011
0.000027
0.000025
0.000000
0.000013
0.000003
0.000025
0.000000
0.000005
0.000004
0.000009
0.000000
0.000001
0.000015
0.000001
0.000000
0.000000
0.000000
0.000000
0.000000
0.000000
0.000004
0.000000
0.000000
0.000000
0.000000
0.000000
0.000001
0.000001
0.000000
0.000000
0.000000
0.000000
0.000000
0.000000
0.000000
0.000000
0.000000
0.000000
0.000000
0.000000
0.000000
0.000000
0.000000
0.000000
0.000000
0.000000
0.000000
0.000000
0.000000
0.000000
0.000000
0.000000
0.000000
0.000000
0.000000
0.000000
0.000000
0.000000
0.000000
0.000000
0.000000
0.000000
0.000000
0.000000
0.000000
0.000000
0.000000
0.000000
0.000000
0.000000
0.000000
0.000000
0.000000
0.000000
0.000000
0.000000
0.000000
0.000000
0.000000
0.000000
0.000000
0.000000
0.000000
0.000000
0.000000
0.000000
0.000000
0.000000
0.000000
0.000000
0.000000
0.000000
0.000000
0.000000
0.000000
0.000000
0.000000
0.000000
0.000000
0.000000
0.000000
0.000000
0.000000
0.000000
0.000000
0.000000
0.000000
0.000000
0.000000
0.000000
0.000000
0.000000
0.000000
0.000000
0.000000
0.000000
