70.073500
24.802900
854.090000
178.850000
74.957000
40.841000
26.006000
16.369000
11.739000
7.995100
5.878200
4.150400
2.825900
2.242900
1.725200
1.478400
1.216900
1.025100
0.643540
0.575860
0.438550
0.362290
0.329600
0.219990
0.204070
0.138930
0.150430
0.099924
0.098395
0.087926
0.041938
0.035084
0.041593
0.032818
0.018552
0.022608
0.022356
0.015219
0.010841
0.010590
0.008849
0.008124
0.003724
0.002565
0.003260
0.004130
0.003342
0.002949
0.001518
0.001606
0.001063
0.000740
0.000659
0.000670
0.000418
0.000396
0.000469
0.000118
0.000197
0.000223
0.000218
0.000363
0.000138
0.000114
0.000201
0.000243
0.000066
0.000009
0.000031
0.000022
0.000002
0.000020
0.000005
0.000005
0.000006
0.000005
0.000002
0.000000
0.000000
0.000000
0.000003
0.000003
0.000006
0.000000
0.000000
0.000000
0.000000
0.000000
0.000021
0.000000
0.000000
0.000000
0.000000
0.000000
0.000000
0.000000
0.000000
0.000000
0.000000
0.000000
0.000000
0.000000
0.000000
0.000000
0.000000
0.000000
0.000000
0.000000
0.000000
0.000000
0.000000
0.000000
0.000000
0.000000
0.000000
0.000000
0.000000
0.000000
0.000000
0.000000
0.000000
0.000000
0.000000
0.000000
0.000000
0.000000
0.000000
0.000000
0.000000
0.000000
0.000000
0.000000
0.000000
0.000000
0.000000
0.000000
0.000000
0.000000
0.000000
0.000000
0.000000
0.000000
0.000000
0.000000
0.000000
0.000000
0.000000
0.000000
0.000000
0.000000
0.000000
0.000000
0.000000
0.000000
0.000000
0.000000
0.000000
0.000000
0.000000
0.000000
0.000000
0.000000
0.000000
0.000000
0.000000
0.000000
0.000000
0.000000
0.000000
0.000000
0.000000
0.000000
0.000000
0.000000
0.000000
0.000000
0.000000
0.000000
0.000000
0.000000
0.000000
0.000000
0.000000
0.000000
0.000000
0.000000
0.000000
0.000000
0.000000
0.000000
0.000000
0.000000
0.000000
0.000000
0.000000
0.000000
0.000000
0.000000
0.000000
0.000000
0.000000
0.000000
