68.545300
39.721200
865.400000
177.220000
73.993000
39.225000
23.712000
15.544000
10.042000
7.051700
5.143700
3.869700
2.713000
2.069800
1.348700
1.031300
0.825930
0.591580
0.501040
0.348160
0.296790
0.220270
0.158310
0.136420
0.097318
0.063675
0.058030
0.053371
0.042544
0.038683
0.025063
0.025029
0.012982
0.013084
0.016598
0.007101
0.005721
0.007162
0.003225
0.005205
0.002123
0.001879
0.000985
0.001159
0.000846
0.001192
0.000422
0.000343
0.000595
0.000303
0.000157
0.000210
0.000150
0.000166
0.000021
0.000042
0.000050
0.000148
0.000040
0.000007
0.000002
0.000000
0.000023
0.000004
0.000008
0.000000
0.000000
0.000000
0.000000
0.000000
0.000000
0.000000
0.000000
0.000000
0.000000
0.000000
0.000000
0.000009
0.000000
0.000000
0.000000
0.000000
0.000000
0.000000
0.000000
0.000000
0.000000
0.000000
0.000000
0.000000
0.000000
0.000000
0.000000
0.000000
0.000000
0.000000
0.000000
0.000000
0.000000
0.000000
0.000000
0.000000
0.000000
0.000000
0.000000
0.000000
0.000000
0.000000
0.000000
0.000000
0.000000
0.000000
0.000000
0.000000
0.000000
0.000000
0.000000
0.000000
0.000000
0.000000
0.000000
0.000000
0.000000
0.000000
0.000000
0.000000
0.000000
0.000000
0.000000
0.000000
0.000000
0.000000
0.000000
0.000000
0.000000
0.000000
0.000000
0.000000
0.000000
0.000000
0.000000
0.000000
0.000000
0.000000
0.000000
0.000000
0.000000
0.000000
0.000000
0.000000
0.000000
0.000000
0.000000
0.000000
0.000000
0.000000
0.000000
0.000000
0.000000
0.000000
0.000000
0.000000
0.000000
0.000000
0.000000
0.000000
0.000000
0.000000
0.000000
0.000000
0.000000
0.000000
0.000000
0.000000
0.000000
0.000000
0.000000
0.000000
0.000000
0.000000
0.000000
0.000000
0.000000
0.000000
0.000000
0.000000
0.000000
0.000000
0.000000
0.000000
0.000000
0.000000
0.000000
0.000000
0.000000
0.000000
0.000000
0.000000
0.000000
0.000000
0.000000
0.000000
