66.053900
39.328600
910.230000
192.920000
76.269000
41.571000
26.520000
19.003000
11.719000
8.085500
5.842200
3.751200
2.918100
1.884300
1.494000
1.157100
0.836600
0.616640
0.507770
0.433290
0.298990
0.238410
0.168000
0.127270
0.127210
0.089787
0.072487
0.054984
0.040885
0.040695
0.022596
0.022816
0.015062
0.011235
0.012524
0.009589
0.006855
0.004215
0.001754
0.002360
0.003246
0.001193
0.002496
0.002073
0.000766
0.000837
0.000877
0.000336
0.000192
0.000249
0.000313
0.000821
0.000066
0.000353
0.000116
0.000100
0.000064
0.000019
0.000005
0.000009
0.000027
0.000077
0.000002
0.000023
0.000003
0.000015
0.000024
0.000000
0.000000
0.000002
0.000005
0.000000
0.000000
0.000000
0.000001
0.000000
0.000000
0.000000
0.000004
0.000000
0.000000
0.000000
0.000000
0.000000
0.000000
0.000000
0.000000
0.000000
0.000000
0.000000
0.000000
0.000000
0.000000
0.000000
0.000000
0.000000
0.000000
0.000000
0.000000
0.000000
0.000000
0.000000
0.000000
0.000000
0.000000
0.000000
0.000000
0.000000
0.000000
0.000000
0.000000
0.000000
0.000000
0.000000
0.000000
0.000000
0.000000
0.000000
0.000000
0.000000
0.000000
0.000000
0.000000
0.000000
0.000000
0.000000
0.000000
0.000000
0.000000
0.000000
0.000000
0.000000
0.000000
0.000000
0.000000
0.000000
0.000000
0.000000
0.000000
0.000000
0.000000
0.000000
0.000000
0.000000
0.000000
0.000000
0.000000
0.000000
0.000000
0.000000
0.000000
0.000000
0.000000
0.000000
0.000000
0.000000
0.000000
0.000000
0.000000
0.000000
0.000000
0.000000
0.000000
0.000000
0.000000
0.000000
0.000000
0.000000
0.000000
0.000000
0.000000
0.000000
0.000000
0.000000
0.000000
0.000000
0.000000
0.000000
0.000000
0.000000
0.000000
0.000000
0.000000
0.000000
0.000000
0.000000
0.000000
0.000000
0.000000
0.000000
0.000000
0.000000
0.000000
0.000000
0.000000
0.000000
0.000000
0.000000
0.000000
0.000000
0.000000
0.000000
