60.993200
32.538500
859.650000
191.340000
87.698000
44.513000
32.401000
18.430000
13.528000
8.916400
5.990000
5.245400
3.646500
2.990900
2.061000
1.629200
1.291300
0.956940
0.786660
0.641690
0.471190
0.356040
0.267900
0.245770
0.177840
0.141640
0.104150
0.076403
0.061427
0.060666
0.034380
0.032478
0.030314
0.038237
0.024505
0.019802
0.016693
0.009560
0.006770
0.010218
0.007837
0.003879
0.004497
0.002485
0.003398
0.001384
0.002112
0.001482
0.002017
0.001326
0.000564
0.000272
0.000197
0.000597
0.000510
0.000046
0.000209
0.000070
0.000035
0.000094
0.000103
0.000030
0.000046
0.000008
0.000016
0.000020
0.000016
0.000006
0.000005
0.000012
0.000092
0.000003
0.000000
0.000006
0.000004
0.000003
0.000000
0.000000
0.000008
0.000000
0.000000
0.000000
0.000000
0.000005
0.000000
0.000000
0.000000
0.000000
0.000000
0.000000
0.000000
0.000000
0.000000
0.000000
0.000000
0.000000
0.000000
0.000000
0.000000
0.000000
0.000000
0.000000
0.000000
0.000000
0.000000
0.000000
0.000000
0.000000
0.000000
0.000000
0.000000
0.000000
0.000000
0.000000
0.000000
0.000000
0.000000
0.000000
0.000000
0.000000
0.000000
0.000000
0.000000
0.000000
0.000000
0.000000
0.000000
0.000000
0.000000
0.000000
0.000000
0.000000
0.000000
0.000000
0.000000
0.000000
0.000000
0.000000
0.000000
0.000000
0.000000
0.000000
0.000000
0.000000
0.000000
0.000000
0.000000
0.000000
0.000000
0.000000
0.000000
0.000000
0.000000
0.000000
0.000000
0.000000
0.000000
0.000000
0.000000
0.000000
0.000000
0.000000
0.000000
0.000000
0.000000
0.000000
0.000000
0.000000
0.000000
0.000000
0.000000
0.000000
0.000000
0.000000
0.000000
0.000000
0.000000
0.000000
0.000000
0.000000
0.000000
0.000000
0.000000
0.000000
0.000000
0.000000
0.000000
0.000000
0.000000
0.000000
0.000000
0.000000
0.000000
0.000000
0.000000
0.000000
0.000000
0.000000
0.000000
0.000000
0.000000
0.000000
