45.807800
56.885900
957.620000
207.330000
106.040000
56.928000
35.997000
23.832000
16.528000
12.085000
9.089100
6.024200
4.564900
3.833600
2.367200
2.131000
1.557700
1.098400
0.948920
0.559230
0.504100
0.421300
0.302610
0.212350
0.130390
0.103730
0.104930
0.081479
0.065227
0.055507
0.028737
0.032755
0.027361
0.011164
0.007795
0.013501
0.008090
0.007955
0.002253
0.002167
0.005051
0.001288
0.001277
0.000846
0.000519
0.000490
0.000252
0.000357
0.000154
0.000157
0.000092
0.000229
0.000053
0.000022
0.000036
0.000044
0.000017
0.000042
0.000000
0.000012
0.000032
0.000005
0.000009
0.000002
0.000001
0.000000
0.000020
0.000006
0.000000
0.000000
0.000000
0.000002
0.000000
0.000000
0.000000
0.000000
0.000000
0.000000
0.000000
0.000000
0.000000
0.000000
0.000000
0.000000
0.000000
0.000000
0.000000
0.000000
0.000000
0.000000
0.000000
0.000000
0.000000
0.000000
0.000000
0.000000
0.000000
0.000000
0.000000
0.000000
0.000000
0.000000
0.000000
0.000000
0.000000
0.000000
0.000000
0.000000
0.000000
0.000000
0.000000
0.000000
0.000000
0.000000
0.000000
0.000000
0.000000
0.000000
0.000000
0.000000
0.000000
0.000000
0.000000
0.000000
0.000000
0.000000
0.000000
0.000000
0.000000
0.000000
0.000000
0.000000
0.000000
0.000000
0.000000
0.000000
0.000000
0.000000
0.000000
0.000000
0.000000
0.000000
0.000000
0.000000
0.000000
0.000000
0.000000
0.000000
0.000000
0.000000
0.000000
0.000000
0.000000
0.000000
0.000000
0.000000
0.000000
0.000000
0.000000
0.000000
0.000000
0.000000
0.000000
0.000000
0.000000
0.000000
0.000000
0.000000
0.000000
0.000000
0.000000
0.000000
0.000000
0.000000
0.000000
0.000000
0.000000
0.000000
0.000000
0.000000
0.000000
0.000000
0.000000
0.000000
0.000000
0.000000
0.000000
0.000000
0.000000
0.000000
0.000000
0.000000
0.000000
0.000000
0.000000
0.000000
0.000000
0.000000
0.000000
0.000000
0.000000
0.000000
