75.022600
16.342700
885.720000
170.280000
69.611000
38.649000
22.330000
15.458000
10.972000
8.208700
5.430600
3.956700
3.172800
2.560900
2.096800
1.457900
1.334700
1.137300
0.873480
0.707330
0.661920
0.499710
0.442970
0.377420
0.301320
0.265670
0.204040
0.211590
0.147420
0.133710
0.097095
0.100140
0.058206
0.062255
0.067738
0.032550
0.028947
0.035942
0.029115
0.023881
0.009153
0.025582
0.014516
0.011139
0.011227
0.010962
0.006255
0.004789
0.006188
0.004949
0.001311
0.002665
0.003704
0.003666
0.000323
0.002571
0.002611
0.001281
0.001487
0.000295
0.000794
0.001068
0.001039
0.000027
0.000123
0.000725
0.000278
0.000043
0.000479
0.000115
0.000108
0.000097
0.000061
0.000002
0.000007
0.000043
0.000005
0.000300
0.000000
0.000037
0.000000
0.000000
0.000162
0.000000
0.000000
0.000001
0.000133
0.000000
0.000101
0.000011
0.000000
0.000000
0.000000
0.000000
0.000000
0.000000
0.000000
0.000000
0.000000
0.000020
0.000000
0.000000
0.000000
0.000000
0.000000
0.000000
0.000000
0.000000
0.000000
0.000000
0.000000
0.000000
0.000000
0.000000
0.000000
0.000000
0.000000
0.000000
0.000000
0.000000
0.000000
0.000000
0.000000
0.000000
0.000000
0.000000
0.000000
0.000000
0.000000
0.000000
0.000000
0.000000
0.000000
0.000000
0.000000
0.000000
0.000000
0.000000
0.000000
0.000000
0.000000
0.000000
0.000000
0.000000
0.000000
0.000000
0.000000
0.000000
0.000000
0.000000
0.000000
0.000000
0.000000
0.000000
0.000000
0.000000
0.000000
0.000000
0.000000
0.000000
0.000000
0.000000
0.000000
0.000000
0.000000
0.000000
0.000000
0.000000
0.000000
0.000000
0.000000
0.000000
0.000000
0.000000
0.000000
0.000000
0.000000
0.000000
0.000000
0.000000
0.000000
0.000000
0.000000
0.000000
0.000000
0.000000
0.000000
0.000000
0.000000
0.000000
0.000000
0.000000
0.000000
0.000000
0.000000
0.000000
0.000000
0.000000
0.000000
0.000000
0.000000
0.000000
