72.679700
19.838600
842.750000
170.970000
73.128000
38.807000
24.086000
15.913000
10.653000
7.810600
5.496000
4.246300
3.001200
2.344300
2.086700
1.522200
1.271600
0.949990
0.847730
0.671310
0.555970
0.417590
0.318340
0.283330
0.221480
0.236000
0.172620
0.133320
0.133440
0.088818
0.094478
0.077424
0.058428
0.044569
0.027876
0.030365
0.018160
0.024399
0.018666
0.012510
0.014520
0.013458
0.011069
0.011203
0.006402
0.004622
0.003486
0.003893
0.001817
0.005825
0.000833
0.001450
0.001484
0.001114
0.001713
0.000711
0.001038
0.000516
0.000367
0.000468
0.000045
0.000090
0.000043
0.000195
0.000108
0.000239
0.000312
0.000049
0.000524
0.000012
0.000019
0.000011
0.000000
0.000114
0.000000
0.000058
0.000000
0.000000
0.000105
0.000002
0.000018
0.000004
0.000000
0.000002
0.000000
0.000000
0.000009
0.000000
0.000000
0.000034
0.000000
0.000000
0.000000
0.000000
0.000002
0.000000
0.000008
0.000000
0.000000
0.000000
0.000000
0.000000
0.000000
0.000000
0.000000
0.000000
0.000000
0.000000
0.000000
0.000000
0.000000
0.000000
0.000000
0.000000
0.000000
0.000000
0.000000
0.000000
0.000000
0.000000
0.000000
0.000000
0.000000
0.000000
0.000000
0.000000
0.000000
0.000000
0.000000
0.000000
0.000000
0.000000
0.000000
0.000000
0.000000
0.000000
0.000000
0.000000
0.000000
0.000000
0.000000
0.000000
0.000000
0.000000
0.000000
0.000000
0.000000
0.000000
0.000000
0.000000
0.000000
0.000000
0.000000
0.000000
0.000000
0.000000
0.000000
0.000000
0.000000
0.000000
0.000000
0.000000
0.000000
0.000000
0.000000
0.000000
0.000000
0.000000
0.000000
0.000000
0.000000
0.000000
0.000000
0.000000
0.000000
0.000000
0.000000
0.000000
0.000000
0.000000
0.000000
0.000000
0.000000
0.000000
0.000000
0.000000
0.000000
0.000000
0.000000
0.000000
0.000000
0.000000
0.000000
0.000000
0.000000
0.000000
0.000000
0.000000
0.000000
0.000000
0.000000
0.000000
