75.342700
55.989400
842.950000
162.470000
68.027000
36.448000
19.309000
13.847000
8.363400
5.862800
3.882000
2.525800
1.975400
1.234700
0.855000
0.726450
0.492040
0.366040
0.239740
0.206860
0.134000
0.099099
0.064583
0.077510
0.034956
0.023057
0.026626
0.022834
0.014137
0.011838
0.005996
0.003842
0.004409
0.003001
0.003301
0.001286
0.001115
0.000941
0.001309
0.000663
0.000618
0.000297
0.000209
0.000258
0.000279
0.000056
0.000134
0.000073
0.000067
0.000018
0.000000
0.000000
0.000003
0.000019
0.000000
0.000002
0.000009
0.000000
0.000000
0.000000
0.000000
0.000002
0.000000
0.000017
0.000000
0.000000
0.000000
0.000000
0.000000
0.000000
0.000000
0.000000
0.000000
0.000000
0.000000
0.000000
0.000000
0.000000
0.000000
0.000000
0.000000
0.000000
0.000000
0.000000
0.000000
0.000000
0.000000
0.000000
0.000000
0.000000
0.000000
0.000000
0.000000
0.000000
0.000000
0.000000
0.000000
0.000000
0.000000
0.000000
0.000000
0.000000
0.000000
0.000000
0.000000
0.000000
0.000000
0.000000
0.000000
0.000000
0.000000
0.000000
0.000000
0.000000
0.000000
0.000000
0.000000
0.000000
0.000000
0.000000
0.000000
0.000000
0.000000
0.000000
0.000000
0.000000
0.000000
0.000000
0.000000
0.000000
0.000000
0.000000
0.000000
0.000000
0.000000
0.000000
0.000000
0.000000
0.000000
0.000000
0.000000
0.000000
0.000000
0.000000
0.000000
0.000000
0.000000
0.000000
0.000000
0.000000
0.000000
0.000000
0.000000
0.000000
0.000000
0.000000
0.000000
0.000000
0.000000
0.000000
0.000000
0.000000
0.000000
0.000000
0.000000
0.000000
0.000000
0.000000
0.000000
0.000000
0.000000
0.000000
0.000000
0.000000
0.000000
0.000000
0.000000
0.000000
0.000000
0.000000
0.000000
0.000000
0.000000
0.000000
0.000000
0.000000
0.000000
0.000000
0.000000
0.000000
0.000000
0.000000
0.000000
0.000000
0.000000
0.000000
0.000000
0.000000
0.000000
0.000000
0.000000
0.000000
