61.854900
16.062400
914.870000
186.360000
85.371000
46.291000
31.240000
20.795000
14.095000
10.452000
7.904800
6.097200
4.974400
4.300500
3.185800
2.364700
2.298100
1.538000
1.343500
1.022500
0.907530
0.780030
0.600530
0.513460
0.420820
0.418290
0.268130
0.296790
0.225580
0.168480
0.150710
0.189080
0.135000
0.097763
0.085699
0.063119
0.045481
0.051241
0.041507
0.047914
0.034113
0.025734
0.019505
0.018106
0.016120
0.019607
0.011565
0.009213
0.007059
0.010459
0.005336
0.003071
0.002310
0.001244
0.005461
0.004381
0.001108
0.001290
0.000640
0.000856
0.003000
0.001433
0.000374
0.000849
0.001013
0.000779
0.000185
0.000217
0.000168
0.000265
0.000192
0.000225
0.000314
0.000106
0.000092
0.000014
0.000017
0.000012
0.000013
0.000005
0.000019
0.000126
0.000016
0.000002
0.000009
0.000006
0.000005
0.000004
0.000017
0.000001
0.000001
0.000031
0.000000
0.000025
0.000000
0.000003
0.000002
0.000003
0.000002
0.000000
0.000000
0.000017
0.000000
0.000000
0.000000
0.000000
0.000000
0.000000
0.000000
0.000000
0.000001
0.000000
0.000000
0.000000
0.000000
0.000000
0.000000
0.000000
0.000000
0.000000
0.000000
0.000000
0.000000
0.000000
0.000000
0.000000
0.000000
0.000000
0.000000
0.000000
0.000000
0.000000
0.000000
0.000000
0.000000
0.000000
0.000000
0.000000
0.000000
0.000000
0.000000
0.000000
0.000000
0.000000
0.000000
0.000000
0.000000
0.000000
0.000000
0.000000
0.000000
0.000000
0.000000
0.000000
0.000000
0.000000
0.000000
0.000000
0.000000
0.000000
0.000000
0.000000
0.000000
0.000000
0.000000
0.000000
0.000000
0.000000
0.000000
0.000000
0.000000
0.000000
0.000000
0.000000
0.000000
0.000000
0.000000
0.000000
0.000000
0.000000
0.000000
0.000000
0.000000
0.000000
0.000000
0.000000
0.000000
0.000000
0.000000
0.000000
0.000000
0.000000
0.000000
0.000000
0.000000
0.000000
0.000000
0.000000
0.000000
0.000000
0.000000
0.000000
