69.875000
24.896200
837.590000
176.540000
75.927000
42.182000
25.317000
16.703000
11.040000
8.433200
5.393400
4.524000
3.013100
2.368300
1.819800
1.556200
1.150100
0.874840
0.747850
0.566640
0.505220
0.367990
0.291730
0.224750
0.189890
0.170310
0.160050
0.107120
0.089390
0.072084
0.060655
0.056916
0.037053
0.031594
0.027400
0.023136
0.018375
0.013625
0.009060
0.007967
0.005220
0.008282
0.005734
0.007196
0.004014
0.002544
0.002985
0.001888
0.001357
0.000937
0.001217
0.000907
0.001586
0.000301
0.001322
0.000307
0.000461
0.000196
0.000113
0.000390
0.000092
0.000840
0.000156
0.000051
0.000014
0.000002
0.000127
0.000042
0.000062
0.000009
0.000003
0.000008
0.000005
0.000006
0.000008
0.000012
0.000008
0.000000
0.000000
0.000007
0.000012
0.000000
0.000000
0.000000
0.000001
0.000000
0.000006
0.000003
0.000000
0.000000
0.000000
0.000000
0.000000
0.000000
0.000000
0.000000
0.000000
0.000000
0.000000
0.000000
0.000000
0.000000
0.000000
0.000000
0.000000
0.000000
0.000000
0.000000
0.000000
0.000000
0.000000
0.000000
0.000000
0.000000
0.000000
0.000000
0.000000
0.000000
0.000000
0.000000
0.000000
0.000000
0.000000
0.000000
0.000000
0.000000
0.000000
0.000000
0.000000
0.000000
0.000000
0.000000
0.000000
0.000000
0.000000
0.000000
0.000000
0.000000
0.000000
0.000000
0.000000
0.000000
0.000000
0.000000
0.000000
0.000000
0.000000
0.000000
0.000000
0.000000
0.000000
0.000000
0.000000
0.000000
0.000000
0.000000
0.000000
0.000000
0.000000
0.000000
0.000000
0.000000
0.000000
0.000000
0.000000
0.000000
0.000000
0.000000
0.000000
0.000000
0.000000
0.000000
0.000000
0.000000
0.000000
0.000000
0.000000
0.000000
0.000000
0.000000
0.000000
0.000000
0.000000
0.000000
0.000000
0.000000
0.000000
0.000000
0.000000
0.000000
0.000000
0.000000
0.000000
0.000000
0.000000
0.000000
0.000000
0.000000
0.000000
0.000000
0.000000
0.000000
