44.378900
41.570200
1007.700000
232.690000
101.010000
60.171000
38.677000
27.741000
17.770000
12.838000
9.640900
6.945100
5.383900
3.945600
3.071100
2.554500
1.968200
1.602300
1.165700
0.762480
0.699920
0.494960
0.405910
0.309220
0.225260
0.197570
0.159360
0.127480
0.106780
0.069174
0.075240
0.050130
0.036210
0.031187
0.029688
0.015199
0.014498
0.013052
0.008872
0.004628
0.006832
0.001729
0.004820
0.004383
0.001752
0.001622
0.001562
0.000480
0.000758
0.001224
0.000766
0.000513
0.001076
0.000371
0.000509
0.000041
0.000505
0.000176
0.000040
0.000041
0.000037
0.000036
0.000090
0.000015
0.000005
0.000082
0.000001
0.000006
0.000002
0.000003
0.000002
0.000002
0.000011
0.000000
0.000011
0.000000
0.000017
0.000000
0.000000
0.000000
0.000000
0.000000
0.000000
0.000000
0.000000
0.000000
0.000000
0.000000
0.000005
0.000000
0.000000
0.000000
0.000000
0.000000
0.000000
0.000000
0.000000
0.000000
0.000000
0.000000
0.000000
0.000000
0.000000
0.000000
0.000000
0.000000
0.000000
0.000000
0.000000
0.000000
0.000000
0.000000
0.000000
0.000000
0.000000
0.000000
0.000000
0.000000
0.000000
0.000000
0.000000
0.000000
0.000000
0.000000
0.000000
0.000000
0.000000
0.000000
0.000000
0.000000
0.000000
0.000000
0.000000
0.000000
0.000000
0.000000
0.000000
0.000000
0.000000
0.000000
0.000000
0.000000
0.000000
0.000000
0.000000
0.000000
0.000000
0.000000
0.000000
0.000000
0.000000
0.000000
0.000000
0.000000
0.000000
0.000000
0.000000
0.000000
0.000000
0.000000
0.000000
0.000000
0.000000
0.000000
0.000000
0.000000
0.000000
0.000000
0.000000
0.000000
0.000000
0.000000
0.000000
0.000000
0.000000
0.000000
0.000000
0.000000
0.000000
0.000000
0.000000
0.000000
0.000000
0.000000
0.000000
0.000000
0.000000
0.000000
0.000000
0.000000
0.000000
0.000000
0.000000
0.000000
0.000000
0.000000
0.000000
0.000000
0.000000
0.000000
0.000000
0.000000
