42.352200
45.627400
991.160000
229.260000
105.450000
59.921000
42.381000
28.128000
19.156000
13.343000
10.489000
7.980100
6.097700
4.195900
3.195200
2.478600
1.883600
1.473800
1.060100
0.878300
0.682280
0.513480
0.392210
0.324930
0.219130
0.202390
0.145430
0.097174
0.092557
0.086671
0.053192
0.051618
0.049670
0.029541
0.026380
0.018437
0.015529
0.009360
0.009064
0.009326
0.004583
0.003544
0.004115
0.002936
0.001818
0.001601
0.001676
0.000575
0.000827
0.000671
0.000476
0.000252
0.000088
0.000295
0.000109
0.000450
0.000175
0.000041
0.000067
0.000023
0.000046
0.000036
0.000038
0.000016
0.000007
0.000002
0.000000
0.000000
0.000047
0.000007
0.000000
0.000000
0.000000
0.000010
0.000000
0.000000
0.000000
0.000000
0.000000
0.000000
0.000000
0.000003
0.000000
0.000000
0.000000
0.000000
0.000000
0.000000
0.000000
0.000000
0.000000
0.000000
0.000000
0.000000
0.000000
0.000000
0.000000
0.000000
0.000000
0.000000
0.000000
0.000000
0.000000
0.000000
0.000000
0.000000
0.000000
0.000000
0.000000
0.000000
0.000000
0.000000
0.000000
0.000000
0.000000
0.000000
0.000000
0.000000
0.000000
0.000000
0.000000
0.000000
0.000000
0.000000
0.000000
0.000000
0.000000
0.000000
0.000000
0.000000
0.000000
0.000000
0.000000
0.000000
0.000000
0.000000
0.000000
0.000000
0.000000
0.000000
0.000000
0.000000
0.000000
0.000000
0.000000
0.000000
0.000000
0.000000
0.000000
0.000000
0.000000
0.000000
0.000000
0.000000
0.000000
0.000000
0.000000
0.000000
0.000000
0.000000
0.000000
0.000000
0.000000
0.000000
0.000000
0.000000
0.000000
0.000000
0.000000
0.000000
0.000000
0.000000
0.000000
0.000000
0.000000
0.000000
0.000000
0.000000
0.000000
0.000000
0.000000
0.000000
0.000000
0.000000
0.000000
0.000000
0.000000
0.000000
0.000000
0.000000
0.000000
0.000000
0.000000
0.000000
0.000000
0.000000
0.000000
0.000000
0.000000
0.000000
0.000000
0.000000
