85.879800
25.478400
836.870000
157.040000
61.310000
29.353000
18.893000
11.974000
6.951700
5.172900
3.728400
2.699900
2.157500
1.458200
1.008900
0.884380
0.641280
0.510150
0.428620
0.372100
0.240170
0.244300
0.168760
0.155170
0.118690
0.096996
0.061496
0.068881
0.040775
0.038860
0.031262
0.033153
0.029555
0.013339
0.012283
0.021604
0.010280
0.006945
0.004154
0.006603
0.002902
0.002553
0.003290
0.002879
0.004770
0.001189
0.001696
0.002228
0.000395
0.000761
0.000458
0.001590
0.000349
0.000401
0.000226
0.000372
0.000354
0.000009
0.000234
0.000062
0.000128
0.000025
0.000049
0.000074
0.000000
0.000019
0.000034
0.000034
0.000009
0.000000
0.000004
0.000000
0.000020
0.000008
0.000000
0.000000
0.000004
0.000004
0.000001
0.000000
0.000000
0.000001
0.000000
0.000002
0.000005
0.000000
0.000006
0.000000
0.000000
0.000000
0.000000
0.000000
0.000000
0.000000
0.000000
0.000000
0.000000
0.000000
0.000000
0.000000
0.000000
0.000000
0.000000
0.000000
0.000000
0.000000
0.000000
0.000000
0.000000
0.000000
0.000000
0.000000
0.000000
0.000000
0.000000
0.000000
0.000000
0.000000
0.000000
0.000000
0.000000
0.000000
0.000000
0.000000
0.000000
0.000000
0.000000
0.000000
0.000000
0.000000
0.000000
0.000000
0.000000
0.000000
0.000000
0.000000
0.000000
0.000000
0.000000
0.000000
0.000000
0.000000
0.000000
0.000000
0.000000
0.000000
0.000000
0.000000
0.000000
0.000000
0.000000
0.000000
0.000000
0.000000
0.000000
0.000000
0.000000
0.000000
0.000000
0.000000
0.000000
0.000000
0.000000
0.000000
0.000000
0.000000
0.000000
0.000000
0.000000
0.000000
0.000000
0.000000
0.000000
0.000000
0.000000
0.000000
0.000000
0.000000
0.000000
0.000000
0.000000
0.000000
0.000000
0.000000
0.000000
0.000000
0.000000
0.000000
0.000000
0.000000
0.000000
0.000000
0.000000
0.000000
0.000000
0.000000
0.000000
0.000000
0.000000
0.000000
0.000000
0.000000
