78.178600
42.617100
820.870000
163.660000
63.890000
33.106000
19.974000
12.997000
9.169200
5.581700
3.777700
2.634400
2.287400
1.359200
1.145900
0.677920
0.583870
0.408980
0.305690
0.219440
0.181590
0.121860
0.082910
0.075693
0.059739
0.041303
0.032608
0.026694
0.019577
0.011967
0.014546
0.007325
0.009775
0.004767
0.004939
0.004680
0.002243
0.001647
0.001930
0.000932
0.001855
0.001112
0.000550
0.000349
0.000392
0.000336
0.000242
0.000522
0.000118
0.000149
0.000065
0.000139
0.000030
0.000165
0.000110
0.000004
0.000022
0.000009
0.000008
0.000028
0.000004
0.000000
0.000008
0.000034
0.000002
0.000000
0.000000
0.000000
0.000000
0.000003
0.000000
0.000000
0.000000
0.000000
0.000000
0.000000
0.000000
0.000000
0.000000
0.000000
0.000009
0.000000
0.000000
0.000000
0.000000
0.000000
0.000000
0.000000
0.000000
0.000000
0.000000
0.000000
0.000000
0.000000
0.000000
0.000000
0.000000
0.000000
0.000000
0.000000
0.000000
0.000000
0.000000
0.000000
0.000000
0.000000
0.000000
0.000000
0.000000
0.000000
0.000000
0.000000
0.000000
0.000000
0.000000
0.000000
0.000000
0.000000
0.000000
0.000000
0.000000
0.000000
0.000000
0.000000
0.000000
0.000000
0.000000
0.000000
0.000000
0.000000
0.000000
0.000000
0.000000
0.000000
0.000000
0.000000
0.000000
0.000000
0.000000
0.000000
0.000000
0.000000
0.000000
0.000000
0.000000
0.000000
0.000000
0.000000
0.000000
0.000000
0.000000
0.000000
0.000000
0.000000
0.000000
0.000000
0.000000
0.000000
0.000000
0.000000
0.000000
0.000000
0.000000
0.000000
0.000000
0.000000
0.000000
0.000000
0.000000
0.000000
0.000000
0.000000
0.000000
0.000000
0.000000
0.000000
0.000000
0.000000
0.000000
0.000000
0.000000
0.000000
0.000000
0.000000
0.000000
0.000000
0.000000
0.000000
0.000000
0.000000
0.000000
0.000000
0.000000
0.000000
0.000000
0.000000
0.000000
0.000000
0.000000
0.000000
0.000000
0.000000
