67.825700
59.786400
884.750000
162.600000
71.536000
38.976000
23.287000
14.631000
9.946900
6.220400
4.610600
3.067000
2.260300
1.598600
1.258600
0.735030
0.718800
0.528380
0.314900
0.224720
0.174950
0.108480
0.102530
0.078169
0.059214
0.037760
0.036007
0.022814
0.018576
0.010713
0.007996
0.007204
0.007069
0.002860
0.004693
0.002998
0.001548
0.001149
0.000586
0.000332
0.000547
0.000374
0.000200
0.000170
0.000059
0.000059
0.000095
0.000020
0.000034
0.000038
0.000013
0.000006
0.000005
0.000018
0.000008
0.000000
0.000000
0.000000
0.000006
0.000000
0.000000
0.000000
0.000013
0.000000
0.000000
0.000001
0.000000
0.000000
0.000000
0.000000
0.000000
0.000000
0.000000
0.000000
0.000000
0.000000
0.000000
0.000000
0.000000
0.000000
0.000000
0.000000
0.000000
0.000000
0.000000
0.000000
0.000000
0.000000
0.000000
0.000000
0.000000
0.000000
0.000000
0.000000
0.000000
0.000000
0.000000
0.000000
0.000000
0.000000
0.000000
0.000000
0.000000
0.000000
0.000000
0.000000
0.000000
0.000000
0.000000
0.000000
0.000000
0.000000
0.000000
0.000000
0.000000
0.000000
0.000000
0.000000
0.000000
0.000000
0.000000
0.000000
0.000000
0.000000
0.000000
0.000000
0.000000
0.000000
0.000000
0.000000
0.000000
0.000000
0.000000
0.000000
0.000000
0.000000
0.000000
0.000000
0.000000
0.000000
0.000000
0.000000
0.000000
0.000000
0.000000
0.000000
0.000000
0.000000
0.000000
0.000000
0.000000
0.000000
0.000000
0.000000
0.000000
0.000000
0.000000
0.000000
0.000000
0.000000
0.000000
0.000000
0.000000
0.000000
0.000000
0.000000
0.000000
0.000000
0.000000
0.000000
0.000000
0.000000
0.000000
0.000000
0.000000
0.000000
0.000000
0.000000
0.000000
0.000000
0.000000
0.000000
0.000000
0.000000
0.000000
0.000000
0.000000
0.000000
0.000000
0.000000
0.000000
0.000000
0.000000
0.000000
0.000000
0.000000
0.000000
0.000000
0.000000
0.000000
0.000000
0.000000
