69.338300
17.266800
883.050000
166.000000
75.747000
42.706000
28.121000
16.334000
12.473000
8.230200
6.306800
5.237900
3.907500
2.906400
2.412600
1.909500
1.550800
1.328900
0.978460
0.788240
0.626520
0.597220
0.451470
0.409130
0.313690
0.244690
0.174910
0.158150
0.175970
0.146740
0.124000
0.094645
0.091706
0.056998
0.042594
0.045755
0.033978
0.030687
0.025175
0.023166
0.022065
0.021887
0.013496
0.010151
0.006720
0.010168
0.011787
0.006639
0.006731
0.002364
0.004743
0.002376
0.001729
0.001044
0.000971
0.001679
0.001523
0.000772
0.001285
0.001469
0.001020
0.001059
0.000973
0.000604
0.000195
0.000304
0.000935
0.000247
0.000080
0.000093
0.000275
0.000067
0.000336
0.000009
0.000014
0.000077
0.000000
0.000013
0.000014
0.000017
0.000007
0.000000
0.000008
0.000000
0.000059
0.000014
0.000000
0.000005
0.000000
0.000001
0.000003
0.000005
0.000000
0.000000
0.000009
0.000000
0.000000
0.000000
0.000000
0.000002
0.000000
0.000000
0.000009
0.000000
0.000000
0.000000
0.000008
0.000000
0.000000
0.000000
0.000000
0.000000
0.000000
0.000000
0.000000
0.000000
0.000000
0.000000
0.000000
0.000000
0.000000
0.000000
0.000000
0.000000
0.000000
0.000006
0.000000
0.000000
0.000000
0.000000
0.000000
0.000000
0.000000
0.000000
0.000000
0.000000
0.000000
0.000000
0.000000
0.000000
0.000000
0.000000
0.000000
0.000000
0.000000
0.000000
0.000000
0.000000
0.000000
0.000000
0.000000
0.000000
0.000000
0.000000
0.000000
0.000000
0.000000
0.000000
0.000000
0.000000
0.000000
0.000000
0.000000
0.000000
0.000000
0.000000
0.000000
0.000000
0.000000
0.000000
0.000000
0.000000
0.000000
0.000000
0.000000
0.000000
0.000000
0.000000
0.000000
0.000000
0.000000
0.000000
0.000000
0.000000
0.000000
0.000000
0.000000
0.000000
0.000000
0.000000
0.000000
0.000000
0.000000
0.000000
0.000000
0.000000
0.000000
0.000000
0.000000
0.000000
0.000000
0.000000
