52.741700
32.742800
947.150000
211.700000
91.142000
55.370000
33.583000
22.403000
16.282000
11.078000
8.311100
5.893300
4.902800
3.888800
2.645700
2.234600
1.441900
1.400400
1.081500
0.782170
0.562090
0.527390
0.406570
0.309630
0.284410
0.229120
0.142940
0.137890
0.089874
0.083528
0.057522
0.051894
0.036938
0.040566
0.036370
0.019153
0.023345
0.015913
0.014961
0.008113
0.008850
0.006688
0.004694
0.005017
0.003830
0.003910
0.004246
0.002449
0.001607
0.001620
0.000538
0.000707
0.000331
0.000419
0.000467
0.000401
0.000165
0.000159
0.000047
0.000137
0.000270
0.000230
0.000045
0.000022
0.000022
0.000049
0.000010
0.000051
0.000009
0.000037
0.000021
0.000009
0.000002
0.000008
0.000002
0.000017
0.000000
0.000000
0.000000
0.000000
0.000000
0.000000
0.000000
0.000000
0.000000
0.000000
0.000001
0.000000
0.000000
0.000000
0.000000
0.000000
0.000000
0.000000
0.000000
0.000000
0.000000
0.000000
0.000000
0.000000
0.000000
0.000000
0.000000
0.000000
0.000000
0.000000
0.000000
0.000000
0.000000
0.000000
0.000000
0.000000
0.000000
0.000000
0.000000
0.000000
0.000000
0.000000
0.000000
0.000000
0.000000
0.000000
0.000000
0.000000
0.000000
0.000000
0.000000
0.000000
0.000000
0.000000
0.000000
0.000000
0.000000
0.000000
0.000000
0.000000
0.000000
0.000000
0.000000
0.000000
0.000000
0.000000
0.000000
0.000000
0.000000
0.000000
0.000000
0.000000
0.000000
0.000000
0.000000
0.000000
0.000000
0.000000
0.000000
0.000000
0.000000
0.000000
0.000000
0.000000
0.000000
0.000000
0.000000
0.000000
0.000000
0.000000
0.000000
0.000000
0.000000
0.000000
0.000000
0.000000
0.000000
0.000000
0.000000
0.000000
0.000000
0.000000
0.000000
0.000000
0.000000
0.000000
0.000000
0.000000
0.000000
0.000000
0.000000
0.000000
0.000000
0.000000
0.000000
0.000000
0.000000
0.000000
0.000000
0.000000
0.000000
0.000000
0.000000
0.000000
0.000000
0.000000
