69.214100
49.768500
844.710000
179.190000
78.698000
36.358000
22.043000
14.769000
9.733900
6.918400
4.729500
3.057500
2.339200
1.697500
1.260200
0.684930
0.809140
0.480470
0.324010
0.261400
0.206610
0.156660
0.090106
0.078830
0.062262
0.058653
0.038318
0.030362
0.022689
0.015624
0.009636
0.009428
0.011544
0.004436
0.005079
0.004958
0.003522
0.002583
0.002715
0.001991
0.000837
0.001416
0.000439
0.000361
0.000315
0.000433
0.000053
0.000111
0.000166
0.000075
0.000088
0.000400
0.000275
0.000020
0.000097
0.000052
0.000028
0.000003
0.000000
0.000025
0.000000
0.000003
0.000000
0.000000
0.000003
0.000001
0.000000
0.000004
0.000000
0.000002
0.000000
0.000000
0.000000
0.000000
0.000000
0.000000
0.000000
0.000000
0.000000
0.000000
0.000000
0.000000
0.000000
0.000000
0.000000
0.000000
0.000000
0.000000
0.000000
0.000000
0.000000
0.000000
0.000000
0.000000
0.000000
0.000000
0.000000
0.000000
0.000000
0.000000
0.000000
0.000000
0.000000
0.000000
0.000000
0.000000
0.000000
0.000000
0.000000
0.000000
0.000000
0.000000
0.000000
0.000000
0.000000
0.000000
0.000000
0.000000
0.000000
0.000000
0.000000
0.000000
0.000000
0.000000
0.000000
0.000000
0.000000
0.000000
0.000000
0.000000
0.000000
0.000000
0.000000
0.000000
0.000000
0.000000
0.000000
0.000000
0.000000
0.000000
0.000000
0.000000
0.000000
0.000000
0.000000
0.000000
0.000000
0.000000
0.000000
0.000000
0.000000
0.000000
0.000000
0.000000
0.000000
0.000000
0.000000
0.000000
0.000000
0.000000
0.000000
0.000000
0.000000
0.000000
0.000000
0.000000
0.000000
0.000000
0.000000
0.000000
0.000000
0.000000
0.000000
0.000000
0.000000
0.000000
0.000000
0.000000
0.000000
0.000000
0.000000
0.000000
0.000000
0.000000
0.000000
0.000000
0.000000
0.000000
0.000000
0.000000
0.000000
0.000000
0.000000
0.000000
0.000000
0.000000
0.000000
0.000000
0.000000
0.000000
0.000000
0.000000
