63.321100
37.559800
916.080000
182.800000
76.336000
44.480000
25.916000
17.095000
12.552000
8.390400
6.070200
4.325700
3.282500
2.620900
1.748600
1.323000
1.034200
0.616080
0.563380
0.390430
0.382610
0.324120
0.208520
0.175930
0.134170
0.102200
0.079563
0.083425
0.044573
0.040543
0.026708
0.027989
0.018226
0.018888
0.015389
0.011088
0.010358
0.005947
0.005493
0.003230
0.004279
0.002590
0.001115
0.001661
0.003351
0.000269
0.000923
0.000916
0.000307
0.001014
0.000381
0.000468
0.000150
0.000107
0.000151
0.000034
0.000111
0.000020
0.000054
0.000054
0.000070
0.000001
0.000004
0.000000
0.000007
0.000000
0.000003
0.000039
0.000001
0.000004
0.000000
0.000000
0.000003
0.000000
0.000001
0.000000
0.000005
0.000002
0.000001
0.000005
0.000000
0.000000
0.000000
0.000000
0.000000
0.000000
0.000000
0.000000
0.000000
0.000000
0.000000
0.000000
0.000000
0.000000
0.000000
0.000000
0.000000
0.000000
0.000000
0.000000
0.000000
0.000000
0.000000
0.000000
0.000000
0.000000
0.000000
0.000000
0.000000
0.000000
0.000000
0.000000
0.000000
0.000000
0.000000
0.000000
0.000000
0.000000
0.000000
0.000000
0.000000
0.000000
0.000000
0.000000
0.000000
0.000000
0.000000
0.000000
0.000000
0.000000
0.000000
0.000000
0.000000
0.000000
0.000000
0.000000
0.000000
0.000000
0.000000
0.000000
0.000000
0.000000
0.000000
0.000000
0.000000
0.000000
0.000000
0.000000
0.000000
0.000000
0.000000
0.000000
0.000000
0.000000
0.000000
0.000000
0.000000
0.000000
0.000000
0.000000
0.000000
0.000000
0.000000
0.000000
0.000000
0.000000
0.000000
0.000000
0.000000
0.000000
0.000000
0.000000
0.000000
0.000000
0.000000
0.000000
0.000000
0.000000
0.000000
0.000000
0.000000
0.000000
0.000000
0.000000
0.000000
0.000000
0.000000
0.000000
0.000000
0.000000
0.000000
0.000000
0.000000
0.000000
0.000000
0.000000
0.000000
0.000000
0.000000
0.000000
0.000000
0.000000
