51.051600
10.726300
967.540000
203.860000
106.580000
62.029000
37.367000
27.735000
20.908000
14.968000
11.454000
9.782300
7.550700
5.618900
5.172600
3.915200
3.528200
2.848400
2.473000
1.902600
1.737200
1.558500
1.271300
1.008200
0.865280
0.850680
0.723940
0.576430
0.437770
0.400690
0.375540
0.312100
0.265870
0.212720
0.206500
0.167300
0.131480
0.125020
0.090446
0.090072
0.080006
0.067415
0.071611
0.042799
0.048177
0.033245
0.036397
0.033328
0.020581
0.017252
0.019265
0.019313
0.020370
0.009529
0.011013
0.011650
0.011417
0.008384
0.008417
0.006115
0.003111
0.003069
0.001280
0.003775
0.001322
0.001617
0.000238
0.000601
0.001762
0.000616
0.000716
0.000128
0.000682
0.000429
0.000056
0.000681
0.000306
0.000183
0.000121
0.000046
0.000635
0.000131
0.000358
0.000099
0.000236
0.000030
0.000018
0.000015
0.000036
0.000068
0.000002
0.000007
0.000001
0.000000
0.000007
0.000004
0.000018
0.000000
0.000012
0.000024
0.000004
0.000033
0.000000
0.000000
0.000000
0.000028
0.000000
0.000011
0.000003
0.000000
0.000022
0.000000
0.000001
0.000000
0.000000
0.000000
0.000001
0.000000
0.000000
0.000000
0.000000
0.000000
0.000000
0.000000
0.000000
0.000000
0.000000
0.000000
0.000000
0.000000
0.000000
0.000012
0.000000
0.000000
0.000000
0.000000
0.000000
0.000000
0.000000
0.000000
0.000000
0.000000
0.000000
0.000000
0.000000
0.000000
0.000000
0.000000
0.000000
0.000000
0.000000
0.000000
0.000000
0.000000
0.000000
0.000000
0.000000
0.000000
0.000000
0.000000
0.000000
0.000000
0.000000
0.000000
0.000000
0.000000
0.000000
0.000000
0.000000
0.000000
0.000000
0.000000
0.000000
0.000000
0.000000
0.000000
0.000000
0.000000
0.000000
0.000000
0.000000
0.000000
0.000000
0.000000
0.000000
0.000000
0.000000
0.000000
0.000000
0.000000
0.000000
0.000000
0.000000
0.000000
0.000000
0.000000
0.000000
0.000000
0.000000
0.000000
0.000000
0.000000
