86.991200
44.758300
774.580000
142.560000
53.366000
32.309000
17.408000
11.273000
6.955200
4.369500
3.034300
2.109400
1.587500
0.958640
0.780230
0.494330
0.395550
0.311420
0.201020
0.177240
0.116530
0.084043
0.062397
0.043582
0.034061
0.036176
0.020507
0.020929
0.014604
0.013138
0.012872
0.005025
0.003194
0.004533
0.003088
0.002472
0.002105
0.001260
0.000720
0.001344
0.000956
0.000626
0.000503
0.000499
0.000115
0.000209
0.000055
0.000122
0.000058
0.000159
0.000028
0.000068
0.000003
0.000000
0.000058
0.000000
0.000012
0.000024
0.000000
0.000028
0.000004
0.000017
0.000000
0.000000
0.000000
0.000000
0.000009
0.000000
0.000000
0.000000
0.000000
0.000000
0.000000
0.000000
0.000000
0.000000
0.000000
0.000000
0.000000
0.000000
0.000000
0.000000
0.000000
0.000000
0.000000
0.000000
0.000000
0.000000
0.000000
0.000000
0.000000
0.000000
0.000000
0.000000
0.000000
0.000000
0.000000
0.000000
0.000000
0.000000
0.000000
0.000000
0.000000
0.000000
0.000000
0.000000
0.000000
0.000000
0.000000
0.000000
0.000000
0.000000
0.000000
0.000000
0.000000
0.000000
0.000000
0.000000
0.000000
0.000000
0.000000
0.000000
0.000000
0.000000
0.000000
0.000000
0.000000
0.000000
0.000000
0.000000
0.000000
0.000000
0.000000
0.000000
0.000000
0.000000
0.000000
0.000000
0.000000
0.000000
0.000000
0.000000
0.000000
0.000000
0.000000
0.000000
0.000000
0.000000
0.000000
0.000000
0.000000
0.000000
0.000000
0.000000
0.000000
0.000000
0.000000
0.000000
0.000000
0.000000
0.000000
0.000000
0.000000
0.000000
0.000000
0.000000
0.000000
0.000000
0.000000
0.000000
0.000000
0.000000
0.000000
0.000000
0.000000
0.000000
0.000000
0.000000
0.000000
0.000000
0.000000
0.000000
0.000000
0.000000
0.000000
0.000000
0.000000
0.000000
0.000000
0.000000
0.000000
0.000000
0.000000
0.000000
0.000000
0.000000
0.000000
0.000000
0.000000
0.000000
0.000000
0.000000
