70.715800
52.167300
874.700000
175.280000
69.101000
38.819000
21.581000
13.609000
9.758600
6.818300
4.133000
2.855400
2.253500
1.792300
1.218300
0.894600
0.624180
0.396870
0.359700
0.276390
0.179020
0.135030
0.106880
0.084531
0.047355
0.039375
0.030044
0.037498
0.015086
0.014704
0.007441
0.007735
0.004010
0.010281
0.002893
0.003334
0.003859
0.002216
0.001706
0.000708
0.000707
0.000276
0.000733
0.000476
0.000284
0.000201
0.000094
0.000106
0.000070
0.000110
0.000003
0.000004
0.000019
0.000000
0.000033
0.000000
0.000019
0.000014
0.000000
0.000000
0.000023
0.000000
0.000005
0.000000
0.000003
0.000000
0.000000
0.000000
0.000000
0.000000
0.000000
0.000000
0.000000
0.000000
0.000000
0.000019
0.000000
0.000000
0.000000
0.000000
0.000000
0.000000
0.000000
0.000000
0.000000
0.000000
0.000000
0.000000
0.000000
0.000000
0.000000
0.000000
0.000000
0.000000
0.000000
0.000000
0.000000
0.000000
0.000000
0.000000
0.000000
0.000000
0.000000
0.000000
0.000000
0.000000
0.000000
0.000000
0.000000
0.000000
0.000000
0.000000
0.000000
0.000000
0.000000
0.000000
0.000000
0.000000
0.000000
0.000000
0.000000
0.000000
0.000000
0.000000
0.000000
0.000000
0.000000
0.000000
0.000000
0.000000
0.000000
0.000000
0.000000
0.000000
0.000000
0.000000
0.000000
0.000000
0.000000
0.000000
0.000000
0.000000
0.000000
0.000000
0.000000
0.000000
0.000000
0.000000
0.000000
0.000000
0.000000
0.000000
0.000000
0.000000
0.000000
0.000000
0.000000
0.000000
0.000000
0.000000
0.000000
0.000000
0.000000
0.000000
0.000000
0.000000
0.000000
0.000000
0.000000
0.000000
0.000000
0.000000
0.000000
0.000000
0.000000
0.000000
0.000000
0.000000
0.000000
0.000000
0.000000
0.000000
0.000000
0.000000
0.000000
0.000000
0.000000
0.000000
0.000000
0.000000
0.000000
0.000000
0.000000
0.000000
0.000000
0.000000
0.000000
0.000000
0.000000
0.000000
0.000000
0.000000
