68.174900
57.094700
912.360000
181.590000
73.309000
41.594000
22.243000
15.349000
10.283000
6.365400
4.661000
3.451500
2.319900
1.607800
1.269400
0.801990
0.669520
0.539320
0.385590
0.304760
0.184720
0.138690
0.116410
0.086290
0.048724
0.038991
0.033091
0.023354
0.017791
0.015327
0.011244
0.006173
0.006123
0.005860
0.003136
0.002958
0.001788
0.000836
0.001029
0.000961
0.000390
0.000652
0.000493
0.000271
0.000109
0.000042
0.000015
0.000078
0.000163
0.000061
0.000106
0.000004
0.000028
0.000002
0.000000
0.000002
0.000004
0.000016
0.000003
0.000000
0.000002
0.000057
0.000000
0.000000
0.000003
0.000000
0.000000
0.000000
0.000000
0.000000
0.000000
0.000000
0.000000
0.000000
0.000000
0.000000
0.000000
0.000000
0.000000
0.000000
0.000000
0.000000
0.000000
0.000000
0.000000
0.000000
0.000000
0.000000
0.000000
0.000000
0.000000
0.000000
0.000000
0.000000
0.000000
0.000000
0.000000
0.000000
0.000000
0.000000
0.000000
0.000000
0.000000
0.000000
0.000000
0.000000
0.000000
0.000000
0.000000
0.000000
0.000000
0.000000
0.000000
0.000000
0.000000
0.000000
0.000000
0.000000
0.000000
0.000000
0.000000
0.000000
0.000000
0.000000
0.000000
0.000000
0.000000
0.000000
0.000000
0.000000
0.000000
0.000000
0.000000
0.000000
0.000000
0.000000
0.000000
0.000000
0.000000
0.000000
0.000000
0.000000
0.000000
0.000000
0.000000
0.000000
0.000000
0.000000
0.000000
0.000000
0.000000
0.000000
0.000000
0.000000
0.000000
0.000000
0.000000
0.000000
0.000000
0.000000
0.000000
0.000000
0.000000
0.000000
0.000000
0.000000
0.000000
0.000000
0.000000
0.000000
0.000000
0.000000
0.000000
0.000000
0.000000
0.000000
0.000000
0.000000
0.000000
0.000000
0.000000
0.000000
0.000000
0.000000
0.000000
0.000000
0.000000
0.000000
0.000000
0.000000
0.000000
0.000000
0.000000
0.000000
0.000000
0.000000
0.000000
0.000000
0.000000
0.000000
0.000000
0.000000
