42.115200
42.348200
974.390000
236.530000
111.280000
67.456000
40.587000
28.937000
20.325000
13.293000
10.553000
7.751600
5.460000
4.453000
3.350900
2.435000
1.829600
1.504500
1.191800
0.854920
0.661060
0.628370
0.412390
0.359490
0.283360
0.210770
0.199420
0.123510
0.125360
0.082161
0.069613
0.056644
0.059279
0.035103
0.029566
0.017060
0.015894
0.014591
0.014136
0.011726
0.009167
0.005809
0.003031
0.002591
0.002563
0.002200
0.002183
0.001128
0.001330
0.000771
0.000698
0.000754
0.000523
0.000292
0.000022
0.000190
0.000083
0.000055
0.000071
0.000022
0.000027
0.000132
0.000009
0.000022
0.000086
0.000111
0.000023
0.000003
0.000009
0.000003
0.000002
0.000006
0.000008
0.000010
0.000004
0.000000
0.000000
0.000000
0.000000
0.000000
0.000000
0.000000
0.000005
0.000000
0.000000
0.000000
0.000000
0.000000
0.000000
0.000000
0.000000
0.000000
0.000000
0.000000
0.000000
0.000000
0.000000
0.000000
0.000000
0.000000
0.000000
0.000000
0.000000
0.000000
0.000000
0.000000
0.000000
0.000000
0.000000
0.000000
0.000000
0.000000
0.000000
0.000000
0.000000
0.000000
0.000000
0.000000
0.000000
0.000000
0.000000
0.000000
0.000000
0.000000
0.000000
0.000000
0.000000
0.000000
0.000000
0.000000
0.000000
0.000000
0.000000
0.000000
0.000000
0.000000
0.000000
0.000000
0.000000
0.000000
0.000000
0.000000
0.000000
0.000000
0.000000
0.000000
0.000000
0.000000
0.000000
0.000000
0.000000
0.000000
0.000000
0.000000
0.000000
0.000000
0.000000
0.000000
0.000000
0.000000
0.000000
0.000000
0.000000
0.000000
0.000000
0.000000
0.000000
0.000000
0.000000
0.000000
0.000000
0.000000
0.000000
0.000000
0.000000
0.000000
0.000000
0.000000
0.000000
0.000000
0.000000
0.000000
0.000000
0.000000
0.000000
0.000000
0.000000
0.000000
0.000000
0.000000
0.000000
0.000000
0.000000
0.000000
0.000000
0.000000
0.000000
0.000000
0.000000
0.000000
0.000000
0.000000
