78.691500
43.844600
819.250000
159.410000
65.346000
33.400000
21.132000
12.928000
8.541600
5.664900
3.789700
2.814000
1.878700
1.254100
0.942440
0.741210
0.541500
0.414600
0.321160
0.225180
0.156220
0.132820
0.113730
0.076948
0.061901
0.052773
0.039742
0.025216
0.018494
0.016933
0.006667
0.007193
0.008270
0.006499
0.004368
0.003302
0.002783
0.001104
0.001214
0.001032
0.001323
0.000502
0.000511
0.000344
0.000463
0.000301
0.000049
0.000344
0.000055
0.000209
0.000151
0.000040
0.000024
0.000024
0.000017
0.000015
0.000014
0.000013
0.000005
0.000007
0.000005
0.000014
0.000002
0.000000
0.000000
0.000000
0.000000
0.000000
0.000000
0.000000
0.000000
0.000000
0.000000
0.000000
0.000000
0.000000
0.000003
0.000000
0.000000
0.000000
0.000000
0.000000
0.000000
0.000000
0.000000
0.000000
0.000000
0.000000
0.000000
0.000000
0.000000
0.000000
0.000000
0.000000
0.000000
0.000000
0.000000
0.000000
0.000000
0.000000
0.000000
0.000000
0.000000
0.000000
0.000000
0.000000
0.000000
0.000000
0.000000
0.000000
0.000000
0.000000
0.000000
0.000000
0.000000
0.000000
0.000000
0.000000
0.000000
0.000000
0.000000
0.000000
0.000000
0.000000
0.000000
0.000000
0.000000
0.000000
0.000000
0.000000
0.000000
0.000000
0.000000
0.000000
0.000000
0.000000
0.000000
0.000000
0.000000
0.000000
0.000000
0.000000
0.000000
0.000000
0.000000
0.000000
0.000000
0.000000
0.000000
0.000000
0.000000
0.000000
0.000000
0.000000
0.000000
0.000000
0.000000
0.000000
0.000000
0.000000
0.000000
0.000000
0.000000
0.000000
0.000000
0.000000
0.000000
0.000000
0.000000
0.000000
0.000000
0.000000
0.000000
0.000000
0.000000
0.000000
0.000000
0.000000
0.000000
0.000000
0.000000
0.000000
0.000000
0.000000
0.000000
0.000000
0.000000
0.000000
0.000000
0.000000
0.000000
0.000000
0.000000
0.000000
0.000000
0.000000
0.000000
0.000000
0.000000
0.000000
0.000000
0.000000
