53.181300
14.137600
980.280000
220.600000
99.726000
54.673000
35.775000
26.066000
20.044000
14.046000
10.136000
8.870800
6.432900
5.195900
4.183200
3.221700
3.019400
2.202800
1.985400
1.573100
1.263000
1.134600
0.933320
0.780950
0.616060
0.593330
0.502210
0.448110
0.447230
0.294660
0.199790
0.204390
0.162020
0.134370
0.119080
0.124960
0.118160
0.056824
0.078909
0.047900
0.043694
0.039272
0.034512
0.028321
0.034565
0.024676
0.017138
0.014358
0.018716
0.020145
0.012315
0.008494
0.008891
0.004923
0.004930
0.004016
0.004032
0.005861
0.005115
0.001885
0.003135
0.001940
0.001095
0.001199
0.000884
0.000224
0.000792
0.001040
0.001349
0.001164
0.000559
0.000218
0.000135
0.000373
0.000101
0.000379
0.000113
0.000018
0.000013
0.000008
0.000018
0.000334
0.000041
0.000017
0.000016
0.000206
0.000001
0.000002
0.000010
0.000000
0.000027
0.000001
0.000000
0.000048
0.000000
0.000000
0.000000
0.000000
0.000000
0.000001
0.000002
0.000007
0.000000
0.000004
0.000000
0.000000
0.000001
0.000000
0.000000
0.000000
0.000005
0.000000
0.000000
0.000004
0.000000
0.000000
0.000000
0.000000
0.000003
0.000000
0.000000
0.000000
0.000000
0.000000
0.000000
0.000000
0.000000
0.000000
0.000000
0.000000
0.000000
0.000000
0.000000
0.000000
0.000000
0.000000
0.000000
0.000000
0.000000
0.000000
0.000000
0.000000
0.000000
0.000000
0.000000
0.000000
0.000000
0.000000
0.000000
0.000000
0.000000
0.000000
0.000000
0.000000
0.000000
0.000000
0.000000
0.000000
0.000000
0.000000
0.000000
0.000000
0.000000
0.000000
0.000000
0.000000
0.000000
0.000000
0.000000
0.000000
0.000000
0.000000
0.000000
0.000000
0.000000
0.000000
0.000000
0.000000
0.000000
0.000000
0.000000
0.000000
0.000000
0.000000
0.000000
0.000000
0.000000
0.000000
0.000000
0.000000
0.000000
0.000000
0.000000
0.000000
0.000000
0.000000
0.000000
0.000000
0.000000
0.000000
0.000000
0.000000
