51.028700
43.236300
933.080000
216.210000
101.590000
52.430000
34.504000
23.051000
15.762000
11.041000
8.162000
5.906800
4.077000
3.485200
2.321100
1.646400
1.532800
1.163200
0.716790
0.633780
0.441090
0.370390
0.275270
0.242580
0.175040
0.106450
0.107210
0.067674
0.061863
0.056168
0.042439
0.027803
0.032350
0.014418
0.010948
0.014270
0.011725
0.007647
0.007625
0.005749
0.002538
0.002896
0.001721
0.001305
0.001098
0.001101
0.000254
0.000582
0.000230
0.000794
0.000645
0.000791
0.000153
0.000512
0.000093
0.000053
0.000095
0.000023
0.000054
0.000007
0.000019
0.000019
0.000006
0.000003
0.000002
0.000003
0.000015
0.000000
0.000000
0.000000
0.000010
0.000007
0.000000
0.000000
0.000000
0.000000
0.000000
0.000005
0.000000
0.000000
0.000000
0.000004
0.000000
0.000000
0.000000
0.000003
0.000000
0.000000
0.000000
0.000000
0.000000
0.000000
0.000000
0.000000
0.000000
0.000000
0.000000
0.000000
0.000000
0.000000
0.000000
0.000000
0.000000
0.000000
0.000000
0.000000
0.000000
0.000000
0.000000
0.000000
0.000000
0.000000
0.000000
0.000000
0.000000
0.000000
0.000000
0.000000
0.000000
0.000000
0.000000
0.000000
0.000000
0.000000
0.000000
0.000000
0.000000
0.000000
0.000000
0.000000
0.000000
0.000000
0.000000
0.000000
0.000000
0.000000
0.000000
0.000000
0.000000
0.000000
0.000000
0.000000
0.000000
0.000000
0.000000
0.000000
0.000000
0.000000
0.000000
0.000000
0.000000
0.000000
0.000000
0.000000
0.000000
0.000000
0.000000
0.000000
0.000000
0.000000
0.000000
0.000000
0.000000
0.000000
0.000000
0.000000
0.000000
0.000000
0.000000
0.000000
0.000000
0.000000
0.000000
0.000000
0.000000
0.000000
0.000000
0.000000
0.000000
0.000000
0.000000
0.000000
0.000000
0.000000
0.000000
0.000000
0.000000
0.000000
0.000000
0.000000
0.000000
0.000000
0.000000
0.000000
0.000000
0.000000
0.000000
0.000000
0.000000
0.000000
0.000000
0.000000
