57.055600
13.025600
886.070000
205.720000
94.712000
50.999000
34.859000
24.110000
17.535000
12.259000
8.898800
7.542700
5.953900
4.788100
3.875600
3.306400
2.592300
2.050200
2.007700
1.385500
1.189000
1.141500
0.886820
0.722080
0.550700
0.547860
0.399930
0.404080
0.298900
0.252660
0.197750
0.178430
0.149500
0.149530
0.138350
0.120700
0.086116
0.070098
0.065515
0.052021
0.047402
0.034977
0.037996
0.040903
0.024586
0.019935
0.031830
0.015010
0.010299
0.009870
0.015407
0.011598
0.005994
0.003980
0.005652
0.008203
0.005215
0.003722
0.002272
0.001259
0.002417
0.000859
0.000653
0.000871
0.001301
0.002351
0.000738
0.000802
0.000318
0.000545
0.000518
0.000053
0.000890
0.000188
0.000686
0.000215
0.000141
0.000559
0.000104
0.000153
0.000225
0.000177
0.000010
0.000011
0.000000
0.000079
0.000012
0.000032
0.000382
0.000001
0.000014
0.000060
0.000000
0.000051
0.000003
0.000004
0.000000
0.000071
0.000000
0.000002
0.000002
0.000000
0.000000
0.000000
0.000000
0.000000
0.000000
0.000000
0.000000
0.000000
0.000000
0.000000
0.000000
0.000000
0.000000
0.000000
0.000000
0.000000
0.000000
0.000000
0.000000
0.000000
0.000000
0.000000
0.000000
0.000000
0.000000
0.000000
0.000000
0.000000
0.000000
0.000000
0.000000
0.000000
0.000000
0.000000
0.000000
0.000000
0.000000
0.000000
0.000000
0.000000
0.000000
0.000000
0.000000
0.000000
0.000000
0.000000
0.000000
0.000000
0.000000
0.000000
0.000000
0.000000
0.000000
0.000000
0.000000
0.000000
0.000000
0.000000
0.000000
0.000000
0.000000
0.000000
0.000000
0.000000
0.000000
0.000000
0.000000
0.000000
0.000000
0.000000
0.000000
0.000000
0.000000
0.000000
0.000000
0.000000
0.000000
0.000000
0.000000
0.000000
0.000000
0.000000
0.000000
0.000000
0.000000
0.000000
0.000000
0.000000
0.000000
0.000000
0.000000
0.000000
0.000000
0.000000
0.000000
0.000000
0.000000
0.000000
0.000000
0.000000
