71.539800
50.024700
842.590000
167.700000
73.305000
36.954000
22.651000
13.511000
9.192200
6.333700
4.676900
3.345700
2.194500
1.612400
1.149700
0.934040
0.757680
0.478260
0.266860
0.297560
0.165710
0.138550
0.108730
0.076042
0.062188
0.040372
0.030520
0.027526
0.021415
0.018399
0.011846
0.007146
0.005456
0.005921
0.004065
0.001986
0.001677
0.000720
0.000880
0.002887
0.000951
0.000742
0.001175
0.000404
0.002037
0.000226
0.000196
0.000301
0.000010
0.000028
0.000029
0.000046
0.000020
0.000011
0.000000
0.000000
0.000000
0.000010
0.000008
0.000002
0.000010
0.000000
0.000002
0.000000
0.000005
0.000002
0.000000
0.000000
0.000000
0.000006
0.000012
0.000000
0.000000
0.000000
0.000000
0.000000
0.000000
0.000000
0.000000
0.000000
0.000000
0.000000
0.000000
0.000000
0.000000
0.000000
0.000000
0.000000
0.000000
0.000000
0.000000
0.000000
0.000000
0.000000
0.000000
0.000000
0.000000
0.000000
0.000000
0.000000
0.000000
0.000000
0.000000
0.000000
0.000000
0.000000
0.000000
0.000000
0.000000
0.000000
0.000000
0.000000
0.000000
0.000000
0.000000
0.000000
0.000000
0.000000
0.000000
0.000000
0.000000
0.000000
0.000000
0.000000
0.000000
0.000000
0.000000
0.000000
0.000000
0.000000
0.000000
0.000000
0.000000
0.000000
0.000000
0.000000
0.000000
0.000000
0.000000
0.000000
0.000000
0.000000
0.000000
0.000000
0.000000
0.000000
0.000000
0.000000
0.000000
0.000000
0.000000
0.000000
0.000000
0.000000
0.000000
0.000000
0.000000
0.000000
0.000000
0.000000
0.000000
0.000000
0.000000
0.000000
0.000000
0.000000
0.000000
0.000000
0.000000
0.000000
0.000000
0.000000
0.000000
0.000000
0.000000
0.000000
0.000000
0.000000
0.000000
0.000000
0.000000
0.000000
0.000000
0.000000
0.000000
0.000000
0.000000
0.000000
0.000000
0.000000
0.000000
0.000000
0.000000
0.000000
0.000000
0.000000
0.000000
0.000000
0.000000
0.000000
0.000000
0.000000
