44.399100
20.286800
974.350000
217.920000
111.870000
64.788000
44.791000
31.144000
20.239000
15.458000
12.233000
9.442300
7.713500
5.367000
5.012200
4.113500
3.147300
2.801800
1.817800
1.624800
1.296100
1.137200
0.913770
0.773270
0.584860
0.641800
0.488640
0.366240
0.252520
0.238810
0.221700
0.180790
0.177250
0.126430
0.117970
0.076825
0.075136
0.072075
0.051426
0.039194
0.041830
0.026690
0.029784
0.015539
0.028224
0.014997
0.014265
0.009834
0.010066
0.010929
0.005765
0.009368
0.006249
0.004425
0.003988
0.001610
0.001082
0.002405
0.000901
0.001453
0.001153
0.001230
0.000582
0.000348
0.000501
0.002002
0.000417
0.001313
0.000577
0.000213
0.000045
0.000079
0.000457
0.000170
0.000221
0.000186
0.000193
0.000039
0.000025
0.000050
0.000010
0.000009
0.000025
0.000011
0.000001
0.000004
0.000006
0.000025
0.000000
0.000006
0.000000
0.000006
0.000000
0.000000
0.000007
0.000001
0.000000
0.000001
0.000000
0.000001
0.000000
0.000000
0.000000
0.000011
0.000000
0.000000
0.000000
0.000001
0.000000
0.000002
0.000000
0.000000
0.000000
0.000000
0.000000
0.000000
0.000000
0.000000
0.000000
0.000000
0.000000
0.000000
0.000000
0.000000
0.000000
0.000000
0.000000
0.000000
0.000000
0.000000
0.000000
0.000000
0.000000
0.000000
0.000000
0.000000
0.000000
0.000000
0.000000
0.000000
0.000000
0.000000
0.000000
0.000000
0.000000
0.000000
0.000000
0.000000
0.000000
0.000000
0.000000
0.000000
0.000000
0.000000
0.000000
0.000000
0.000000
0.000000
0.000000
0.000000
0.000000
0.000000
0.000000
0.000000
0.000000
0.000000
0.000000
0.000000
0.000000
0.000000
0.000000
0.000000
0.000000
0.000000
0.000000
0.000000
0.000000
0.000000
0.000000
0.000000
0.000000
0.000000
0.000000
0.000000
0.000000
0.000000
0.000000
0.000000
0.000000
0.000000
0.000000
0.000000
0.000000
0.000000
0.000000
0.000000
0.000000
0.000000
0.000000
0.000000
0.000000
0.000000
