47.815100
44.687600
982.210000
197.540000
101.890000
55.227000
36.926000
24.251000
18.345000
11.840000
8.532200
6.696400
4.851700
3.336400
2.885400
2.040800
1.597400
1.287900
0.839620
0.706790
0.497090
0.412380
0.344220
0.257670
0.216380
0.138420
0.124170
0.114160
0.059745
0.067245
0.038698
0.035766
0.027015
0.027065
0.020287
0.008069
0.009546
0.006094
0.010038
0.006746
0.003776
0.002392
0.001969
0.002011
0.001353
0.001586
0.000553
0.000649
0.001261
0.000312
0.000067
0.000360
0.000398
0.000102
0.000121
0.000248
0.000289
0.000011
0.000010
0.000050
0.000067
0.000012
0.000046
0.000002
0.000000
0.000004
0.000004
0.000002
0.000002
0.000000
0.000000
0.000003
0.000000
0.000000
0.000000
0.000000
0.000000
0.000000
0.000000
0.000000
0.000000
0.000001
0.000001
0.000000
0.000000
0.000000
0.000000
0.000000
0.000000
0.000000
0.000000
0.000000
0.000000
0.000000
0.000000
0.000000
0.000000
0.000000
0.000000
0.000000
0.000000
0.000000
0.000000
0.000000
0.000000
0.000000
0.000000
0.000000
0.000000
0.000000
0.000000
0.000000
0.000000
0.000000
0.000000
0.000000
0.000000
0.000000
0.000000
0.000000
0.000000
0.000000
0.000000
0.000000
0.000000
0.000000
0.000000
0.000000
0.000000
0.000000
0.000000
0.000000
0.000000
0.000000
0.000000
0.000000
0.000000
0.000000
0.000000
0.000000
0.000000
0.000000
0.000000
0.000000
0.000000
0.000000
0.000000
0.000000
0.000000
0.000000
0.000000
0.000000
0.000000
0.000000
0.000000
0.000000
0.000000
0.000000
0.000000
0.000000
0.000000
0.000000
0.000000
0.000000
0.000000
0.000000
0.000000
0.000000
0.000000
0.000000
0.000000
0.000000
0.000000
0.000000
0.000000
0.000000
0.000000
0.000000
0.000000
0.000000
0.000000
0.000000
0.000000
0.000000
0.000000
0.000000
0.000000
0.000000
0.000000
0.000000
0.000000
0.000000
0.000000
0.000000
0.000000
0.000000
0.000000
0.000000
0.000000
0.000000
0.000000
0.000000
