80.631200
20.304900
796.860000
146.180000
66.734000
35.992000
20.382000
13.725000
8.761800
6.199500
4.098000
3.593800
2.837500
2.032500
1.637100
1.201900
0.980670
0.658100
0.623510
0.535370
0.355400
0.384800
0.238670
0.200220
0.178360
0.154760
0.125480
0.106550
0.070125
0.077487
0.074649
0.033987
0.047145
0.042579
0.021630
0.023352
0.026032
0.009603
0.014741
0.014259
0.007010
0.005179
0.008694
0.007466
0.004225
0.002868
0.003293
0.002637
0.001662
0.001022
0.000859
0.001130
0.002958
0.000421
0.000468
0.002149
0.001003
0.000861
0.000255
0.000158
0.000221
0.000160
0.000132
0.000073
0.000011
0.000026
0.000250
0.000029
0.000154
0.000000
0.000006
0.000019
0.000155
0.000057
0.000000
0.000010
0.000015
0.000007
0.000005
0.000002
0.000010
0.000000
0.000000
0.000000
0.000002
0.000007
0.000000
0.000000
0.000001
0.000000
0.000000
0.000000
0.000003
0.000044
0.000004
0.000000
0.000000
0.000000
0.000000
0.000081
0.000000
0.000000
0.000000
0.000000
0.000000
0.000000
0.000000
0.000000
0.000000
0.000000
0.000000
0.000000
0.000000
0.000000
0.000000
0.000000
0.000000
0.000000
0.000000
0.000000
0.000000
0.000000
0.000000
0.000000
0.000000
0.000000
0.000000
0.000000
0.000000
0.000000
0.000000
0.000000
0.000000
0.000000
0.000000
0.000000
0.000000
0.000000
0.000000
0.000000
0.000000
0.000000
0.000000
0.000000
0.000000
0.000000
0.000000
0.000000
0.000000
0.000000
0.000000
0.000000
0.000000
0.000000
0.000000
0.000000
0.000000
0.000000
0.000000
0.000000
0.000000
0.000000
0.000000
0.000000
0.000000
0.000000
0.000000
0.000000
0.000000
0.000000
0.000000
0.000000
0.000000
0.000000
0.000000
0.000000
0.000000
0.000000
0.000000
0.000000
0.000000
0.000000
0.000000
0.000000
0.000000
0.000000
0.000000
0.000000
0.000000
0.000000
0.000000
0.000000
0.000000
0.000000
0.000000
0.000000
0.000000
0.000000
0.000000
0.000000
0.000000
0.000000
