55.895300
27.416400
920.350000
190.460000
89.557000
49.870000
33.105000
21.590000
15.718000
11.278000
7.938300
6.572800
4.890400
3.766300
2.525700
2.064600
1.682500
1.236900
0.927270
0.935590
0.689540
0.553810
0.498330
0.361080
0.323430
0.255610
0.146500
0.137200
0.122910
0.114740
0.082326
0.056974
0.063101
0.051050
0.029121
0.028965
0.026660
0.019586
0.026492
0.010794
0.010544
0.006673
0.006675
0.007543
0.003533
0.004587
0.005386
0.002476
0.002628
0.001530
0.002931
0.001089
0.001891
0.000860
0.000571
0.000434
0.000628
0.000420
0.000211
0.000080
0.000898
0.001045
0.000084
0.000021
0.000088
0.000199
0.000125
0.000047
0.000084
0.000004
0.000004
0.000088
0.000007
0.000020
0.000003
0.000009
0.000005
0.000003
0.000015
0.000005
0.000026
0.000011
0.000000
0.000003
0.000000
0.000000
0.000000
0.000000
0.000000
0.000000
0.000000
0.000000
0.000000
0.000000
0.000003
0.000000
0.000000
0.000000
0.000000
0.000000
0.000000
0.000000
0.000000
0.000000
0.000000
0.000000
0.000000
0.000000
0.000000
0.000000
0.000000
0.000000
0.000000
0.000000
0.000000
0.000000
0.000000
0.000000
0.000000
0.000000
0.000000
0.000000
0.000000
0.000000
0.000000
0.000000
0.000000
0.000000
0.000000
0.000000
0.000000
0.000000
0.000000
0.000000
0.000000
0.000000
0.000000
0.000000
0.000000
0.000000
0.000000
0.000000
0.000000
0.000000
0.000000
0.000000
0.000000
0.000000
0.000000
0.000000
0.000000
0.000000
0.000000
0.000000
0.000000
0.000000
0.000000
0.000000
0.000000
0.000000
0.000000
0.000000
0.000000
0.000000
0.000000
0.000000
0.000000
0.000000
0.000000
0.000000
0.000000
0.000000
0.000000
0.000000
0.000000
0.000000
0.000000
0.000000
0.000000
0.000000
0.000000
0.000000
0.000000
0.000000
0.000000
0.000000
0.000000
0.000000
0.000000
0.000000
0.000000
0.000000
0.000000
0.000000
0.000000
0.000000
0.000000
0.000000
0.000000
0.000000
0.000000
0.000000
