56.150700
50.956500
951.590000
179.730000
82.581000
49.285000
31.932000
20.116000
14.601000
10.181000
6.473600
5.093000
3.513200
2.688500
2.117100
1.339900
1.175500
0.694450
0.682460
0.448670
0.314460
0.276250
0.195870
0.144790
0.117110
0.075125
0.072582
0.068077
0.041737
0.032955
0.022132
0.013555
0.017590
0.008877
0.005457
0.007056
0.003970
0.002856
0.003539
0.002638
0.001385
0.001119
0.000324
0.001265
0.000432
0.000532
0.000435
0.000297
0.000121
0.000107
0.000068
0.000081
0.000314
0.000057
0.000010
0.000015
0.000027
0.000020
0.000005
0.000007
0.000008
0.000043
0.000020
0.000000
0.000000
0.000000
0.000005
0.000000
0.000008
0.000007
0.000002
0.000000
0.000000
0.000000
0.000000
0.000000
0.000000
0.000000
0.000000
0.000000
0.000000
0.000000
0.000000
0.000000
0.000000
0.000000
0.000000
0.000000
0.000000
0.000000
0.000000
0.000000
0.000000
0.000000
0.000000
0.000000
0.000000
0.000000
0.000000
0.000000
0.000000
0.000000
0.000000
0.000000
0.000000
0.000000
0.000000
0.000000
0.000000
0.000000
0.000000
0.000000
0.000000
0.000000
0.000000
0.000000
0.000000
0.000000
0.000000
0.000000
0.000000
0.000000
0.000000
0.000000
0.000000
0.000000
0.000000
0.000000
0.000000
0.000000
0.000000
0.000000
0.000000
0.000000
0.000000
0.000000
0.000000
0.000000
0.000000
0.000000
0.000000
0.000000
0.000000
0.000000
0.000000
0.000000
0.000000
0.000000
0.000000
0.000000
0.000000
0.000000
0.000000
0.000000
0.000000
0.000000
0.000000
0.000000
0.000000
0.000000
0.000000
0.000000
0.000000
0.000000
0.000000
0.000000
0.000000
0.000000
0.000000
0.000000
0.000000
0.000000
0.000000
0.000000
0.000000
0.000000
0.000000
0.000000
0.000000
0.000000
0.000000
0.000000
0.000000
0.000000
0.000000
0.000000
0.000000
0.000000
0.000000
0.000000
0.000000
0.000000
0.000000
0.000000
0.000000
0.000000
0.000000
0.000000
0.000000
0.000000
0.000000
0.000000
