73.325600
36.351500
860.560000
170.550000
70.123000
37.699000
24.618000
14.473000
10.257000
6.197800
4.773200
3.321900
2.483000
1.892800
1.198700
1.042000
0.702450
0.610570
0.398340
0.336560
0.256250
0.179700
0.142100
0.130200
0.108210
0.072009
0.054833
0.054191
0.036936
0.027501
0.021075
0.016408
0.014644
0.010648
0.009036
0.012322
0.004894
0.003049
0.002757
0.003620
0.001679
0.001626
0.001145
0.001903
0.000840
0.001198
0.000381
0.000790
0.000398
0.000827
0.000680
0.001321
0.000231
0.000162
0.000044
0.000126
0.000125
0.000006
0.000060
0.000040
0.000005
0.000093
0.000012
0.000000
0.000012
0.000005
0.000020
0.000000
0.000000
0.000000
0.000000
0.000006
0.000000
0.000000
0.000003
0.000001
0.000000
0.000000
0.000000
0.000000
0.000000
0.000001
0.000000
0.000007
0.000000
0.000000
0.000000
0.000000
0.000000
0.000000
0.000000
0.000000
0.000000
0.000000
0.000000
0.000000
0.000000
0.000000
0.000000
0.000000
0.000000
0.000000
0.000000
0.000000
0.000000
0.000000
0.000000
0.000000
0.000000
0.000000
0.000000
0.000000
0.000000
0.000000
0.000000
0.000000
0.000000
0.000000
0.000000
0.000000
0.000000
0.000000
0.000000
0.000000
0.000000
0.000000
0.000000
0.000000
0.000000
0.000000
0.000000
0.000000
0.000000
0.000000
0.000000
0.000000
0.000000
0.000000
0.000000
0.000000
0.000000
0.000000
0.000000
0.000000
0.000000
0.000000
0.000000
0.000000
0.000000
0.000000
0.000000
0.000000
0.000000
0.000000
0.000000
0.000000
0.000000
0.000000
0.000000
0.000000
0.000000
0.000000
0.000000
0.000000
0.000000
0.000000
0.000000
0.000000
0.000000
0.000000
0.000000
0.000000
0.000000
0.000000
0.000000
0.000000
0.000000
0.000000
0.000000
0.000000
0.000000
0.000000
0.000000
0.000000
0.000000
0.000000
0.000000
0.000000
0.000000
0.000000
0.000000
0.000000
0.000000
0.000000
0.000000
0.000000
0.000000
0.000000
0.000000
0.000000
0.000000
0.000000
