65.683600
27.419800
885.650000
174.570000
80.856000
43.846000
28.933000
17.052000
12.922000
8.679300
5.691800
4.757000
3.141100
2.730600
1.894700
1.659300
1.289400
1.001800
0.766760
0.649370
0.478120
0.414390
0.273890
0.205280
0.164760
0.168020
0.106750
0.125650
0.081272
0.084341
0.052015
0.047384
0.043678
0.032693
0.032027
0.026108
0.020400
0.011374
0.013994
0.012670
0.010746
0.008036
0.003508
0.008023
0.003592
0.002555
0.000899
0.001205
0.002131
0.002617
0.001065
0.001062
0.000755
0.000178
0.000171
0.000414
0.000302
0.000307
0.000098
0.000047
0.000198
0.000456
0.000103
0.000092
0.000050
0.000051
0.000006
0.000014
0.000009
0.000008
0.000018
0.000013
0.000007
0.000004
0.000075
0.000000
0.000000
0.000001
0.000002
0.000000
0.000000
0.000026
0.000002
0.000000
0.000000
0.000000
0.000000
0.000002
0.000000
0.000000
0.000000
0.000000
0.000000
0.000000
0.000000
0.000000
0.000000
0.000000
0.000000
0.000000
0.000000
0.000000
0.000000
0.000000
0.000000
0.000000
0.000000
0.000000
0.000000
0.000000
0.000000
0.000000
0.000000
0.000000
0.000000
0.000000
0.000000
0.000000
0.000000
0.000000
0.000000
0.000000
0.000000
0.000000
0.000000
0.000000
0.000000
0.000000
0.000000
0.000000
0.000000
0.000000
0.000000
0.000000
0.000000
0.000000
0.000000
0.000000
0.000000
0.000000
0.000000
0.000000
0.000000
0.000000
0.000000
0.000000
0.000000
0.000000
0.000000
0.000000
0.000000
0.000000
0.000000
0.000000
0.000000
0.000000
0.000000
0.000000
0.000000
0.000000
0.000000
0.000000
0.000000
0.000000
0.000000
0.000000
0.000000
0.000000
0.000000
0.000000
0.000000
0.000000
0.000000
0.000000
0.000000
0.000000
0.000000
0.000000
0.000000
0.000000
0.000000
0.000000
0.000000
0.000000
0.000000
0.000000
0.000000
0.000000
0.000000
0.000000
0.000000
0.000000
0.000000
0.000000
0.000000
0.000000
0.000000
0.000000
0.000000
0.000000
0.000000
0.000000
