54.565600
42.822300
958.360000
210.030000
92.307000
54.358000
31.082000
20.859000
15.006000
10.337000
7.689400
5.549900
3.945400
3.224200
2.114100
1.641500
1.311800
0.938370
0.655780
0.558430
0.433900
0.336470
0.220790
0.235680
0.158900
0.119630
0.070994
0.070553
0.057622
0.045803
0.037433
0.030365
0.021097
0.013547
0.014692
0.011940
0.007224
0.008795
0.004762
0.002686
0.003085
0.004076
0.001769
0.001802
0.001353
0.001208
0.000780
0.000704
0.000456
0.000190
0.000653
0.000427
0.000146
0.000259
0.000103
0.000052
0.000179
0.000344
0.000067
0.000029
0.000012
0.000019
0.000005
0.000041
0.000003
0.000000
0.000000
0.000015
0.000003
0.000000
0.000027
0.000002
0.000000
0.000000
0.000003
0.000000
0.000000
0.000000
0.000000
0.000002
0.000000
0.000000
0.000000
0.000000
0.000003
0.000000
0.000000
0.000000
0.000000
0.000000
0.000000
0.000000
0.000000
0.000000
0.000000
0.000000
0.000000
0.000000
0.000000
0.000000
0.000000
0.000000
0.000000
0.000000
0.000000
0.000000
0.000000
0.000000
0.000000
0.000000
0.000000
0.000000
0.000000
0.000000
0.000000
0.000000
0.000000
0.000000
0.000000
0.000000
0.000000
0.000000
0.000000
0.000000
0.000000
0.000000
0.000000
0.000000
0.000000
0.000000
0.000000
0.000000
0.000000
0.000000
0.000000
0.000000
0.000000
0.000000
0.000000
0.000000
0.000000
0.000000
0.000000
0.000000
0.000000
0.000000
0.000000
0.000000
0.000000
0.000000
0.000000
0.000000
0.000000
0.000000
0.000000
0.000000
0.000000
0.000000
0.000000
0.000000
0.000000
0.000000
0.000000
0.000000
0.000000
0.000000
0.000000
0.000000
0.000000
0.000000
0.000000
0.000000
0.000000
0.000000
0.000000
0.000000
0.000000
0.000000
0.000000
0.000000
0.000000
0.000000
0.000000
0.000000
0.000000
0.000000
0.000000
0.000000
0.000000
0.000000
0.000000
0.000000
0.000000
0.000000
0.000000
0.000000
0.000000
0.000000
0.000000
0.000000
0.000000
0.000000
