84.766100
34.050800
859.300000
141.510000
61.147000
31.071000
19.297000
11.842000
8.429600
4.754800
3.535600
2.241700
1.663000
1.289800
0.959120
0.693980
0.565050
0.444030
0.327220
0.213510
0.209590
0.168660
0.105730
0.094527
0.068968
0.067874
0.050968
0.030062
0.031145
0.019600
0.018788
0.014795
0.016522
0.009667
0.007146
0.005048
0.004937
0.002763
0.001799
0.002896
0.002243
0.000901
0.001248
0.001587
0.000535
0.000162
0.000202
0.001097
0.000136
0.000265
0.000101
0.000257
0.000029
0.000054
0.000148
0.000082
0.000083
0.000020
0.000042
0.000009
0.000007
0.000012
0.000000
0.000000
0.000000
0.000002
0.000006
0.000000
0.000006
0.000008
0.000000
0.000002
0.000000
0.000002
0.000000
0.000000
0.000000
0.000002
0.000000
0.000000
0.000000
0.000000
0.000000
0.000000
0.000000
0.000000
0.000000
0.000000
0.000000
0.000000
0.000000
0.000000
0.000000
0.000000
0.000000
0.000000
0.000000
0.000000
0.000000
0.000000
0.000000
0.000000
0.000000
0.000000
0.000000
0.000000
0.000000
0.000000
0.000000
0.000000
0.000000
0.000000
0.000000
0.000000
0.000000
0.000000
0.000000
0.000000
0.000000
0.000000
0.000000
0.000000
0.000000
0.000000
0.000000
0.000000
0.000000
0.000000
0.000000
0.000000
0.000000
0.000000
0.000000
0.000000
0.000000
0.000000
0.000000
0.000000
0.000000
0.000000
0.000000
0.000000
0.000000
0.000000
0.000000
0.000000
0.000000
0.000000
0.000000
0.000000
0.000000
0.000000
0.000000
0.000000
0.000000
0.000000
0.000000
0.000000
0.000000
0.000000
0.000000
0.000000
0.000000
0.000000
0.000000
0.000000
0.000000
0.000000
0.000000
0.000000
0.000000
0.000000
0.000000
0.000000
0.000000
0.000000
0.000000
0.000000
0.000000
0.000000
0.000000
0.000000
0.000000
0.000000
0.000000
0.000000
0.000000
0.000000
0.000000
0.000000
0.000000
0.000000
0.000000
0.000000
0.000000
0.000000
0.000000
0.000000
0.000000
0.000000
0.000000
0.000000
