81.381400
40.484100
847.100000
151.630000
61.447000
34.370000
21.579000
12.346000
7.946000
4.807300
3.522800
2.362500
1.799400
1.229800
0.801040
0.811730
0.541460
0.373410
0.311470
0.240330
0.174520
0.134710
0.103170
0.071414
0.076458
0.042803
0.031628
0.030106
0.027797
0.024630
0.017575
0.008266
0.007443
0.007434
0.004318
0.006626
0.001117
0.002438
0.001919
0.001899
0.001079
0.001793
0.001036
0.001021
0.000581
0.000291
0.000242
0.000194
0.000267
0.000309
0.000145
0.000076
0.000660
0.000062
0.000008
0.000101
0.000081
0.000020
0.000009
0.000010
0.000040
0.000000
0.000000
0.000029
0.000005
0.000000
0.000000
0.000009
0.000000
0.000003
0.000000
0.000000
0.000000
0.000000
0.000000
0.000000
0.000000
0.000000
0.000000
0.000000
0.000000
0.000000
0.000000
0.000000
0.000000
0.000000
0.000000
0.000000
0.000000
0.000000
0.000000
0.000000
0.000000
0.000000
0.000000
0.000000
0.000000
0.000000
0.000000
0.000000
0.000000
0.000000
0.000000
0.000000
0.000000
0.000000
0.000000
0.000000
0.000000
0.000000
0.000000
0.000000
0.000000
0.000000
0.000000
0.000000
0.000000
0.000000
0.000000
0.000000
0.000000
0.000000
0.000000
0.000000
0.000000
0.000000
0.000000
0.000000
0.000000
0.000000
0.000000
0.000000
0.000000
0.000000
0.000000
0.000000
0.000000
0.000000
0.000000
0.000000
0.000000
0.000000
0.000000
0.000000
0.000000
0.000000
0.000000
0.000000
0.000000
0.000000
0.000000
0.000000
0.000000
0.000000
0.000000
0.000000
0.000000
0.000000
0.000000
0.000000
0.000000
0.000000
0.000000
0.000000
0.000000
0.000000
0.000000
0.000000
0.000000
0.000000
0.000000
0.000000
0.000000
0.000000
0.000000
0.000000
0.000000
0.000000
0.000000
0.000000
0.000000
0.000000
0.000000
0.000000
0.000000
0.000000
0.000000
0.000000
0.000000
0.000000
0.000000
0.000000
0.000000
0.000000
0.000000
0.000000
0.000000
0.000000
0.000000
0.000000
0.000000
0.000000
