46.602400
15.275500
951.780000
219.010000
109.790000
67.066000
44.958000
30.636000
21.220000
17.134000
12.896000
9.550900
8.431100
6.015700
5.101400
3.495700
3.450200
2.712400
2.291100
1.920400
1.478700
1.299200
1.148700
0.904250
0.765410
0.666290
0.545880
0.496330
0.423230
0.372220
0.259990
0.240410
0.203900
0.177040
0.128030
0.147790
0.095695
0.099517
0.083013
0.068882
0.055972
0.056729
0.049503
0.027749
0.026255
0.025843
0.019223
0.010188
0.015516
0.011957
0.014300
0.011539
0.008723
0.005981
0.005935
0.003926
0.006683
0.004156
0.001748
0.004300
0.004826
0.002172
0.001658
0.001092
0.001290
0.001458
0.000621
0.000793
0.000347
0.000504
0.000700
0.000212
0.000701
0.000208
0.000236
0.000281
0.000062
0.000083
0.000208
0.000026
0.000123
0.000033
0.000026
0.000072
0.000054
0.000007
0.000081
0.000008
0.000000
0.000062
0.000058
0.000007
0.000085
0.000000
0.000012
0.000000
0.000004
0.000000
0.000001
0.000000
0.000004
0.000000
0.000001
0.000010
0.000002
0.000000
0.000000
0.000000
0.000000
0.000004
0.000000
0.000000
0.000000
0.000000
0.000000
0.000000
0.000002
0.000000
0.000000
0.000000
0.000000
0.000000
0.000000
0.000000
0.000000
0.000000
0.000002
0.000000
0.000000
0.000000
0.000000
0.000000
0.000000
0.000000
0.000000
0.000000
0.000000
0.000000
0.000000
0.000000
0.000000
0.000000
0.000000
0.000000
0.000000
0.000000
0.000000
0.000000
0.000000
0.000000
0.000000
0.000000
0.000000
0.000000
0.000000
0.000000
0.000000
0.000000
0.000000
0.000000
0.000000
0.000000
0.000000
0.000000
0.000000
0.000000
0.000000
0.000000
0.000000
0.000000
0.000000
0.000000
0.000000
0.000000
0.000000
0.000000
0.000000
0.000000
0.000000
0.000000
0.000000
0.000000
0.000000
0.000000
0.000000
0.000000
0.000000
0.000000
0.000000
0.000000
0.000000
0.000000
0.000000
0.000000
0.000000
0.000000
0.000000
0.000000
0.000000
0.000000
0.000000
0.000000
