54.334100
37.899000
881.750000
202.120000
91.631000
50.855000
32.026000
21.036000
13.111000
10.991000
7.461000
5.455200
3.923600
3.543100
2.527600
1.899800
1.399100
1.021500
0.818660
0.647490
0.552240
0.375730
0.278660
0.281340
0.197110
0.142720
0.099395
0.105160
0.072931
0.074154
0.064749
0.040841
0.024757
0.021587
0.020908
0.014275
0.016475
0.009050
0.007537
0.006201
0.004562
0.002765
0.001552
0.002506
0.002346
0.001451
0.002169
0.000990
0.000778
0.000676
0.000633
0.000358
0.000149
0.000157
0.000090
0.000099
0.000182
0.000015
0.000047
0.000160
0.000017
0.000064
0.000000
0.000045
0.000014
0.000009
0.000030
0.000003
0.000050
0.000004
0.000004
0.000005
0.000011
0.000028
0.000007
0.000000
0.000000
0.000000
0.000001
0.000000
0.000000
0.000000
0.000003
0.000000
0.000000
0.000000
0.000000
0.000000
0.000000
0.000000
0.000000
0.000000
0.000000
0.000000
0.000000
0.000000
0.000000
0.000000
0.000000
0.000000
0.000000
0.000000
0.000000
0.000000
0.000000
0.000000
0.000000
0.000000
0.000000
0.000000
0.000000
0.000000
0.000000
0.000000
0.000000
0.000000
0.000000
0.000000
0.000000
0.000000
0.000000
0.000000
0.000000
0.000000
0.000000
0.000000
0.000000
0.000000
0.000000
0.000000
0.000000
0.000000
0.000000
0.000000
0.000000
0.000000
0.000000
0.000000
0.000000
0.000000
0.000000
0.000000
0.000000
0.000000
0.000000
0.000000
0.000000
0.000000
0.000000
0.000000
0.000000
0.000000
0.000000
0.000000
0.000000
0.000000
0.000000
0.000000
0.000000
0.000000
0.000000
0.000000
0.000000
0.000000
0.000000
0.000000
0.000000
0.000000
0.000000
0.000000
0.000000
0.000000
0.000000
0.000000
0.000000
0.000000
0.000000
0.000000
0.000000
0.000000
0.000000
0.000000
0.000000
0.000000
0.000000
0.000000
0.000000
0.000000
0.000000
0.000000
0.000000
0.000000
0.000000
0.000000
0.000000
0.000000
0.000000
0.000000
0.000000
0.000000
0.000000
0.000000
