78.938900
35.442800
875.660000
169.550000
61.702000
35.728000
20.840000
12.584000
8.592000
5.276100
4.134300
3.011000
1.911600
1.500400
1.219000
0.791070
0.580700
0.418730
0.450620
0.257380
0.208270
0.140770
0.151560
0.098343
0.063235
0.073808
0.044581
0.042474
0.036698
0.027598
0.025676
0.018919
0.011413
0.015829
0.008333
0.005573
0.007222
0.005625
0.002042
0.002310
0.002027
0.002952
0.001695
0.001360
0.000630
0.000632
0.000614
0.000419
0.000428
0.000345
0.000081
0.000158
0.000254
0.000203
0.000032
0.000117
0.000070
0.000093
0.000007
0.000126
0.000025
0.000000
0.000036
0.000006
0.000004
0.000014
0.000006
0.000011
0.000016
0.000001
0.000000
0.000000
0.000000
0.000000
0.000000
0.000002
0.000001
0.000000
0.000000
0.000000
0.000000
0.000000
0.000000
0.000000
0.000000
0.000000
0.000000
0.000000
0.000000
0.000000
0.000000
0.000000
0.000000
0.000000
0.000000
0.000000
0.000000
0.000000
0.000000
0.000000
0.000000
0.000000
0.000000
0.000000
0.000000
0.000000
0.000000
0.000000
0.000000
0.000000
0.000000
0.000000
0.000000
0.000000
0.000000
0.000000
0.000000
0.000000
0.000000
0.000000
0.000000
0.000000
0.000000
0.000000
0.000000
0.000000
0.000000
0.000000
0.000000
0.000000
0.000000
0.000000
0.000000
0.000000
0.000000
0.000000
0.000000
0.000000
0.000000
0.000000
0.000000
0.000000
0.000000
0.000000
0.000000
0.000000
0.000000
0.000000
0.000000
0.000000
0.000000
0.000000
0.000000
0.000000
0.000000
0.000000
0.000000
0.000000
0.000000
0.000000
0.000000
0.000000
0.000000
0.000000
0.000000
0.000000
0.000000
0.000000
0.000000
0.000000
0.000000
0.000000
0.000000
0.000000
0.000000
0.000000
0.000000
0.000000
0.000000
0.000000
0.000000
0.000000
0.000000
0.000000
0.000000
0.000000
0.000000
0.000000
0.000000
0.000000
0.000000
0.000000
0.000000
0.000000
0.000000
0.000000
0.000000
0.000000
0.000000
0.000000
0.000000
0.000000
