80.222600
51.013300
833.010000
156.300000
67.141000
30.283000
20.065000
11.826000
7.866900
5.560300
3.526600
2.566500
2.045400
1.146700
0.762270
0.605800
0.413130
0.312940
0.225450
0.170070
0.127070
0.095651
0.064755
0.046813
0.038362
0.025084
0.023103
0.018779
0.007067
0.007006
0.006944
0.003949
0.005217
0.003145
0.001768
0.002982
0.001485
0.001163
0.000798
0.000585
0.000691
0.000422
0.000893
0.000139
0.000301
0.000124
0.000415
0.000129
0.000111
0.000078
0.000074
0.000015
0.000003
0.000002
0.000014
0.000000
0.000005
0.000051
0.000010
0.000000
0.000015
0.000003
0.000009
0.000005
0.000000
0.000000
0.000000
0.000000
0.000000
0.000000
0.000000
0.000000
0.000000
0.000000
0.000000
0.000000
0.000000
0.000000
0.000000
0.000000
0.000000
0.000000
0.000000
0.000000
0.000000
0.000000
0.000000
0.000000
0.000000
0.000000
0.000000
0.000000
0.000000
0.000000
0.000000
0.000000
0.000000
0.000000
0.000000
0.000000
0.000000
0.000000
0.000000
0.000000
0.000000
0.000000
0.000000
0.000000
0.000000
0.000000
0.000000
0.000000
0.000000
0.000000
0.000000
0.000000
0.000000
0.000000
0.000000
0.000000
0.000000
0.000000
0.000000
0.000000
0.000000
0.000000
0.000000
0.000000
0.000000
0.000000
0.000000
0.000000
0.000000
0.000000
0.000000
0.000000
0.000000
0.000000
0.000000
0.000000
0.000000
0.000000
0.000000
0.000000
0.000000
0.000000
0.000000
0.000000
0.000000
0.000000
0.000000
0.000000
0.000000
0.000000
0.000000
0.000000
0.000000
0.000000
0.000000
0.000000
0.000000
0.000000
0.000000
0.000000
0.000000
0.000000
0.000000
0.000000
0.000000
0.000000
0.000000
0.000000
0.000000
0.000000
0.000000
0.000000
0.000000
0.000000
0.000000
0.000000
0.000000
0.000000
0.000000
0.000000
0.000000
0.000000
0.000000
0.000000
0.000000
0.000000
0.000000
0.000000
0.000000
0.000000
0.000000
0.000000
0.000000
0.000000
0.000000
0.000000
0.000000
0.000000
