67.837800
38.642000
890.340000
179.310000
73.820000
42.701000
25.015000
15.768000
11.633000
8.569000
5.272000
4.168500
2.562300
2.079100
1.575000
1.194700
0.922120
0.647450
0.555870
0.393620
0.308230
0.232960
0.188360
0.154750
0.093919
0.082002
0.058479
0.049932
0.044853
0.029023
0.019635
0.027795
0.015351
0.019735
0.007470
0.009885
0.006154
0.004170
0.003392
0.002971
0.002006
0.000741
0.003051
0.000561
0.001157
0.000419
0.000924
0.000613
0.000339
0.000148
0.000088
0.000023
0.000443
0.000293
0.000041
0.000055
0.000042
0.000045
0.000021
0.000040
0.000002
0.000002
0.000009
0.000019
0.000001
0.000006
0.000000
0.000018
0.000000
0.000033
0.000002
0.000000
0.000000
0.000000
0.000000
0.000000
0.000000
0.000000
0.000000
0.000000
0.000000
0.000000
0.000000
0.000000
0.000000
0.000000
0.000000
0.000000
0.000000
0.000000
0.000000
0.000000
0.000000
0.000000
0.000000
0.000001
0.000000
0.000000
0.000000
0.000000
0.000000
0.000000
0.000000
0.000000
0.000000
0.000000
0.000000
0.000000
0.000000
0.000000
0.000000
0.000000
0.000000
0.000000
0.000000
0.000000
0.000000
0.000000
0.000000
0.000000
0.000000
0.000000
0.000000
0.000000
0.000000
0.000000
0.000000
0.000000
0.000000
0.000000
0.000000
0.000000
0.000000
0.000000
0.000000
0.000000
0.000000
0.000000
0.000000
0.000000
0.000000
0.000000
0.000000
0.000000
0.000000
0.000000
0.000000
0.000000
0.000000
0.000000
0.000000
0.000000
0.000000
0.000000
0.000000
0.000000
0.000000
0.000000
0.000000
0.000000
0.000000
0.000000
0.000000
0.000000
0.000000
0.000000
0.000000
0.000000
0.000000
0.000000
0.000000
0.000000
0.000000
0.000000
0.000000
0.000000
0.000000
0.000000
0.000000
0.000000
0.000000
0.000000
0.000000
0.000000
0.000000
0.000000
0.000000
0.000000
0.000000
0.000000
0.000000
0.000000
0.000000
0.000000
0.000000
0.000000
0.000000
0.000000
0.000000
0.000000
0.000000
0.000000
