79.101200
52.396300
848.920000
152.160000
65.821000
32.967000
20.069000
12.108000
7.333300
4.981200
3.951100
2.404000
1.875300
1.158700
0.899850
0.558500
0.451630
0.374490
0.226600
0.152680
0.127260
0.075239
0.080711
0.049319
0.038542
0.022734
0.016486
0.014129
0.018483
0.010769
0.004985
0.007466
0.004278
0.005144
0.002128
0.001127
0.001400
0.000981
0.000892
0.000638
0.000215
0.000085
0.000258
0.000107
0.000117
0.000040
0.000025
0.000022
0.000060
0.000015
0.000043
0.000032
0.000002
0.000002
0.000010
0.000011
0.000009
0.000003
0.000002
0.000000
0.000000
0.000000
0.000003
0.000003
0.000002
0.000000
0.000000
0.000000
0.000000
0.000000
0.000000
0.000000
0.000000
0.000000
0.000000
0.000000
0.000000
0.000000
0.000000
0.000000
0.000000
0.000000
0.000000
0.000000
0.000000
0.000000
0.000000
0.000000
0.000000
0.000000
0.000000
0.000000
0.000000
0.000000
0.000000
0.000000
0.000000
0.000000
0.000000
0.000000
0.000000
0.000000
0.000000
0.000000
0.000000
0.000000
0.000000
0.000000
0.000000
0.000000
0.000000
0.000000
0.000000
0.000000
0.000000
0.000000
0.000000
0.000000
0.000000
0.000000
0.000000
0.000000
0.000000
0.000000
0.000000
0.000000
0.000000
0.000000
0.000000
0.000000
0.000000
0.000000
0.000000
0.000000
0.000000
0.000000
0.000000
0.000000
0.000000
0.000000
0.000000
0.000000
0.000000
0.000000
0.000000
0.000000
0.000000
0.000000
0.000000
0.000000
0.000000
0.000000
0.000000
0.000000
0.000000
0.000000
0.000000
0.000000
0.000000
0.000000
0.000000
0.000000
0.000000
0.000000
0.000000
0.000000
0.000000
0.000000
0.000000
0.000000
0.000000
0.000000
0.000000
0.000000
0.000000
0.000000
0.000000
0.000000
0.000000
0.000000
0.000000
0.000000
0.000000
0.000000
0.000000
0.000000
0.000000
0.000000
0.000000
0.000000
0.000000
0.000000
0.000000
0.000000
0.000000
0.000000
0.000000
0.000000
0.000000
0.000000
0.000000
0.000000
