76.662600
38.381800
861.720000
151.370000
67.879000
37.846000
21.551000
13.354000
9.265500
5.664300
4.432600
3.062700
2.159300
1.668900
1.266700
0.912230
0.567660
0.478260
0.365520
0.255770
0.193360
0.192710
0.144130
0.088804
0.087096
0.067521
0.043927
0.032034
0.029102
0.032277
0.016121
0.012505
0.013476
0.007809
0.006610
0.006421
0.007394
0.002756
0.004287
0.003249
0.004044
0.001170
0.000919
0.001066
0.001217
0.001004
0.000420
0.000314
0.000372
0.000307
0.000309
0.000169
0.000108
0.000060
0.000168
0.000066
0.000085
0.000023
0.000056
0.000003
0.000002
0.000030
0.000017
0.000012
0.000015
0.000000
0.000004
0.000000
0.000014
0.000007
0.000011
0.000000
0.000004
0.000000
0.000000
0.000000
0.000000
0.000000
0.000000
0.000000
0.000000
0.000000
0.000000
0.000000
0.000000
0.000000
0.000000
0.000000
0.000000
0.000000
0.000000
0.000000
0.000000
0.000000
0.000000
0.000000
0.000000
0.000000
0.000000
0.000000
0.000000
0.000000
0.000000
0.000000
0.000000
0.000000
0.000000
0.000000
0.000000
0.000000
0.000000
0.000000
0.000000
0.000000
0.000000
0.000000
0.000000
0.000000
0.000000
0.000000
0.000000
0.000000
0.000000
0.000000
0.000000
0.000000
0.000000
0.000000
0.000000
0.000000
0.000000
0.000000
0.000000
0.000000
0.000000
0.000000
0.000000
0.000000
0.000000
0.000000
0.000000
0.000000
0.000000
0.000000
0.000000
0.000000
0.000000
0.000000
0.000000
0.000000
0.000000
0.000000
0.000000
0.000000
0.000000
0.000000
0.000000
0.000000
0.000000
0.000000
0.000000
0.000000
0.000000
0.000000
0.000000
0.000000
0.000000
0.000000
0.000000
0.000000
0.000000
0.000000
0.000000
0.000000
0.000000
0.000000
0.000000
0.000000
0.000000
0.000000
0.000000
0.000000
0.000000
0.000000
0.000000
0.000000
0.000000
0.000000
0.000000
0.000000
0.000000
0.000000
0.000000
0.000000
0.000000
0.000000
0.000000
0.000000
0.000000
0.000000
0.000000
0.000000
