73.850300
41.774100
891.090000
164.080000
69.988000
36.544000
21.950000
14.427000
9.452700
6.241900
4.507000
3.398000
2.351200
1.388200
1.003400
0.824420
0.624270
0.532590
0.416860
0.293740
0.261140
0.137450
0.100820
0.104850
0.065999
0.057921
0.040708
0.032744
0.034870
0.018706
0.014340
0.011275
0.006701
0.006366
0.008239
0.005365
0.005062
0.003562
0.002011
0.001883
0.001175
0.001296
0.000851
0.000499
0.000650
0.000416
0.000172
0.000121
0.000071
0.000318
0.000231
0.000486
0.000043
0.000071
0.000048
0.000028
0.000003
0.000022
0.000013
0.000015
0.000017
0.000002
0.000006
0.000003
0.000010
0.000004
0.000000
0.000000
0.000000
0.000002
0.000000
0.000003
0.000017
0.000000
0.000000
0.000000
0.000001
0.000001
0.000000
0.000000
0.000000
0.000000
0.000000
0.000000
0.000000
0.000000
0.000000
0.000000
0.000000
0.000000
0.000000
0.000000
0.000000
0.000000
0.000000
0.000000
0.000000
0.000000
0.000000
0.000000
0.000000
0.000000
0.000000
0.000000
0.000000
0.000000
0.000000
0.000000
0.000000
0.000000
0.000000
0.000000
0.000000
0.000000
0.000000
0.000000
0.000000
0.000000
0.000000
0.000000
0.000000
0.000000
0.000000
0.000000
0.000000
0.000000
0.000000
0.000000
0.000000
0.000000
0.000000
0.000000
0.000000
0.000000
0.000000
0.000000
0.000000
0.000000
0.000000
0.000000
0.000000
0.000000
0.000000
0.000000
0.000000
0.000000
0.000000
0.000000
0.000000
0.000000
0.000000
0.000000
0.000000
0.000000
0.000000
0.000000
0.000000
0.000000
0.000000
0.000000
0.000000
0.000000
0.000000
0.000000
0.000000
0.000000
0.000000
0.000000
0.000000
0.000000
0.000000
0.000000
0.000000
0.000000
0.000000
0.000000
0.000000
0.000000
0.000000
0.000000
0.000000
0.000000
0.000000
0.000000
0.000000
0.000000
0.000000
0.000000
0.000000
0.000000
0.000000
0.000000
0.000000
0.000000
0.000000
0.000000
0.000000
0.000000
0.000000
0.000000
0.000000
0.000000
