61.458500
38.421600
937.650000
188.110000
84.677000
47.363000
29.795000
18.522000
13.172000
8.860100
6.295200
4.623300
3.291100
2.524700
1.727300
1.460500
1.146400
0.831820
0.588090
0.496090
0.386910
0.307530
0.243320
0.186740
0.151670
0.101700
0.082628
0.063392
0.051627
0.052055
0.030317
0.035758
0.023954
0.017836
0.010612
0.014848
0.009280
0.004448
0.005879
0.003514
0.003650
0.006466
0.000909
0.000853
0.001182
0.000924
0.001439
0.000782
0.000996
0.000336
0.000258
0.000288
0.000688
0.000284
0.000067
0.000119
0.000041
0.000095
0.000098
0.000022
0.000006
0.000017
0.000026
0.000008
0.000006
0.000008
0.000000
0.000002
0.000014
0.000002
0.000002
0.000000
0.000000
0.000000
0.000000
0.000000
0.000002
0.000000
0.000000
0.000000
0.000000
0.000000
0.000000
0.000000
0.000000
0.000000
0.000000
0.000000
0.000000
0.000000
0.000000
0.000000
0.000000
0.000000
0.000000
0.000000
0.000000
0.000000
0.000000
0.000000
0.000000
0.000000
0.000000
0.000000
0.000000
0.000000
0.000000
0.000000
0.000000
0.000000
0.000000
0.000000
0.000000
0.000000
0.000000
0.000000
0.000000
0.000000
0.000000
0.000000
0.000000
0.000000
0.000000
0.000000
0.000000
0.000000
0.000000
0.000000
0.000000
0.000000
0.000000
0.000000
0.000000
0.000000
0.000000
0.000000
0.000000
0.000000
0.000000
0.000000
0.000000
0.000000
0.000000
0.000000
0.000000
0.000000
0.000000
0.000000
0.000000
0.000000
0.000000
0.000000
0.000000
0.000000
0.000000
0.000000
0.000000
0.000000
0.000000
0.000000
0.000000
0.000000
0.000000
0.000000
0.000000
0.000000
0.000000
0.000000
0.000000
0.000000
0.000000
0.000000
0.000000
0.000000
0.000000
0.000000
0.000000
0.000000
0.000000
0.000000
0.000000
0.000000
0.000000
0.000000
0.000000
0.000000
0.000000
0.000000
0.000000
0.000000
0.000000
0.000000
0.000000
0.000000
0.000000
0.000000
0.000000
0.000000
0.000000
0.000000
0.000000
0.000000
