51.544400
58.839800
990.380000
213.810000
91.943000
51.329000
33.325000
22.604000
14.887000
9.843300
7.360500
5.364500
3.778700
2.756000
2.236800
1.742200
1.130900
0.846520
0.621670
0.472150
0.373690
0.275220
0.243350
0.149460
0.097674
0.106140
0.047829
0.055168
0.028574
0.020389
0.023471
0.013118
0.012077
0.010936
0.007187
0.004291
0.003352
0.002321
0.001227
0.001240
0.000706
0.000714
0.000519
0.001107
0.001660
0.000505
0.000102
0.000058
0.000130
0.000140
0.000090
0.000023
0.000056
0.000054
0.000209
0.000016
0.000014
0.000000
0.000009
0.000000
0.000008
0.000003
0.000010
0.000003
0.000012
0.000000
0.000000
0.000010
0.000000
0.000010
0.000001
0.000000
0.000000
0.000000
0.000000
0.000000
0.000000
0.000000
0.000000
0.000000
0.000000
0.000000
0.000000
0.000000
0.000000
0.000000
0.000000
0.000000
0.000000
0.000000
0.000000
0.000000
0.000000
0.000000
0.000000
0.000000
0.000000
0.000000
0.000000
0.000000
0.000000
0.000000
0.000000
0.000000
0.000000
0.000000
0.000000
0.000000
0.000000
0.000000
0.000000
0.000000
0.000000
0.000000
0.000000
0.000000
0.000000
0.000000
0.000000
0.000000
0.000000
0.000000
0.000000
0.000000
0.000000
0.000000
0.000000
0.000000
0.000000
0.000000
0.000000
0.000000
0.000000
0.000000
0.000000
0.000000
0.000000
0.000000
0.000000
0.000000
0.000000
0.000000
0.000000
0.000000
0.000000
0.000000
0.000000
0.000000
0.000000
0.000000
0.000000
0.000000
0.000000
0.000000
0.000000
0.000000
0.000000
0.000000
0.000000
0.000000
0.000000
0.000000
0.000000
0.000000
0.000000
0.000000
0.000000
0.000000
0.000000
0.000000
0.000000
0.000000
0.000000
0.000000
0.000000
0.000000
0.000000
0.000000
0.000000
0.000000
0.000000
0.000000
0.000000
0.000000
0.000000
0.000000
0.000000
0.000000
0.000000
0.000000
0.000000
0.000000
0.000000
0.000000
0.000000
0.000000
0.000000
0.000000
0.000000
0.000000
0.000000
0.000000
