56.647800
35.969900
928.960000
196.370000
91.292000
52.385000
30.698000
18.949000
15.088000
10.180000
7.530400
5.280000
4.077800
2.910400
2.249800
1.696000
1.516200
1.212700
0.787480
0.631870
0.464690
0.381160
0.270810
0.271940
0.150600
0.147530
0.124820
0.078556
0.069090
0.076010
0.046000
0.032780
0.031914
0.025015
0.015452
0.014532
0.012294
0.012056
0.004573
0.007002
0.005133
0.004440
0.005237
0.002703
0.002047
0.001393
0.001606
0.000548
0.000827
0.000778
0.000217
0.000552
0.000219
0.000854
0.000335
0.000080
0.000591
0.000019
0.000067
0.000281
0.000096
0.000021
0.000152
0.000010
0.000005
0.000036
0.000012
0.000000
0.000015
0.000002
0.000013
0.000005
0.000000
0.000001
0.000000
0.000000
0.000005
0.000000
0.000000
0.000005
0.000000
0.000000
0.000000
0.000000
0.000000
0.000000
0.000000
0.000000
0.000000
0.000000
0.000000
0.000000
0.000000
0.000000
0.000000
0.000000
0.000000
0.000000
0.000000
0.000000
0.000000
0.000000
0.000000
0.000000
0.000000
0.000000
0.000000
0.000000
0.000000
0.000000
0.000000
0.000000
0.000000
0.000000
0.000000
0.000000
0.000000
0.000000
0.000000
0.000000
0.000000
0.000000
0.000000
0.000000
0.000000
0.000000
0.000000
0.000000
0.000000
0.000000
0.000000
0.000000
0.000000
0.000000
0.000000
0.000000
0.000000
0.000000
0.000000
0.000000
0.000000
0.000000
0.000000
0.000000
0.000000
0.000000
0.000000
0.000000
0.000000
0.000000
0.000000
0.000000
0.000000
0.000000
0.000000
0.000000
0.000000
0.000000
0.000000
0.000000
0.000000
0.000000
0.000000
0.000000
0.000000
0.000000
0.000000
0.000000
0.000000
0.000000
0.000000
0.000000
0.000000
0.000000
0.000000
0.000000
0.000000
0.000000
0.000000
0.000000
0.000000
0.000000
0.000000
0.000000
0.000000
0.000000
0.000000
0.000000
0.000000
0.000000
0.000000
0.000000
0.000000
0.000000
0.000000
0.000000
0.000000
0.000000
0.000000
0.000000
0.000000
0.000000
