76.161600
34.613600
880.480000
160.770000
66.713000
33.986000
23.880000
14.981000
8.813300
5.968700
4.637600
3.419400
2.349700
1.852000
1.261700
0.908670
0.614940
0.572590
0.402700
0.318610
0.253610
0.206400
0.153890
0.126000
0.088126
0.070413
0.063885
0.048311
0.038290
0.034158
0.028635
0.018190
0.014489
0.014472
0.018185
0.007418
0.005332
0.004947
0.004583
0.003129
0.001618
0.001814
0.001832
0.002152
0.001587
0.001465
0.001467
0.000820
0.000348
0.000789
0.000452
0.000446
0.000059
0.000122
0.000107
0.000078
0.000183
0.000010
0.000029
0.000009
0.000018
0.000046
0.000020
0.000000
0.000013
0.000057
0.000000
0.000041
0.000000
0.000007
0.000000
0.000000
0.000013
0.000000
0.000002
0.000000
0.000000
0.000000
0.000000
0.000003
0.000000
0.000000
0.000000
0.000000
0.000000
0.000000
0.000000
0.000000
0.000000
0.000000
0.000000
0.000000
0.000000
0.000000
0.000000
0.000000
0.000000
0.000000
0.000000
0.000000
0.000000
0.000000
0.000000
0.000000
0.000000
0.000000
0.000000
0.000000
0.000000
0.000000
0.000000
0.000000
0.000000
0.000000
0.000000
0.000000
0.000000
0.000000
0.000000
0.000000
0.000000
0.000000
0.000000
0.000000
0.000000
0.000000
0.000000
0.000000
0.000000
0.000000
0.000000
0.000000
0.000000
0.000000
0.000000
0.000000
0.000000
0.000000
0.000000
0.000000
0.000000
0.000000
0.000000
0.000000
0.000000
0.000000
0.000000
0.000000
0.000000
0.000000
0.000000
0.000000
0.000000
0.000000
0.000000
0.000000
0.000000
0.000000
0.000000
0.000000
0.000000
0.000000
0.000000
0.000000
0.000000
0.000000
0.000000
0.000000
0.000000
0.000000
0.000000
0.000000
0.000000
0.000000
0.000000
0.000000
0.000000
0.000000
0.000000
0.000000
0.000000
0.000000
0.000000
0.000000
0.000000
0.000000
0.000000
0.000000
0.000000
0.000000
0.000000
0.000000
0.000000
0.000000
0.000000
0.000000
0.000000
0.000000
0.000000
0.000000
0.000000
0.000000
