42.186800
42.174100
958.310000
225.640000
105.090000
62.753000
40.507000
28.729000
19.186000
13.737000
10.594000
8.111000
5.854900
4.476300
3.636000
2.820200
1.976700
1.565600
1.297900
0.937470
0.679370
0.576800
0.517760
0.370230
0.255850
0.263890
0.164220
0.134160
0.118660
0.075926
0.060949
0.042343
0.037854
0.024916
0.016733
0.019462
0.016921
0.011103
0.005840
0.008113
0.005506
0.005027
0.004313
0.003658
0.003158
0.002390
0.002073
0.001133
0.000441
0.001093
0.000522
0.000565
0.000997
0.000300
0.000171
0.000362
0.000153
0.000151
0.000024
0.000080
0.000069
0.000070
0.000046
0.000020
0.000043
0.000000
0.000005
0.000014
0.000002
0.000007
0.000000
0.000000
0.000006
0.000001
0.000000
0.000005
0.000000
0.000001
0.000003
0.000000
0.000000
0.000000
0.000000
0.000000
0.000000
0.000000
0.000006
0.000001
0.000000
0.000000
0.000000
0.000000
0.000000
0.000000
0.000000
0.000000
0.000000
0.000000
0.000000
0.000000
0.000000
0.000000
0.000000
0.000000
0.000000
0.000000
0.000000
0.000000
0.000000
0.000000
0.000000
0.000000
0.000000
0.000000
0.000000
0.000000
0.000000
0.000000
0.000000
0.000000
0.000000
0.000000
0.000000
0.000000
0.000000
0.000000
0.000000
0.000000
0.000000
0.000000
0.000000
0.000000
0.000000
0.000000
0.000000
0.000000
0.000000
0.000000
0.000000
0.000000
0.000000
0.000000
0.000000
0.000000
0.000000
0.000000
0.000000
0.000000
0.000000
0.000000
0.000000
0.000000
0.000000
0.000000
0.000000
0.000000
0.000000
0.000000
0.000000
0.000000
0.000000
0.000000
0.000000
0.000000
0.000000
0.000000
0.000000
0.000000
0.000000
0.000000
0.000000
0.000000
0.000000
0.000000
0.000000
0.000000
0.000000
0.000000
0.000000
0.000000
0.000000
0.000000
0.000000
0.000000
0.000000
0.000000
0.000000
0.000000
0.000000
0.000000
0.000000
0.000000
0.000000
0.000000
0.000000
0.000000
0.000000
0.000000
0.000000
0.000000
0.000000
0.000000
