68.699200
20.340300
909.510000
167.400000
82.657000
44.555000
25.429000
17.273000
11.641000
8.157500
6.355700
4.889800
3.922000
2.761600
2.389100
1.763900
1.283600
1.039500
0.879970
0.699880
0.635890
0.567590
0.403520
0.355060
0.266640
0.270330
0.185740
0.140260
0.150640
0.121530
0.106950
0.065153
0.061559
0.069701
0.037699
0.034052
0.031412
0.028812
0.023052
0.020066
0.013946
0.009351
0.011746
0.007750
0.007954
0.005745
0.005955
0.002944
0.002832
0.002743
0.002320
0.003094
0.001756
0.001346
0.001848
0.000400
0.001413
0.000341
0.000688
0.000278
0.000318
0.000144
0.000729
0.000027
0.000490
0.000603
0.000071
0.000046
0.000041
0.000104
0.000017
0.000007
0.000374
0.000089
0.000004
0.000010
0.000000
0.000001
0.000000
0.000014
0.000000
0.000002
0.000091
0.000044
0.000000
0.000000
0.000002
0.000000
0.000002
0.000000
0.000000
0.000041
0.000000
0.000000
0.000000
0.000001
0.000000
0.000001
0.000000
0.000000
0.000000
0.000000
0.000000
0.000000
0.000000
0.000000
0.000000
0.000000
0.000000
0.000000
0.000000
0.000000
0.000000
0.000000
0.000000
0.000000
0.000000
0.000000
0.000000
0.000000
0.000000
0.000000
0.000000
0.000000
0.000000
0.000000
0.000000
0.000000
0.000000
0.000000
0.000000
0.000000
0.000000
0.000000
0.000000
0.000000
0.000000
0.000000
0.000000
0.000000
0.000000
0.000000
0.000000
0.000000
0.000000
0.000000
0.000000
0.000000
0.000000
0.000000
0.000000
0.000000
0.000000
0.000000
0.000000
0.000000
0.000000
0.000000
0.000000
0.000000
0.000000
0.000000
0.000000
0.000000
0.000000
0.000000
0.000000
0.000000
0.000000
0.000000
0.000000
0.000000
0.000000
0.000000
0.000000
0.000000
0.000000
0.000000
0.000000
0.000000
0.000000
0.000000
0.000000
0.000000
0.000000
0.000000
0.000000
0.000000
0.000000
0.000000
0.000000
0.000000
0.000000
0.000000
0.000000
0.000000
0.000000
0.000000
0.000000
0.000000
0.000000
0.000000
