54.561300
15.826200
926.830000
207.630000
95.345000
58.863000
33.102000
23.902000
17.875000
13.162000
9.608600
7.759300
5.823700
4.444100
4.264300
3.057500
2.354800
2.157900
1.552800
1.386000
1.009500
0.970040
0.826570
0.682430
0.596070
0.522370
0.388520
0.280440
0.270560
0.275870
0.201950
0.180920
0.119030
0.138590
0.092388
0.097801
0.085711
0.048252
0.048504
0.040252
0.037661
0.024387
0.029733
0.029315
0.033000
0.014160
0.012113
0.015038
0.009824
0.012379
0.010107
0.010513
0.008403
0.005543
0.001771
0.002173
0.002209
0.002951
0.001833
0.000799
0.001926
0.000374
0.000872
0.001020
0.000070
0.000412
0.000609
0.000106
0.001051
0.000428
0.000051
0.000018
0.000128
0.000073
0.000036
0.000347
0.000036
0.000069
0.000017
0.000004
0.000017
0.000031
0.000012
0.000060
0.000010
0.000017
0.000013
0.000031
0.000000
0.000034
0.000000
0.000000
0.000000
0.000008
0.000000
0.000003
0.000000
0.000000
0.000003
0.000000
0.000000
0.000000
0.000000
0.000000
0.000000
0.000000
0.000000
0.000000
0.000000
0.000000
0.000000
0.000000
0.000000
0.000000
0.000000
0.000000
0.000000
0.000000
0.000000
0.000000
0.000000
0.000000
0.000000
0.000000
0.000000
0.000000
0.000000
0.000000
0.000000
0.000000
0.000000
0.000000
0.000000
0.000000
0.000000
0.000000
0.000000
0.000000
0.000000
0.000000
0.000000
0.000000
0.000000
0.000000
0.000000
0.000000
0.000000
0.000000
0.000000
0.000000
0.000000
0.000000
0.000000
0.000000
0.000000
0.000000
0.000000
0.000000
0.000000
0.000000
0.000000
0.000000
0.000000
0.000000
0.000000
0.000000
0.000000
0.000000
0.000000
0.000000
0.000000
0.000000
0.000000
0.000000
0.000000
0.000000
0.000000
0.000000
0.000000
0.000000
0.000000
0.000000
0.000000
0.000000
0.000000
0.000000
0.000000
0.000000
0.000000
0.000000
0.000000
0.000000
0.000000
0.000000
0.000000
0.000000
0.000000
0.000000
0.000000
0.000000
0.000000
0.000000
