89.701600
39.275300
824.810000
135.290000
56.739000
28.078000
15.942000
10.043000
6.167100
4.240400
2.857100
1.973100
1.845200
1.185400
0.732730
0.532410
0.377670
0.312710
0.248460
0.183920
0.114070
0.097243
0.090108
0.082400
0.042792
0.037280
0.034287
0.028579
0.020667
0.013395
0.008375
0.010513
0.003064
0.006795
0.004355
0.004076
0.001387
0.001599
0.000607
0.001344
0.000751
0.000734
0.000330
0.000290
0.000533
0.001159
0.000247
0.000106
0.000167
0.000142
0.000156
0.000041
0.000028
0.000008
0.000025
0.000007
0.000094
0.000017
0.000000
0.000000
0.000010
0.000004
0.000031
0.000000
0.000000
0.000000
0.000000
0.000000
0.000000
0.000000
0.000001
0.000007
0.000000
0.000000
0.000000
0.000000
0.000000
0.000000
0.000000
0.000000
0.000000
0.000000
0.000000
0.000000
0.000000
0.000000
0.000000
0.000000
0.000000
0.000000
0.000000
0.000000
0.000000
0.000000
0.000000
0.000000
0.000000
0.000000
0.000000
0.000000
0.000000
0.000000
0.000000
0.000000
0.000000
0.000000
0.000000
0.000000
0.000000
0.000000
0.000000
0.000000
0.000000
0.000000
0.000000
0.000000
0.000000
0.000000
0.000000
0.000000
0.000000
0.000000
0.000000
0.000000
0.000000
0.000000
0.000000
0.000000
0.000000
0.000000
0.000000
0.000000
0.000000
0.000000
0.000000
0.000000
0.000000
0.000000
0.000000
0.000000
0.000000
0.000000
0.000000
0.000000
0.000000
0.000000
0.000000
0.000000
0.000000
0.000000
0.000000
0.000000
0.000000
0.000000
0.000000
0.000000
0.000000
0.000000
0.000000
0.000000
0.000000
0.000000
0.000000
0.000000
0.000000
0.000000
0.000000
0.000000
0.000000
0.000000
0.000000
0.000000
0.000000
0.000000
0.000000
0.000000
0.000000
0.000000
0.000000
0.000000
0.000000
0.000000
0.000000
0.000000
0.000000
0.000000
0.000000
0.000000
0.000000
0.000000
0.000000
0.000000
0.000000
0.000000
0.000000
0.000000
0.000000
0.000000
0.000000
0.000000
0.000000
0.000000
