76.608100
16.118400
851.380000
169.510000
68.398000
38.778000
23.488000
16.443000
11.206000
7.645500
5.636900
4.073100
2.986400
2.502200
1.834700
1.518100
1.250400
0.985490
0.890560
0.708720
0.539770
0.457560
0.382500
0.293820
0.286010
0.216530
0.136580
0.199370
0.124220
0.098321
0.086565
0.062547
0.063123
0.055429
0.056519
0.055254
0.034442
0.034544
0.023570
0.022653
0.017407
0.016975
0.013907
0.007847
0.010610
0.011946
0.008913
0.004403
0.003654
0.008669
0.002024
0.001808
0.001336
0.000663
0.001320
0.001577
0.000756
0.000716
0.002188
0.000659
0.000298
0.000157
0.000346
0.000418
0.000361
0.001576
0.000387
0.000155
0.000308
0.000193
0.000042
0.000006
0.000014
0.000000
0.000020
0.000024
0.000019
0.000178
0.000170
0.000028
0.000210
0.000006
0.000005
0.000000
0.000004
0.000000
0.000001
0.000064
0.000007
0.000001
0.000000
0.000000
0.000000
0.000000
0.000001
0.000000
0.000000
0.000000
0.000000
0.000000
0.000000
0.000000
0.000001
0.000000
0.000000
0.000000
0.000000
0.000000
0.000000
0.000000
0.000000
0.000000
0.000000
0.000000
0.000000
0.000000
0.000000
0.000000
0.000000
0.000000
0.000000
0.000000
0.000000
0.000000
0.000000
0.000000
0.000000
0.000000
0.000000
0.000000
0.000000
0.000000
0.000000
0.000000
0.000000
0.000000
0.000000
0.000000
0.000000
0.000000
0.000000
0.000000
0.000000
0.000000
0.000000
0.000000
0.000000
0.000000
0.000000
0.000000
0.000000
0.000000
0.000000
0.000000
0.000000
0.000000
0.000000
0.000000
0.000000
0.000000
0.000000
0.000000
0.000000
0.000000
0.000000
0.000000
0.000000
0.000000
0.000000
0.000000
0.000000
0.000000
0.000000
0.000000
0.000000
0.000000
0.000000
0.000000
0.000000
0.000000
0.000000
0.000000
0.000000
0.000000
0.000000
0.000000
0.000000
0.000000
0.000000
0.000000
0.000000
0.000000
0.000000
0.000000
0.000000
0.000000
0.000000
0.000000
0.000000
0.000000
0.000000
0.000000
