41.520000
55.068600
1012.200000
261.720000
113.280000
64.536000
41.641000
28.473000
18.399000
14.499000
9.558400
7.027400
5.469800
4.162600
3.307400
2.265200
1.726400
1.267300
1.090400
0.830250
0.609060
0.498540
0.352230
0.287680
0.240120
0.165070
0.153200
0.077507
0.063413
0.060525
0.040839
0.050356
0.022772
0.023012
0.017879
0.008225
0.011311
0.005976
0.004154
0.003771
0.003787
0.002607
0.002596
0.001494
0.000738
0.000953
0.000803
0.000292
0.000172
0.000176
0.000418
0.000250
0.000383
0.000195
0.000123
0.000035
0.000020
0.000122
0.000023
0.000056
0.000078
0.000012
0.000001
0.000000
0.000017
0.000002
0.000002
0.000000
0.000010
0.000000
0.000000
0.000000
0.000005
0.000000
0.000001
0.000000
0.000000
0.000000
0.000000
0.000000
0.000000
0.000000
0.000000
0.000000
0.000000
0.000000
0.000000
0.000000
0.000000
0.000000
0.000000
0.000000
0.000000
0.000000
0.000000
0.000000
0.000000
0.000000
0.000000
0.000000
0.000000
0.000000
0.000000
0.000000
0.000000
0.000000
0.000000
0.000000
0.000000
0.000000
0.000000
0.000000
0.000000
0.000000
0.000000
0.000000
0.000000
0.000000
0.000000
0.000000
0.000000
0.000000
0.000000
0.000000
0.000000
0.000000
0.000000
0.000000
0.000000
0.000000
0.000000
0.000000
0.000000
0.000000
0.000000
0.000000
0.000000
0.000000
0.000000
0.000000
0.000000
0.000000
0.000000
0.000000
0.000000
0.000000
0.000000
0.000000
0.000000
0.000000
0.000000
0.000000
0.000000
0.000000
0.000000
0.000000
0.000000
0.000000
0.000000
0.000000
0.000000
0.000000
0.000000
0.000000
0.000000
0.000000
0.000000
0.000000
0.000000
0.000000
0.000000
0.000000
0.000000
0.000000
0.000000
0.000000
0.000000
0.000000
0.000000
0.000000
0.000000
0.000000
0.000000
0.000000
0.000000
0.000000
0.000000
0.000000
0.000000
0.000000
0.000000
0.000000
0.000000
0.000000
0.000000
0.000000
0.000000
0.000000
0.000000
0.000000
0.000000
0.000000
