60.938000
39.571600
932.060000
182.420000
80.421000
45.911000
27.823000
18.242000
13.880000
8.976300
6.192500
4.515500
3.631400
2.809700
1.808100
1.175200
1.125800
0.858380
0.660590
0.437680
0.325290
0.321990
0.183730
0.189480
0.119690
0.105590
0.080673
0.064310
0.054271
0.040993
0.042631
0.021128
0.020733
0.017122
0.012424
0.008132
0.007258
0.006581
0.007529
0.002319
0.002379
0.004815
0.003377
0.002233
0.001027
0.000639
0.000782
0.000638
0.000621
0.000678
0.000343
0.000424
0.000105
0.000221
0.000073
0.000009
0.000123
0.000019
0.000030
0.000120
0.000012
0.000001
0.000002
0.000000
0.000004
0.000000
0.000004
0.000004
0.000000
0.000000
0.000004
0.000000
0.000003
0.000000
0.000000
0.000000
0.000000
0.000000
0.000001
0.000000
0.000000
0.000009
0.000000
0.000000
0.000000
0.000000
0.000000
0.000000
0.000001
0.000000
0.000000
0.000000
0.000000
0.000000
0.000000
0.000000
0.000000
0.000000
0.000000
0.000000
0.000000
0.000000
0.000000
0.000000
0.000000
0.000000
0.000000
0.000000
0.000000
0.000000
0.000000
0.000000
0.000000
0.000000
0.000000
0.000000
0.000000
0.000000
0.000000
0.000000
0.000000
0.000000
0.000000
0.000000
0.000000
0.000000
0.000000
0.000000
0.000000
0.000000
0.000000
0.000000
0.000000
0.000000
0.000000
0.000000
0.000000
0.000000
0.000000
0.000000
0.000000
0.000000
0.000000
0.000000
0.000000
0.000000
0.000000
0.000000
0.000000
0.000000
0.000000
0.000000
0.000000
0.000000
0.000000
0.000000
0.000000
0.000000
0.000000
0.000000
0.000000
0.000000
0.000000
0.000000
0.000000
0.000000
0.000000
0.000000
0.000000
0.000000
0.000000
0.000000
0.000000
0.000000
0.000000
0.000000
0.000000
0.000000
0.000000
0.000000
0.000000
0.000000
0.000000
0.000000
0.000000
0.000000
0.000000
0.000000
0.000000
0.000000
0.000000
0.000000
0.000000
0.000000
0.000000
0.000000
0.000000
0.000000
0.000000
0.000000
0.000000
0.000000
