57.436100
45.177100
905.060000
207.120000
83.019000
45.809000
33.534000
19.269000
12.987000
10.157000
6.600500
4.567200
3.944200
2.745300
2.006900
1.327100
1.046300
0.835110
0.600150
0.581670
0.338820
0.297360
0.196070
0.183300
0.130110
0.111070
0.076380
0.057098
0.044700
0.050309
0.030131
0.026949
0.015557
0.016723
0.011754
0.008996
0.007241
0.004580
0.004003
0.002562
0.001391
0.002157
0.001132
0.000548
0.000518
0.000321
0.000561
0.000852
0.000414
0.000172
0.000152
0.000219
0.000221
0.000054
0.000080
0.000019
0.000025
0.000016
0.000037
0.000013
0.000036
0.000007
0.000006
0.000009
0.000008
0.000009
0.000000
0.000000
0.000000
0.000000
0.000003
0.000000
0.000000
0.000001
0.000000
0.000000
0.000000
0.000000
0.000000
0.000000
0.000000
0.000000
0.000000
0.000000
0.000000
0.000000
0.000000
0.000000
0.000000
0.000000
0.000000
0.000000
0.000000
0.000000
0.000000
0.000000
0.000000
0.000000
0.000000
0.000001
0.000000
0.000000
0.000000
0.000000
0.000000
0.000000
0.000000
0.000000
0.000000
0.000000
0.000000
0.000000
0.000000
0.000000
0.000000
0.000000
0.000000
0.000000
0.000000
0.000000
0.000000
0.000000
0.000000
0.000000
0.000000
0.000000
0.000000
0.000000
0.000000
0.000000
0.000000
0.000000
0.000000
0.000000
0.000000
0.000000
0.000000
0.000000
0.000000
0.000000
0.000000
0.000000
0.000000
0.000000
0.000000
0.000000
0.000000
0.000000
0.000000
0.000000
0.000000
0.000000
0.000000
0.000000
0.000000
0.000000
0.000000
0.000000
0.000000
0.000000
0.000000
0.000000
0.000000
0.000000
0.000000
0.000000
0.000000
0.000000
0.000000
0.000000
0.000000
0.000000
0.000000
0.000000
0.000000
0.000000
0.000000
0.000000
0.000000
0.000000
0.000000
0.000000
0.000000
0.000000
0.000000
0.000000
0.000000
0.000000
0.000000
0.000000
0.000000
0.000000
0.000000
0.000000
0.000000
0.000000
0.000000
0.000000
0.000000
0.000000
0.000000
0.000000
