47.467000
18.761300
964.460000
227.860000
99.505000
58.909000
39.393000
28.082000
21.738000
15.340000
12.081000
8.754700
6.420600
5.457000
4.451000
3.561100
2.616800
2.461000
1.869100
1.581400
1.171000
1.076700
0.834910
0.670250
0.601890
0.556610
0.434360
0.341190
0.268500
0.216670
0.206590
0.128830
0.168580
0.137910
0.109590
0.064899
0.063555
0.057630
0.061924
0.041652
0.037438
0.025835
0.034287
0.023615
0.021767
0.012320
0.010197
0.010529
0.008116
0.007408
0.002969
0.005411
0.009542
0.004167
0.002922
0.003968
0.003302
0.001313
0.000482
0.001196
0.001547
0.000662
0.000959
0.000660
0.000633
0.000378
0.000118
0.000753
0.000403
0.000020
0.000043
0.000049
0.000137
0.000086
0.000146
0.000086
0.000112
0.000014
0.000015
0.000106
0.000072
0.000063
0.000010
0.000081
0.000007
0.000000
0.000028
0.000000
0.000001
0.000001
0.000002
0.000005
0.000016
0.000002
0.000003
0.000000
0.000007
0.000017
0.000000
0.000002
0.000000
0.000000
0.000000
0.000000
0.000000
0.000000
0.000005
0.000002
0.000000
0.000000
0.000000
0.000000
0.000004
0.000000
0.000001
0.000000
0.000000
0.000000
0.000000
0.000000
0.000000
0.000000
0.000000
0.000000
0.000000
0.000000
0.000000
0.000000
0.000000
0.000000
0.000000
0.000000
0.000000
0.000000
0.000000
0.000000
0.000000
0.000000
0.000000
0.000000
0.000000
0.000000
0.000000
0.000000
0.000000
0.000000
0.000000
0.000000
0.000000
0.000000
0.000000
0.000000
0.000000
0.000000
0.000000
0.000000
0.000000
0.000000
0.000000
0.000000
0.000000
0.000000
0.000000
0.000000
0.000000
0.000000
0.000000
0.000000
0.000000
0.000000
0.000000
0.000000
0.000000
0.000000
0.000000
0.000000
0.000000
0.000000
0.000000
0.000000
0.000000
0.000000
0.000000
0.000000
0.000000
0.000000
0.000000
0.000000
0.000000
0.000000
0.000000
0.000000
0.000000
0.000000
0.000000
0.000000
0.000000
0.000000
0.000000
0.000000
0.000000
0.000000
