83.005600
17.661800
833.220000
159.380000
64.533000
33.313000
20.722000
11.966000
8.792400
5.957000
4.491400
3.621800
2.519600
2.043000
1.547600
1.398000
1.021700
0.846180
0.541040
0.467230
0.449290
0.332310
0.312820
0.260010
0.219750
0.164370
0.184750
0.176320
0.098882
0.089613
0.053801
0.057045
0.057954
0.039893
0.025896
0.044423
0.025435
0.020452
0.018921
0.017063
0.014470
0.018215
0.012840
0.006123
0.004268
0.003856
0.004285
0.003844
0.002837
0.002194
0.002905
0.001780
0.000615
0.001737
0.002236
0.000579
0.000620
0.001073
0.000686
0.000287
0.000557
0.000314
0.000466
0.000641
0.000548
0.000252
0.000085
0.000094
0.000106
0.000017
0.000008
0.000076
0.000105
0.000035
0.000057
0.000000
0.000213
0.000003
0.000010
0.000065
0.000000
0.000023
0.000026
0.000101
0.000006
0.000009
0.000004
0.000000
0.000001
0.000000
0.000000
0.000000
0.000000
0.000000
0.000000
0.000000
0.000000
0.000000
0.000006
0.000002
0.000000
0.000000
0.000000
0.000000
0.000000
0.000000
0.000000
0.000000
0.000000
0.000000
0.000000
0.000000
0.000000
0.000000
0.000000
0.000000
0.000000
0.000000
0.000000
0.000000
0.000000
0.000000
0.000000
0.000000
0.000000
0.000000
0.000000
0.000000
0.000000
0.000000
0.000000
0.000000
0.000000
0.000000
0.000000
0.000000
0.000000
0.000000
0.000000
0.000000
0.000000
0.000000
0.000000
0.000000
0.000000
0.000000
0.000000
0.000000
0.000000
0.000000
0.000000
0.000000
0.000000
0.000000
0.000000
0.000000
0.000000
0.000000
0.000000
0.000000
0.000000
0.000000
0.000000
0.000000
0.000000
0.000000
0.000000
0.000000
0.000000
0.000000
0.000000
0.000000
0.000000
0.000000
0.000000
0.000000
0.000000
0.000000
0.000000
0.000000
0.000000
0.000000
0.000000
0.000000
0.000000
0.000000
0.000000
0.000000
0.000000
0.000000
0.000000
0.000000
0.000000
0.000000
0.000000
0.000000
0.000000
0.000000
0.000000
0.000000
0.000000
0.000000
