54.171700
25.176400
926.540000
215.500000
90.664000
55.062000
34.048000
23.037000
14.451000
11.694000
9.195200
6.960900
5.157700
4.281300
3.228900
2.214500
1.940700
1.463400
1.336100
0.958680
0.815590
0.730390
0.546260
0.461090
0.446300
0.246590
0.229280
0.183150
0.169320
0.130480
0.097664
0.067414
0.070825
0.057372
0.046620
0.052748
0.040034
0.038781
0.027919
0.020832
0.023744
0.012583
0.006914
0.011163
0.005548
0.004641
0.003814
0.008120
0.001829
0.002690
0.001918
0.001325
0.001080
0.002407
0.000598
0.000301
0.000971
0.000405
0.000477
0.000337
0.000498
0.000146
0.000699
0.000115
0.000283
0.000110
0.000085
0.000042
0.000057
0.000073
0.000175
0.000036
0.000013
0.000013
0.000058
0.000041
0.000001
0.000040
0.000000
0.000006
0.000000
0.000000
0.000000
0.000000
0.000000
0.000000
0.000052
0.000000
0.000013
0.000001
0.000000
0.000000
0.000001
0.000000
0.000000
0.000000
0.000000
0.000000
0.000000
0.000000
0.000000
0.000000
0.000000
0.000000
0.000000
0.000000
0.000000
0.000000
0.000000
0.000000
0.000000
0.000000
0.000000
0.000000
0.000000
0.000000
0.000000
0.000000
0.000000
0.000000
0.000000
0.000000
0.000000
0.000000
0.000000
0.000000
0.000000
0.000000
0.000000
0.000000
0.000000
0.000000
0.000000
0.000000
0.000000
0.000000
0.000000
0.000000
0.000000
0.000000
0.000000
0.000000
0.000000
0.000000
0.000000
0.000000
0.000000
0.000000
0.000000
0.000000
0.000000
0.000000
0.000000
0.000000
0.000000
0.000000
0.000000
0.000000
0.000000
0.000000
0.000000
0.000000
0.000000
0.000000
0.000000
0.000000
0.000000
0.000000
0.000000
0.000000
0.000000
0.000000
0.000000
0.000000
0.000000
0.000000
0.000000
0.000000
0.000000
0.000000
0.000000
0.000000
0.000000
0.000000
0.000000
0.000000
0.000000
0.000000
0.000000
0.000000
0.000000
0.000000
0.000000
0.000000
0.000000
0.000000
0.000000
0.000000
0.000000
0.000000
0.000000
0.000000
