52.907400
18.994100
951.010000
208.060000
96.430000
59.418000
38.238000
24.028000
17.515000
13.965000
9.241500
8.049800
6.075200
4.889900
3.694000
2.881700
2.299300
1.956000
1.634200
1.182500
1.053200
0.957860
0.732650
0.641630
0.509150
0.428970
0.317020
0.336450
0.238470
0.197140
0.168420
0.135820
0.109010
0.109040
0.093866
0.069843
0.061667
0.065368
0.043409
0.037927
0.023354
0.029485
0.021686
0.016360
0.010341
0.009352
0.015247
0.009747
0.008750
0.005126
0.005613
0.003996
0.005160
0.004023
0.002334
0.001832
0.002362
0.001556
0.000496
0.001052
0.000564
0.000532
0.000575
0.000287
0.000283
0.000502
0.000328
0.000258
0.000164
0.000176
0.000164
0.000286
0.000852
0.000010
0.000034
0.000000
0.000037
0.000140
0.000031
0.000010
0.000032
0.000009
0.000068
0.000005
0.000027
0.000000
0.000003
0.000051
0.000002
0.000000
0.000004
0.000019
0.000003
0.000012
0.000000
0.000000
0.000002
0.000000
0.000000
0.000000
0.000000
0.000000
0.000000
0.000000
0.000000
0.000000
0.000003
0.000000
0.000000
0.000000
0.000000
0.000000
0.000000
0.000000
0.000000
0.000000
0.000000
0.000000
0.000000
0.000000
0.000000
0.000000
0.000000
0.000000
0.000000
0.000000
0.000000
0.000000
0.000000
0.000000
0.000000
0.000000
0.000000
0.000000
0.000000
0.000000
0.000000
0.000000
0.000000
0.000000
0.000000
0.000000
0.000000
0.000000
0.000000
0.000000
0.000000
0.000000
0.000000
0.000000
0.000000
0.000000
0.000000
0.000000
0.000000
0.000000
0.000000
0.000000
0.000000
0.000000
0.000000
0.000000
0.000000
0.000000
0.000000
0.000000
0.000000
0.000000
0.000000
0.000000
0.000000
0.000000
0.000000
0.000000
0.000000
0.000000
0.000000
0.000000
0.000000
0.000000
0.000000
0.000000
0.000000
0.000000
0.000000
0.000000
0.000000
0.000000
0.000000
0.000000
0.000000
0.000000
0.000000
0.000000
0.000000
0.000000
0.000000
0.000000
0.000000
0.000000
0.000000
0.000000
