49.397400
17.319400
904.820000
206.070000
97.632000
55.462000
41.933000
27.562000
21.424000
15.227000
11.015000
8.704100
7.772200
5.874700
4.116400
3.360800
2.942800
2.362300
1.835900
1.539300
1.276800
1.041800
0.817990
0.614980
0.723780
0.531750
0.464920
0.375870
0.307370
0.270660
0.205050
0.172790
0.148370
0.125760
0.112270
0.087109
0.085945
0.054929
0.055976
0.039198
0.044548
0.024206
0.031007
0.015623
0.016085
0.023075
0.013219
0.014571
0.015368
0.012690
0.011624
0.003709
0.004273
0.004079
0.002155
0.004592
0.002674
0.003950
0.001599
0.002541
0.000930
0.000723
0.000728
0.002214
0.001092
0.000245
0.000859
0.000186
0.000196
0.000076
0.000579
0.000066
0.000091
0.000128
0.000075
0.000305
0.000101
0.000006
0.000239
0.000005
0.000002
0.000099
0.000125
0.000010
0.000106
0.000003
0.000092
0.000003
0.000004
0.000005
0.000016
0.000028
0.000000
0.000000
0.000002
0.000000
0.000000
0.000000
0.000001
0.000000
0.000000
0.000000
0.000000
0.000001
0.000000
0.000000
0.000000
0.000000
0.000000
0.000011
0.000000
0.000000
0.000000
0.000000
0.000000
0.000000
0.000000
0.000007
0.000000
0.000000
0.000000
0.000002
0.000000
0.000000
0.000000
0.000000
0.000000
0.000000
0.000000
0.000000
0.000000
0.000000
0.000000
0.000000
0.000000
0.000000
0.000000
0.000000
0.000000
0.000000
0.000000
0.000000
0.000000
0.000000
0.000000
0.000000
0.000000
0.000000
0.000000
0.000000
0.000000
0.000000
0.000000
0.000000
0.000000
0.000000
0.000000
0.000000
0.000000
0.000000
0.000000
0.000000
0.000000
0.000000
0.000000
0.000000
0.000000
0.000000
0.000000
0.000000
0.000000
0.000000
0.000000
0.000000
0.000000
0.000000
0.000000
0.000000
0.000000
0.000000
0.000000
0.000000
0.000000
0.000000
0.000000
0.000000
0.000000
0.000000
0.000000
0.000000
0.000000
0.000000
0.000000
0.000000
0.000000
0.000000
0.000000
0.000000
0.000000
0.000000
0.000000
0.000000
