74.607200
42.484400
842.190000
161.930000
71.421000
35.596000
21.786000
12.893000
8.685600
6.078400
4.096600
2.951600
2.221800
1.424400
1.103700
0.887680
0.596250
0.424380
0.378810
0.286220
0.227370
0.178200
0.112650
0.114260
0.053570
0.058498
0.032129
0.025909
0.032215
0.013160
0.010243
0.009933
0.010126
0.012841
0.006539
0.005010
0.005259
0.003997
0.001223
0.002265
0.001361
0.001734
0.001349
0.000757
0.000245
0.000361
0.000172
0.000141
0.000099
0.000119
0.000065
0.000088
0.000058
0.000023
0.000041
0.000065
0.000026
0.000031
0.000028
0.000011
0.000071
0.000000
0.000000
0.000002
0.000014
0.000008
0.000000
0.000006
0.000006
0.000000
0.000000
0.000002
0.000000
0.000000
0.000000
0.000000
0.000000
0.000000
0.000000
0.000000
0.000000
0.000000
0.000000
0.000000
0.000000
0.000000
0.000000
0.000000
0.000000
0.000000
0.000000
0.000000
0.000000
0.000000
0.000000
0.000000
0.000000
0.000000
0.000000
0.000000
0.000000
0.000000
0.000000
0.000000
0.000000
0.000000
0.000000
0.000000
0.000000
0.000000
0.000000
0.000000
0.000000
0.000000
0.000000
0.000000
0.000000
0.000000
0.000000
0.000000
0.000000
0.000000
0.000000
0.000000
0.000000
0.000000
0.000000
0.000000
0.000000
0.000000
0.000000
0.000000
0.000000
0.000000
0.000000
0.000000
0.000000
0.000000
0.000000
0.000000
0.000000
0.000000
0.000000
0.000000
0.000000
0.000000
0.000000
0.000000
0.000000
0.000000
0.000000
0.000000
0.000000
0.000000
0.000000
0.000000
0.000000
0.000000
0.000000
0.000000
0.000000
0.000000
0.000000
0.000000
0.000000
0.000000
0.000000
0.000000
0.000000
0.000000
0.000000
0.000000
0.000000
0.000000
0.000000
0.000000
0.000000
0.000000
0.000000
0.000000
0.000000
0.000000
0.000000
0.000000
0.000000
0.000000
0.000000
0.000000
0.000000
0.000000
0.000000
0.000000
0.000000
0.000000
0.000000
0.000000
0.000000
0.000000
0.000000
0.000000
0.000000
0.000000
