70.530700
40.837000
828.100000
181.370000
72.827000
38.434000
24.737000
13.575000
10.335000
7.089200
4.714200
3.194300
2.414700
1.844500
1.313600
1.020800
0.825950
0.675790
0.506120
0.323260
0.259900
0.225190
0.159150
0.106900
0.081160
0.072035
0.056021
0.033273
0.031043
0.019936
0.017603
0.018438
0.012109
0.009628
0.010221
0.005366
0.005025
0.005419
0.004380
0.002694
0.002115
0.001222
0.001000
0.001791
0.000390
0.000154
0.000324
0.001694
0.000571
0.000303
0.000135
0.000089
0.000106
0.000037
0.000046
0.000044
0.000027
0.000042
0.000010
0.000108
0.000004
0.000012
0.000001
0.000014
0.000004
0.000044
0.000004
0.000000
0.000000
0.000000
0.000002
0.000000
0.000000
0.000001
0.000000
0.000000
0.000000
0.000000
0.000000
0.000001
0.000000
0.000000
0.000000
0.000000
0.000000
0.000000
0.000000
0.000000
0.000000
0.000000
0.000000
0.000000
0.000000
0.000000
0.000000
0.000000
0.000000
0.000000
0.000000
0.000000
0.000000
0.000000
0.000000
0.000000
0.000000
0.000000
0.000000
0.000000
0.000000
0.000000
0.000000
0.000000
0.000000
0.000000
0.000000
0.000000
0.000000
0.000000
0.000000
0.000000
0.000000
0.000000
0.000000
0.000000
0.000000
0.000000
0.000000
0.000000
0.000000
0.000000
0.000000
0.000000
0.000000
0.000000
0.000000
0.000000
0.000000
0.000000
0.000000
0.000000
0.000000
0.000000
0.000000
0.000000
0.000000
0.000000
0.000000
0.000000
0.000000
0.000000
0.000000
0.000000
0.000000
0.000000
0.000000
0.000000
0.000000
0.000000
0.000000
0.000000
0.000000
0.000000
0.000000
0.000000
0.000000
0.000000
0.000000
0.000000
0.000000
0.000000
0.000000
0.000000
0.000000
0.000000
0.000000
0.000000
0.000000
0.000000
0.000000
0.000000
0.000000
0.000000
0.000000
0.000000
0.000000
0.000000
0.000000
0.000000
0.000000
0.000000
0.000000
0.000000
0.000000
0.000000
0.000000
0.000000
0.000000
0.000000
0.000000
0.000000
0.000000
0.000000
