65.399600
25.335300
874.950000
180.160000
79.702000
43.201000
27.919000
17.997000
11.531000
8.982900
6.991500
4.581400
3.775000
2.555300
2.171100
1.505000
1.326100
1.088500
0.761380
0.640940
0.491000
0.406440
0.300480
0.275930
0.202480
0.158760
0.139120
0.093954
0.109950
0.079232
0.065718
0.054267
0.045053
0.038278
0.026652
0.024136
0.020110
0.014648
0.015984
0.011863
0.009019
0.004202
0.004374
0.007151
0.005549
0.007376
0.002432
0.002110
0.000697
0.003886
0.001362
0.000836
0.000530
0.000812
0.000706
0.000155
0.000371
0.001198
0.000243
0.000192
0.000394
0.000273
0.000102
0.000008
0.000088
0.000086
0.000014
0.000085
0.000118
0.000016
0.000000
0.000015
0.000091
0.000023
0.000000
0.000013
0.000002
0.000005
0.000000
0.000001
0.000001
0.000000
0.000000
0.000000
0.000043
0.000000
0.000000
0.000000
0.000001
0.000000
0.000001
0.000000
0.000000
0.000000
0.000000
0.000000
0.000000
0.000000
0.000000
0.000000
0.000000
0.000000
0.000000
0.000000
0.000000
0.000000
0.000000
0.000000
0.000000
0.000000
0.000000
0.000000
0.000000
0.000000
0.000000
0.000000
0.000000
0.000000
0.000000
0.000000
0.000000
0.000000
0.000000
0.000000
0.000000
0.000000
0.000000
0.000000
0.000000
0.000000
0.000000
0.000000
0.000000
0.000000
0.000000
0.000000
0.000000
0.000000
0.000000
0.000000
0.000000
0.000000
0.000000
0.000000
0.000000
0.000000
0.000000
0.000000
0.000000
0.000000
0.000000
0.000000
0.000000
0.000000
0.000000
0.000000
0.000000
0.000000
0.000000
0.000000
0.000000
0.000000
0.000000
0.000000
0.000000
0.000000
0.000000
0.000000
0.000000
0.000000
0.000000
0.000000
0.000000
0.000000
0.000000
0.000000
0.000000
0.000000
0.000000
0.000000
0.000000
0.000000
0.000000
0.000000
0.000000
0.000000
0.000000
0.000000
0.000000
0.000000
0.000000
0.000000
0.000000
0.000000
0.000000
0.000000
0.000000
0.000000
0.000000
0.000000
0.000000
0.000000
