71.389000
31.499200
901.930000
180.110000
74.608000
38.533000
23.371000
15.603000
10.035000
7.029200
4.970900
3.883200
3.083200
1.890100
1.580600
0.987900
0.868350
0.792980
0.496390
0.436410
0.278320
0.263150
0.232550
0.150680
0.142950
0.104340
0.089863
0.066140
0.053930
0.036899
0.030864
0.040114
0.031706
0.018464
0.014446
0.010058
0.007319
0.007802
0.008267
0.006067
0.003999
0.003423
0.003257
0.002986
0.001560
0.001210
0.000556
0.000752
0.000654
0.000721
0.001428
0.000325
0.000102
0.000105
0.000193
0.000279
0.000131
0.000196
0.000030
0.000071
0.000035
0.000045
0.000041
0.000004
0.000015
0.000035
0.000006
0.000026
0.000000
0.000002
0.000001
0.000000
0.000000
0.000005
0.000004
0.000004
0.000004
0.000000
0.000000
0.000000
0.000000
0.000000
0.000003
0.000000
0.000000
0.000000
0.000001
0.000000
0.000000
0.000000
0.000000
0.000000
0.000000
0.000000
0.000000
0.000000
0.000000
0.000000
0.000003
0.000000
0.000000
0.000000
0.000000
0.000000
0.000000
0.000000
0.000000
0.000000
0.000000
0.000000
0.000000
0.000000
0.000000
0.000000
0.000000
0.000000
0.000000
0.000000
0.000000
0.000000
0.000000
0.000000
0.000000
0.000000
0.000000
0.000000
0.000000
0.000000
0.000000
0.000000
0.000000
0.000000
0.000000
0.000000
0.000000
0.000000
0.000000
0.000000
0.000000
0.000000
0.000000
0.000000
0.000000
0.000000
0.000000
0.000000
0.000000
0.000000
0.000000
0.000000
0.000000
0.000000
0.000000
0.000000
0.000000
0.000000
0.000000
0.000000
0.000000
0.000000
0.000000
0.000000
0.000000
0.000000
0.000000
0.000000
0.000000
0.000000
0.000000
0.000000
0.000000
0.000000
0.000000
0.000000
0.000000
0.000000
0.000000
0.000000
0.000000
0.000000
0.000000
0.000000
0.000000
0.000000
0.000000
0.000000
0.000000
0.000000
0.000000
0.000000
0.000000
0.000000
0.000000
0.000000
0.000000
0.000000
0.000000
0.000000
0.000000
0.000000
0.000000
0.000000
