68.699200
20.340300
855.170000
182.400000
79.353000
43.513000
25.091000
17.900000
12.204000
8.090700
6.054800
4.807200
3.803900
2.697900
2.297000
1.638600
1.499900
1.032000
0.943350
0.721460
0.637580
0.513670
0.449330
0.333310
0.251660
0.228280
0.200740
0.129360
0.114850
0.081891
0.105720
0.082183
0.059340
0.042607
0.059100
0.043661
0.027043
0.027695
0.022301
0.017712
0.016994
0.013455
0.007264
0.006742
0.004964
0.006088
0.004634
0.003667
0.005854
0.001770
0.002178
0.001614
0.001060
0.003844
0.001695
0.001981
0.000404
0.000604
0.001513
0.000229
0.001045
0.000704
0.000101
0.000089
0.000134
0.000306
0.000010
0.000039
0.000432
0.000050
0.000092
0.000017
0.000000
0.000014
0.000006
0.000055
0.000006
0.000006
0.000000
0.000000
0.000003
0.000000
0.000000
0.000000
0.000006
0.000002
0.000000
0.000000
0.000007
0.000001
0.000000
0.000008
0.000000
0.000000
0.000000
0.000000
0.000000
0.000000
0.000000
0.000000
0.000000
0.000000
0.000000
0.000000
0.000000
0.000000
0.000000
0.000000
0.000000
0.000000
0.000000
0.000000
0.000000
0.000000
0.000000
0.000000
0.000000
0.000000
0.000000
0.000000
0.000000
0.000000
0.000000
0.000000
0.000000
0.000000
0.000000
0.000000
0.000000
0.000000
0.000000
0.000000
0.000000
0.000000
0.000000
0.000000
0.000000
0.000000
0.000000
0.000000
0.000000
0.000000
0.000000
0.000000
0.000000
0.000000
0.000000
0.000000
0.000000
0.000000
0.000000
0.000000
0.000000
0.000000
0.000000
0.000000
0.000000
0.000000
0.000000
0.000000
0.000000
0.000000
0.000000
0.000000
0.000000
0.000000
0.000000
0.000000
0.000000
0.000000
0.000000
0.000000
0.000000
0.000000
0.000000
0.000000
0.000000
0.000000
0.000000
0.000000
0.000000
0.000000
0.000000
0.000000
0.000000
0.000000
0.000000
0.000000
0.000000
0.000000
0.000000
0.000000
0.000000
0.000000
0.000000
0.000000
0.000000
0.000000
0.000000
0.000000
0.000000
0.000000
