40.142100
56.164900
1039.100000
235.650000
109.030000
67.287000
41.396000
29.127000
19.412000
14.488000
9.050900
7.386900
6.556800
4.455300
3.268300
2.324100
1.871500
1.594700
0.860430
0.712640
0.623850
0.487570
0.327490
0.285830
0.247450
0.145540
0.118330
0.094537
0.073302
0.076334
0.033548
0.030273
0.032980
0.017807
0.014697
0.013155
0.012165
0.007864
0.009086
0.005418
0.003018
0.001487
0.003874
0.002366
0.002991
0.000820
0.000364
0.001104
0.000483
0.000464
0.000413
0.000102
0.000203
0.000067
0.000028
0.000341
0.000057
0.000056
0.000025
0.000000
0.000019
0.000005
0.000346
0.000000
0.000009
0.000000
0.000000
0.000001
0.000002
0.000000
0.000000
0.000000
0.000000
0.000000
0.000000
0.000003
0.000000
0.000000
0.000002
0.000000
0.000000
0.000000
0.000001
0.000000
0.000000
0.000000
0.000000
0.000000
0.000000
0.000000
0.000000
0.000000
0.000000
0.000000
0.000000
0.000000
0.000000
0.000000
0.000000
0.000000
0.000000
0.000000
0.000000
0.000000
0.000000
0.000000
0.000000
0.000000
0.000000
0.000000
0.000000
0.000000
0.000000
0.000000
0.000000
0.000000
0.000000
0.000000
0.000000
0.000000
0.000000
0.000000
0.000000
0.000000
0.000000
0.000000
0.000000
0.000000
0.000000
0.000000
0.000000
0.000000
0.000000
0.000000
0.000000
0.000000
0.000000
0.000000
0.000000
0.000000
0.000000
0.000000
0.000000
0.000000
0.000000
0.000000
0.000000
0.000000
0.000000
0.000000
0.000000
0.000000
0.000000
0.000000
0.000000
0.000000
0.000000
0.000000
0.000000
0.000000
0.000000
0.000000
0.000000
0.000000
0.000000
0.000000
0.000000
0.000000
0.000000
0.000000
0.000000
0.000000
0.000000
0.000000
0.000000
0.000000
0.000000
0.000000
0.000000
0.000000
0.000000
0.000000
0.000000
0.000000
0.000000
0.000000
0.000000
0.000000
0.000000
0.000000
0.000000
0.000000
0.000000
0.000000
0.000000
0.000000
0.000000
0.000000
0.000000
0.000000
0.000000
0.000000
