52.807200
32.742900
945.460000
196.900000
91.114000
54.255000
34.733000
23.258000
15.995000
12.470000
9.184800
6.096000
4.790500
3.400200
2.923300
2.252400
1.611100
1.308800
1.161200
0.895420
0.667370
0.516900
0.360430
0.338170
0.211430
0.175100
0.165590
0.131510
0.094761
0.088103
0.069427
0.045383
0.045141
0.031902
0.032614
0.014824
0.020016
0.017126
0.014077
0.008152
0.008578
0.005616
0.003955
0.003713
0.002873
0.003847
0.002745
0.001904
0.001448
0.001892
0.000441
0.001452
0.000364
0.000460
0.000455
0.000488
0.000125
0.000246
0.000187
0.000125
0.000054
0.000184
0.000126
0.000043
0.000059
0.000034
0.000097
0.000026
0.000012
0.000000
0.000011
0.000006
0.000006
0.000002
0.000005
0.000000
0.000016
0.000000
0.000000
0.000000
0.000000
0.000000
0.000000
0.000001
0.000000
0.000000
0.000000
0.000000
0.000000
0.000000
0.000000
0.000000
0.000000
0.000000
0.000000
0.000000
0.000000
0.000000
0.000000
0.000000
0.000000
0.000000
0.000000
0.000000
0.000000
0.000000
0.000000
0.000000
0.000000
0.000000
0.000000
0.000000
0.000000
0.000000
0.000000
0.000000
0.000000
0.000000
0.000000
0.000000
0.000000
0.000000
0.000000
0.000000
0.000000
0.000000
0.000000
0.000000
0.000000
0.000000
0.000000
0.000000
0.000000
0.000000
0.000000
0.000000
0.000000
0.000000
0.000000
0.000000
0.000000
0.000000
0.000000
0.000000
0.000000
0.000000
0.000000
0.000000
0.000000
0.000000
0.000000
0.000000
0.000000
0.000000
0.000000
0.000000
0.000000
0.000000
0.000000
0.000000
0.000000
0.000000
0.000000
0.000000
0.000000
0.000000
0.000000
0.000000
0.000000
0.000000
0.000000
0.000000
0.000000
0.000000
0.000000
0.000000
0.000000
0.000000
0.000000
0.000000
0.000000
0.000000
0.000000
0.000000
0.000000
0.000000
0.000000
0.000000
0.000000
0.000000
0.000000
0.000000
0.000000
0.000000
0.000000
0.000000
0.000000
0.000000
0.000000
0.000000
0.000000
0.000000
