79.500400
33.736100
819.240000
165.140000
62.152000
30.398000
19.691000
13.791000
8.787700
5.586600
4.718300
3.051900
2.043400
1.500600
1.086100
0.764840
0.592460
0.521300
0.437110
0.289050
0.246990
0.196540
0.155560
0.124700
0.081418
0.062700
0.060845
0.049009
0.030217
0.024914
0.017513
0.016269
0.009295
0.009366
0.008503
0.006781
0.005266
0.005553
0.003685
0.004250
0.003788
0.002226
0.001263
0.000895
0.001074
0.001431
0.000533
0.000323
0.000232
0.000184
0.000346
0.000370
0.000109
0.000150
0.000037
0.000015
0.000044
0.000025
0.000052
0.000025
0.000036
0.000012
0.000013
0.000006
0.000031
0.000082
0.000025
0.000010
0.000000
0.000000
0.000000
0.000000
0.000000
0.000002
0.000000
0.000008
0.000002
0.000000
0.000000
0.000000
0.000000
0.000000
0.000000
0.000000
0.000000
0.000000
0.000000
0.000000
0.000000
0.000000
0.000000
0.000000
0.000000
0.000000
0.000000
0.000000
0.000000
0.000000
0.000000
0.000000
0.000000
0.000000
0.000000
0.000000
0.000000
0.000000
0.000000
0.000000
0.000000
0.000000
0.000000
0.000000
0.000000
0.000000
0.000000
0.000000
0.000000
0.000000
0.000000
0.000000
0.000000
0.000000
0.000000
0.000000
0.000000
0.000000
0.000000
0.000000
0.000000
0.000000
0.000000
0.000000
0.000000
0.000000
0.000000
0.000000
0.000000
0.000000
0.000000
0.000000
0.000000
0.000000
0.000000
0.000000
0.000000
0.000000
0.000000
0.000000
0.000000
0.000000
0.000000
0.000000
0.000000
0.000000
0.000000
0.000000
0.000000
0.000000
0.000000
0.000000
0.000000
0.000000
0.000000
0.000000
0.000000
0.000000
0.000000
0.000000
0.000000
0.000000
0.000000
0.000000
0.000000
0.000000
0.000000
0.000000
0.000000
0.000000
0.000000
0.000000
0.000000
0.000000
0.000000
0.000000
0.000000
0.000000
0.000000
0.000000
0.000000
0.000000
0.000000
0.000000
0.000000
0.000000
0.000000
0.000000
0.000000
0.000000
0.000000
0.000000
0.000000
0.000000
