45.954800
17.747500
923.800000
216.000000
104.350000
60.776000
41.351000
28.820000
22.482000
15.441000
12.374000
9.970100
7.444100
5.829100
4.662400
4.187200
3.385800
2.553300
2.218800
1.944400
1.511900
1.170900
1.019700
0.835140
0.711990
0.654690
0.454380
0.459170
0.359880
0.274550
0.261240
0.206250
0.178160
0.119210
0.118990
0.089404
0.068128
0.063245
0.043909
0.064560
0.049316
0.035167
0.035334
0.032120
0.020011
0.011656
0.021163
0.013659
0.014940
0.009861
0.008784
0.007589
0.004800
0.004334
0.005878
0.004185
0.002913
0.005114
0.001024
0.003638
0.001377
0.001948
0.000704
0.000665
0.000794
0.000687
0.000388
0.001580
0.001796
0.000409
0.000212
0.000242
0.000297
0.000235
0.000198
0.000029
0.000130
0.000081
0.000046
0.000068
0.000038
0.000021
0.000010
0.000031
0.000021
0.000015
0.000004
0.000051
0.000008
0.000005
0.000003
0.000003
0.000007
0.000000
0.000077
0.000064
0.000002
0.000000
0.000000
0.000000
0.000003
0.000007
0.000004
0.000000
0.000000
0.000000
0.000000
0.000000
0.000000
0.000000
0.000000
0.000000
0.000000
0.000000
0.000000
0.000000
0.000000
0.000000
0.000000
0.000000
0.000000
0.000000
0.000000
0.000000
0.000000
0.000000
0.000000
0.000000
0.000000
0.000000
0.000000
0.000000
0.000000
0.000000
0.000000
0.000000
0.000000
0.000000
0.000000
0.000000
0.000000
0.000000
0.000000
0.000000
0.000000
0.000000
0.000000
0.000000
0.000000
0.000000
0.000000
0.000000
0.000000
0.000000
0.000000
0.000000
0.000000
0.000000
0.000000
0.000000
0.000000
0.000000
0.000000
0.000000
0.000000
0.000000
0.000000
0.000000
0.000000
0.000000
0.000000
0.000000
0.000000
0.000000
0.000000
0.000000
0.000000
0.000000
0.000000
0.000000
0.000000
0.000000
0.000000
0.000000
0.000000
0.000000
0.000000
0.000000
0.000000
0.000000
0.000000
0.000000
0.000000
0.000000
0.000000
0.000000
0.000000
0.000000
0.000000
0.000000
0.000000
0.000000
