61.922100
34.743300
852.200000
177.830000
75.896000
46.632000
26.981000
17.977000
13.705000
9.755500
6.097800
4.679500
3.525000
2.883300
1.840400
1.507400
1.146300
0.892020
0.787620
0.498870
0.365460
0.377890
0.273360
0.198390
0.190220
0.126870
0.077044
0.072310
0.063288
0.051334
0.034088
0.029010
0.021306
0.016777
0.016633
0.013488
0.014797
0.008081
0.007440
0.006029
0.007114
0.004320
0.004177
0.003793
0.002956
0.001124
0.001306
0.000893
0.000763
0.000513
0.001180
0.001060
0.000343
0.000262
0.000025
0.000325
0.000094
0.000121
0.000110
0.000018
0.000255
0.000023
0.000021
0.000011
0.000010
0.000002
0.000008
0.000009
0.000000
0.000000
0.000001
0.000003
0.000003
0.000000
0.000001
0.000002
0.000014
0.000015
0.000025
0.000000
0.000000
0.000004
0.000000
0.000000
0.000001
0.000000
0.000000
0.000000
0.000000
0.000000
0.000000
0.000005
0.000000
0.000000
0.000000
0.000000
0.000000
0.000000
0.000000
0.000000
0.000000
0.000000
0.000000
0.000000
0.000000
0.000000
0.000000
0.000000
0.000000
0.000000
0.000000
0.000000
0.000000
0.000000
0.000000
0.000000
0.000000
0.000000
0.000000
0.000000
0.000000
0.000000
0.000000
0.000000
0.000000
0.000000
0.000000
0.000000
0.000000
0.000000
0.000000
0.000000
0.000000
0.000000
0.000000
0.000000
0.000000
0.000000
0.000000
0.000000
0.000000
0.000000
0.000000
0.000000
0.000000
0.000000
0.000000
0.000000
0.000000
0.000000
0.000000
0.000000
0.000000
0.000000
0.000000
0.000000
0.000000
0.000000
0.000000
0.000000
0.000000
0.000000
0.000000
0.000000
0.000000
0.000000
0.000000
0.000000
0.000000
0.000000
0.000000
0.000000
0.000000
0.000000
0.000000
0.000000
0.000000
0.000000
0.000000
0.000000
0.000000
0.000000
0.000000
0.000000
0.000000
0.000000
0.000000
0.000000
0.000000
0.000000
0.000000
0.000000
0.000000
0.000000
0.000000
0.000000
0.000000
0.000000
0.000000
0.000000
0.000000
0.000000
