55.030800
51.481500
952.770000
201.250000
89.769000
51.317000
33.016000
20.775000
13.167000
8.590400
6.704800
5.062000
4.270500
2.876000
1.983400
1.502400
1.155800
0.825410
0.606360
0.435420
0.392810
0.250690
0.243740
0.166400
0.138350
0.121960
0.055274
0.063223
0.036376
0.031754
0.029653
0.016207
0.018060
0.009425
0.005471
0.008202
0.006241
0.003216
0.002799
0.002707
0.002263
0.002211
0.001829
0.000510
0.000490
0.000708
0.000228
0.000286
0.000082
0.000502
0.000284
0.000247
0.000041
0.000043
0.000016
0.000092
0.000091
0.000014
0.000019
0.000010
0.000000
0.000000
0.000002
0.000002
0.000010
0.000000
0.000007
0.000000
0.000000
0.000000
0.000000
0.000000
0.000000
0.000000
0.000000
0.000000
0.000000
0.000000
0.000001
0.000000
0.000000
0.000000
0.000000
0.000000
0.000000
0.000000
0.000000
0.000000
0.000000
0.000000
0.000000
0.000000
0.000000
0.000000
0.000000
0.000000
0.000000
0.000000
0.000000
0.000000
0.000000
0.000000
0.000000
0.000000
0.000000
0.000000
0.000000
0.000000
0.000000
0.000000
0.000000
0.000000
0.000000
0.000000
0.000000
0.000000
0.000000
0.000000
0.000000
0.000000
0.000000
0.000000
0.000000
0.000000
0.000000
0.000000
0.000000
0.000000
0.000000
0.000000
0.000000
0.000000
0.000000
0.000000
0.000000
0.000000
0.000000
0.000000
0.000000
0.000000
0.000000
0.000000
0.000000
0.000000
0.000000
0.000000
0.000000
0.000000
0.000000
0.000000
0.000000
0.000000
0.000000
0.000000
0.000000
0.000000
0.000000
0.000000
0.000000
0.000000
0.000000
0.000000
0.000000
0.000000
0.000000
0.000000
0.000000
0.000000
0.000000
0.000000
0.000000
0.000000
0.000000
0.000000
0.000000
0.000000
0.000000
0.000000
0.000000
0.000000
0.000000
0.000000
0.000000
0.000000
0.000000
0.000000
0.000000
0.000000
0.000000
0.000000
0.000000
0.000000
0.000000
0.000000
0.000000
0.000000
0.000000
0.000000
0.000000
0.000000
0.000000
0.000000
