88.832100
13.076800
832.210000
149.310000
60.341000
30.417000
20.541000
12.277000
8.073600
5.907400
4.309500
2.998700
2.184400
1.917500
1.617800
1.230000
1.066400
0.794210
0.645860
0.598050
0.548370
0.455690
0.295810
0.334100
0.196230
0.257240
0.167120
0.124010
0.140890
0.100860
0.092714
0.082950
0.062036
0.048406
0.051952
0.050217
0.041653
0.033516
0.022293
0.023606
0.011867
0.015585
0.008298
0.005399
0.014309
0.006003
0.016500
0.006910
0.005834
0.006910
0.003408
0.003534
0.003772
0.001658
0.001846
0.001929
0.001677
0.000491
0.000212
0.000334
0.000356
0.000268
0.001332
0.000137
0.000530
0.000020
0.000555
0.000158
0.000069
0.000289
0.000009
0.000036
0.000000
0.000008
0.000010
0.000018
0.000005
0.000002
0.000029
0.000000
0.000007
0.000000
0.000107
0.000068
0.000000
0.000000
0.000000
0.000047
0.000000
0.000000
0.000000
0.000000
0.000000
0.000003
0.000000
0.000000
0.000000
0.000000
0.000000
0.000000
0.000000
0.000000
0.000000
0.000000
0.000000
0.000000
0.000000
0.000000
0.000000
0.000001
0.000007
0.000000
0.000000
0.000000
0.000000
0.000000
0.000000
0.000000
0.000000
0.000000
0.000000
0.000000
0.000000
0.000000
0.000000
0.000000
0.000000
0.000000
0.000000
0.000000
0.000000
0.000000
0.000000
0.000000
0.000000
0.000000
0.000000
0.000000
0.000000
0.000000
0.000000
0.000000
0.000000
0.000000
0.000000
0.000000
0.000000
0.000000
0.000000
0.000000
0.000000
0.000000
0.000000
0.000000
0.000000
0.000000
0.000000
0.000000
0.000000
0.000000
0.000000
0.000000
0.000000
0.000000
0.000000
0.000000
0.000000
0.000000
0.000000
0.000000
0.000000
0.000000
0.000000
0.000000
0.000000
0.000000
0.000000
0.000000
0.000000
0.000000
0.000000
0.000000
0.000000
0.000000
0.000000
0.000000
0.000000
0.000000
0.000000
0.000000
0.000000
0.000000
0.000000
0.000000
0.000000
0.000000
0.000000
0.000000
0.000000
0.000000
0.000000
0.000000
