79.529300
14.639300
828.410000
176.580000
65.418000
34.767000
20.844000
14.511000
9.593200
7.136000
5.197000
3.762600
3.182600
2.599800
1.600700
1.720400
1.204900
1.021300
0.718570
0.797970
0.620610
0.468700
0.364320
0.351370
0.291220
0.283640
0.219170
0.134850
0.158060
0.119670
0.117370
0.080585
0.073749
0.048611
0.057506
0.047427
0.052045
0.033893
0.036996
0.016349
0.022305
0.019951
0.020622
0.009083
0.004130
0.010697
0.008754
0.010010
0.005827
0.003713
0.009268
0.001513
0.001056
0.002985
0.003869
0.000794
0.001917
0.001439
0.001469
0.001213
0.000233
0.000353
0.001206
0.000751
0.000337
0.000044
0.000340
0.000081
0.000124
0.000118
0.000044
0.000403
0.000427
0.000000
0.000010
0.000034
0.000000
0.000140
0.000164
0.000122
0.000399
0.000000
0.000000
0.000007
0.000003
0.000004
0.000001
0.000000
0.000000
0.000000
0.000004
0.000000
0.000000
0.000000
0.000000
0.000000
0.000000
0.000000
0.000000
0.000000
0.000000
0.000000
0.000000
0.000000
0.000000
0.000000
0.000000
0.000000
0.000000
0.000000
0.000000
0.000000
0.000000
0.000000
0.000000
0.000000
0.000000
0.000000
0.000000
0.000000
0.000000
0.000000
0.000000
0.000000
0.000000
0.000000
0.000000
0.000000
0.000000
0.000000
0.000000
0.000000
0.000000
0.000000
0.000000
0.000000
0.000000
0.000000
0.000000
0.000000
0.000000
0.000000
0.000000
0.000000
0.000000
0.000000
0.000000
0.000000
0.000000
0.000000
0.000000
0.000000
0.000000
0.000000
0.000000
0.000000
0.000000
0.000000
0.000000
0.000000
0.000000
0.000000
0.000000
0.000000
0.000000
0.000000
0.000000
0.000000
0.000000
0.000000
0.000000
0.000000
0.000000
0.000000
0.000000
0.000000
0.000000
0.000000
0.000000
0.000000
0.000000
0.000000
0.000000
0.000000
0.000000
0.000000
0.000000
0.000000
0.000000
0.000000
0.000000
0.000000
0.000000
0.000000
0.000000
0.000000
0.000000
0.000000
0.000000
0.000000
0.000000
0.000000
