59.488100
50.168800
938.900000
191.340000
78.182000
46.463000
28.996000
19.790000
12.798000
8.885100
6.411200
4.199100
3.264400
2.286300
1.794000
1.238800
0.828130
0.676610
0.558750
0.391450
0.294660
0.202470
0.171300
0.130620
0.121200
0.070039
0.059306
0.038197
0.025362
0.020778
0.023758
0.016497
0.009224
0.010776
0.004706
0.006658
0.003078
0.004915
0.001575
0.003139
0.000500
0.001497
0.000639
0.000365
0.000437
0.000283
0.000344
0.000055
0.000304
0.000124
0.000138
0.000139
0.000139
0.000012
0.000020
0.000014
0.000003
0.000018
0.000015
0.000014
0.000001
0.000000
0.000007
0.000002
0.000007
0.000000
0.000000
0.000000
0.000000
0.000000
0.000002
0.000000
0.000000
0.000000
0.000000
0.000000
0.000000
0.000000
0.000000
0.000000
0.000001
0.000000
0.000000
0.000000
0.000000
0.000000
0.000000
0.000000
0.000000
0.000000
0.000000
0.000000
0.000000
0.000000
0.000000
0.000000
0.000000
0.000000
0.000000
0.000000
0.000000
0.000000
0.000000
0.000000
0.000000
0.000000
0.000000
0.000000
0.000000
0.000000
0.000000
0.000000
0.000000
0.000000
0.000000
0.000000
0.000000
0.000000
0.000000
0.000000
0.000000
0.000000
0.000000
0.000000
0.000000
0.000000
0.000000
0.000000
0.000000
0.000000
0.000000
0.000000
0.000000
0.000000
0.000000
0.000000
0.000000
0.000000
0.000000
0.000000
0.000000
0.000000
0.000000
0.000000
0.000000
0.000000
0.000000
0.000000
0.000000
0.000000
0.000000
0.000000
0.000000
0.000000
0.000000
0.000000
0.000000
0.000000
0.000000
0.000000
0.000000
0.000000
0.000000
0.000000
0.000000
0.000000
0.000000
0.000000
0.000000
0.000000
0.000000
0.000000
0.000000
0.000000
0.000000
0.000000
0.000000
0.000000
0.000000
0.000000
0.000000
0.000000
0.000000
0.000000
0.000000
0.000000
0.000000
0.000000
0.000000
0.000000
0.000000
0.000000
0.000000
0.000000
0.000000
0.000000
0.000000
0.000000
0.000000
0.000000
0.000000
0.000000
