81.661000
12.504500
833.920000
148.280000
63.733000
32.749000
21.588000
14.212000
10.505000
7.316900
5.341600
3.939600
2.904300
2.314100
1.965700
1.493800
0.969860
0.943920
0.739730
0.779240
0.600320
0.449350
0.404970
0.381660
0.324600
0.246810
0.223270
0.186430
0.138060
0.129440
0.092820
0.103330
0.091577
0.083243
0.075652
0.049853
0.079131
0.043477
0.027965
0.032707
0.027889
0.025147
0.020763
0.020126
0.015786
0.014694
0.015039
0.005558
0.007753
0.004872
0.007383
0.006495
0.001798
0.002460
0.003563
0.002638
0.003514
0.001739
0.001287
0.000916
0.000333
0.001388
0.000803
0.000364
0.000281
0.000143
0.000156
0.001052
0.002710
0.000306
0.000100
0.000174
0.000113
0.000179
0.000033
0.000127
0.000019
0.000016
0.000033
0.000074
0.000000
0.000043
0.000041
0.000007
0.000007
0.000006
0.000092
0.000000
0.000016
0.000008
0.000006
0.000000
0.000006
0.000004
0.000002
0.000000
0.000000
0.000000
0.000000
0.000000
0.000000
0.000000
0.000000
0.000000
0.000000
0.000000
0.000000
0.000000
0.000000
0.000000
0.000000
0.000000
0.000000
0.000000
0.000000
0.000000
0.000000
0.000000
0.000000
0.000000
0.000000
0.000000
0.000000
0.000000
0.000000
0.000000
0.000000
0.000000
0.000000
0.000000
0.000000
0.000000
0.000000
0.000000
0.000000
0.000000
0.000000
0.000000
0.000000
0.000000
0.000000
0.000000
0.000000
0.000000
0.000000
0.000000
0.000000
0.000000
0.000000
0.000000
0.000000
0.000000
0.000000
0.000000
0.000000
0.000000
0.000000
0.000000
0.000000
0.000000
0.000000
0.000000
0.000000
0.000000
0.000000
0.000000
0.000000
0.000000
0.000000
0.000000
0.000000
0.000000
0.000000
0.000000
0.000000
0.000000
0.000000
0.000000
0.000000
0.000000
0.000000
0.000000
0.000000
0.000000
0.000000
0.000000
0.000000
0.000000
0.000000
0.000000
0.000000
0.000000
0.000000
0.000000
0.000000
0.000000
0.000000
0.000000
0.000000
0.000000
0.000000
0.000000
