51.028700
43.236300
910.190000
200.140000
93.152000
51.081000
34.398000
23.416000
16.580000
10.755000
9.039000
5.411000
4.433200
3.533600
2.639200
1.906800
1.554100
1.082800
0.798870
0.560500
0.493140
0.411250
0.317100
0.253110
0.202250
0.181410
0.122770
0.082899
0.079159
0.055513
0.043216
0.027221
0.024912
0.017079
0.017838
0.011325
0.008944
0.007352
0.005767
0.006464
0.002421
0.002079
0.001989
0.001502
0.001053
0.001662
0.000632
0.000617
0.000655
0.000503
0.000155
0.000586
0.000216
0.000247
0.000056
0.000301
0.000091
0.000018
0.000002
0.000161
0.000006
0.000017
0.000059
0.000016
0.000008
0.000003
0.000005
0.000001
0.000063
0.000000
0.000000
0.000000
0.000005
0.000000
0.000012
0.000000
0.000000
0.000000
0.000000
0.000000
0.000000
0.000003
0.000000
0.000000
0.000000
0.000000
0.000000
0.000000
0.000000
0.000000
0.000000
0.000000
0.000000
0.000000
0.000000
0.000000
0.000000
0.000000
0.000000
0.000000
0.000000
0.000000
0.000000
0.000000
0.000000
0.000000
0.000002
0.000000
0.000000
0.000000
0.000000
0.000000
0.000000
0.000000
0.000000
0.000000
0.000000
0.000000
0.000000
0.000000
0.000000
0.000000
0.000000
0.000000
0.000000
0.000000
0.000000
0.000000
0.000000
0.000000
0.000000
0.000000
0.000000
0.000000
0.000000
0.000000
0.000000
0.000000
0.000000
0.000000
0.000000
0.000000
0.000000
0.000000
0.000000
0.000000
0.000000
0.000000
0.000000
0.000000
0.000000
0.000000
0.000000
0.000000
0.000000
0.000000
0.000000
0.000000
0.000000
0.000000
0.000000
0.000000
0.000000
0.000000
0.000000
0.000000
0.000000
0.000000
0.000000
0.000000
0.000000
0.000000
0.000000
0.000000
0.000000
0.000000
0.000000
0.000000
0.000000
0.000000
0.000000
0.000000
0.000000
0.000000
0.000000
0.000000
0.000000
0.000000
0.000000
0.000000
0.000000
0.000000
0.000000
0.000000
0.000000
0.000000
0.000000
0.000000
0.000000
0.000000
0.000000
0.000000
