43.420900
42.577300
997.890000
223.090000
112.770000
63.534000
39.237000
28.294000
18.622000
14.037000
9.662400
7.853300
5.665600
4.697100
3.056800
2.356000
1.972200
1.570800
1.078300
0.830440
0.758530
0.613040
0.488480
0.390900
0.254530
0.208230
0.142780
0.119290
0.098810
0.069523
0.051237
0.046770
0.025623
0.032379
0.019316
0.030054
0.016200
0.009834
0.010979
0.005620
0.004312
0.003261
0.004049
0.002651
0.006386
0.002756
0.003293
0.002014
0.000322
0.001400
0.001167
0.000341
0.000598
0.000331
0.000128
0.000022
0.000284
0.000139
0.000023
0.000133
0.000031
0.000013
0.000104
0.000036
0.000000
0.000022
0.000036
0.000000
0.000043
0.000013
0.000002
0.000005
0.000009
0.000002
0.000001
0.000003
0.000000
0.000000
0.000000
0.000000
0.000000
0.000000
0.000000
0.000000
0.000000
0.000003
0.000003
0.000000
0.000000
0.000000
0.000000
0.000000
0.000000
0.000000
0.000000
0.000000
0.000000
0.000000
0.000000
0.000000
0.000000
0.000000
0.000000
0.000000
0.000000
0.000000
0.000000
0.000000
0.000000
0.000000
0.000000
0.000000
0.000000
0.000000
0.000000
0.000000
0.000000
0.000000
0.000000
0.000000
0.000000
0.000000
0.000000
0.000000
0.000000
0.000000
0.000000
0.000000
0.000000
0.000000
0.000000
0.000000
0.000000
0.000000
0.000000
0.000000
0.000000
0.000000
0.000000
0.000000
0.000000
0.000000
0.000000
0.000000
0.000000
0.000000
0.000000
0.000000
0.000000
0.000000
0.000000
0.000000
0.000000
0.000000
0.000000
0.000000
0.000000
0.000000
0.000000
0.000000
0.000000
0.000000
0.000000
0.000000
0.000000
0.000000
0.000000
0.000000
0.000000
0.000000
0.000000
0.000000
0.000000
0.000000
0.000000
0.000000
0.000000
0.000000
0.000000
0.000000
0.000000
0.000000
0.000000
0.000000
0.000000
0.000000
0.000000
0.000000
0.000000
0.000000
0.000000
0.000000
0.000000
0.000000
0.000000
0.000000
0.000000
0.000000
0.000000
0.000000
0.000000
0.000000
