70.874900
33.521400
859.870000
173.990000
69.324000
41.408000
24.086000
16.189000
10.850000
6.820500
4.980800
3.766100
2.732600
2.170900
1.567900
1.240200
0.867870
0.779030
0.475540
0.384370
0.344090
0.278290
0.211680
0.153790
0.118820
0.120710
0.095681
0.057517
0.045807
0.038747
0.031537
0.025645
0.017466
0.007574
0.013959
0.011672
0.007786
0.007018
0.007708
0.003681
0.002816
0.003309
0.002110
0.001581
0.001315
0.001156
0.001558
0.000429
0.001042
0.000508
0.000298
0.000348
0.000393
0.000095
0.000160
0.000200
0.000079
0.000101
0.000099
0.000017
0.000036
0.000059
0.000022
0.000008
0.000028
0.000000
0.000004
0.000012
0.000005
0.000014
0.000019
0.000009
0.000010
0.000000
0.000000
0.000007
0.000000
0.000000
0.000002
0.000000
0.000000
0.000000
0.000000
0.000000
0.000000
0.000000
0.000000
0.000000
0.000000
0.000001
0.000000
0.000000
0.000000
0.000000
0.000000
0.000000
0.000000
0.000000
0.000000
0.000000
0.000000
0.000000
0.000000
0.000000
0.000000
0.000000
0.000000
0.000000
0.000000
0.000000
0.000000
0.000000
0.000000
0.000000
0.000000
0.000000
0.000000
0.000000
0.000000
0.000000
0.000000
0.000000
0.000000
0.000000
0.000000
0.000000
0.000000
0.000000
0.000000
0.000000
0.000000
0.000000
0.000000
0.000000
0.000000
0.000000
0.000000
0.000000
0.000000
0.000000
0.000000
0.000000
0.000000
0.000000
0.000000
0.000000
0.000000
0.000000
0.000000
0.000000
0.000000
0.000000
0.000000
0.000000
0.000000
0.000000
0.000000
0.000000
0.000000
0.000000
0.000000
0.000000
0.000000
0.000000
0.000000
0.000000
0.000000
0.000000
0.000000
0.000000
0.000000
0.000000
0.000000
0.000000
0.000000
0.000000
0.000000
0.000000
0.000000
0.000000
0.000000
0.000000
0.000000
0.000000
0.000000
0.000000
0.000000
0.000000
0.000000
0.000000
0.000000
0.000000
0.000000
0.000000
0.000000
0.000000
0.000000
0.000000
0.000000
0.000000
0.000000
0.000000
