61.444400
49.481700
935.340000
179.880000
78.182000
42.493000
28.446000
18.167000
12.845000
8.636700
5.659900
4.294100
3.167100
2.186100
1.703600
1.293800
0.872570
0.696180
0.467990
0.387120
0.285650
0.208100
0.160930
0.111470
0.098902
0.072710
0.051993
0.037393
0.039442
0.025604
0.018382
0.013037
0.009635
0.008063
0.006757
0.004318
0.001746
0.003718
0.001270
0.001289
0.000407
0.001834
0.000496
0.000775
0.000567
0.000332
0.000225
0.000236
0.000420
0.000160
0.000164
0.000079
0.000048
0.000222
0.000014
0.000028
0.000000
0.000004
0.000003
0.000012
0.000118
0.000026
0.000004
0.000000
0.000008
0.000002
0.000000
0.000000
0.000016
0.000000
0.000000
0.000000
0.000000
0.000000
0.000002
0.000000
0.000000
0.000000
0.000000
0.000000
0.000000
0.000000
0.000000
0.000000
0.000000
0.000000
0.000000
0.000000
0.000000
0.000000
0.000000
0.000000
0.000000
0.000000
0.000000
0.000000
0.000000
0.000000
0.000000
0.000000
0.000000
0.000000
0.000000
0.000000
0.000000
0.000000
0.000000
0.000000
0.000000
0.000000
0.000000
0.000000
0.000000
0.000000
0.000000
0.000000
0.000000
0.000000
0.000000
0.000000
0.000000
0.000000
0.000000
0.000000
0.000000
0.000000
0.000000
0.000000
0.000000
0.000000
0.000000
0.000000
0.000000
0.000000
0.000000
0.000000
0.000000
0.000000
0.000000
0.000000
0.000000
0.000000
0.000000
0.000000
0.000000
0.000000
0.000000
0.000000
0.000000
0.000000
0.000000
0.000000
0.000000
0.000000
0.000000
0.000000
0.000000
0.000000
0.000000
0.000000
0.000000
0.000000
0.000000
0.000000
0.000000
0.000000
0.000000
0.000000
0.000000
0.000000
0.000000
0.000000
0.000000
0.000000
0.000000
0.000000
0.000000
0.000000
0.000000
0.000000
0.000000
0.000000
0.000000
0.000000
0.000000
0.000000
0.000000
0.000000
0.000000
0.000000
0.000000
0.000000
0.000000
0.000000
0.000000
0.000000
0.000000
0.000000
0.000000
0.000000
0.000000
0.000000
