72.587200
17.721600
892.010000
165.900000
70.587000
42.163000
22.887000
17.377000
11.374000
8.266600
5.573200
4.228000
3.512100
2.524200
2.304600
1.744800
1.460900
1.301300
0.831910
0.802880
0.537880
0.524880
0.445480
0.326410
0.258000
0.226620
0.156390
0.158470
0.155960
0.127630
0.073517
0.084059
0.062986
0.068363
0.049786
0.044415
0.024648
0.024764
0.023339
0.015637
0.018911
0.007952
0.013039
0.009817
0.007752
0.009174
0.005949
0.007931
0.004728
0.007163
0.003399
0.001522
0.004361
0.001145
0.000819
0.001160
0.000691
0.001093
0.000411
0.000467
0.000562
0.000472
0.000170
0.000216
0.000465
0.000702
0.000152
0.000199
0.000119
0.000013
0.000015
0.000073
0.000032
0.000003
0.000078
0.000000
0.000007
0.000000
0.000063
0.000006
0.000009
0.000013
0.000000
0.000000
0.000016
0.000038
0.000002
0.000001
0.000000
0.000000
0.000000
0.000000
0.000000
0.000000
0.000000
0.000000
0.000003
0.000000
0.000000
0.000000
0.000000
0.000000
0.000000
0.000000
0.000000
0.000000
0.000000
0.000000
0.000000
0.000000
0.000001
0.000012
0.000000
0.000000
0.000000
0.000000
0.000000
0.000000
0.000000
0.000000
0.000000
0.000000
0.000000
0.000000
0.000000
0.000000
0.000000
0.000000
0.000000
0.000000
0.000000
0.000000
0.000000
0.000000
0.000000
0.000000
0.000000
0.000000
0.000000
0.000000
0.000000
0.000000
0.000000
0.000000
0.000000
0.000000
0.000000
0.000000
0.000000
0.000000
0.000000
0.000000
0.000000
0.000000
0.000000
0.000000
0.000000
0.000000
0.000000
0.000000
0.000000
0.000000
0.000000
0.000000
0.000000
0.000000
0.000000
0.000000
0.000000
0.000000
0.000000
0.000000
0.000000
0.000000
0.000000
0.000000
0.000000
0.000000
0.000000
0.000000
0.000000
0.000000
0.000000
0.000000
0.000000
0.000000
0.000000
0.000000
0.000000
0.000000
0.000000
0.000000
0.000000
0.000000
0.000000
0.000000
0.000000
0.000000
0.000000
0.000000
0.000000
0.000000
