85.422300
23.036600
821.090000
143.930000
57.003000
32.857000
19.607000
11.118000
7.945800
5.237300
3.854900
3.027700
2.228100
1.554800
1.261100
0.925350
0.735500
0.625960
0.463430
0.412110
0.285650
0.255140
0.211660
0.182570
0.142110
0.102500
0.105120
0.103220
0.052607
0.057812
0.063795
0.036368
0.021765
0.020276
0.028330
0.013575
0.012428
0.016366
0.009024
0.010045
0.005041
0.003640
0.006369
0.003770
0.002526
0.001066
0.002839
0.001739
0.001634
0.000744
0.000648
0.001102
0.000227
0.000761
0.000595
0.000072
0.000916
0.000261
0.000338
0.000068
0.000018
0.000050
0.000039
0.000009
0.000017
0.000040
0.000098
0.000013
0.000007
0.000068
0.000009
0.000000
0.000041
0.000057
0.000006
0.000007
0.000001
0.000000
0.000002
0.000016
0.000007
0.000000
0.000003
0.000000
0.000010
0.000000
0.000000
0.000000
0.000000
0.000000
0.000006
0.000001
0.000008
0.000000
0.000000
0.000000
0.000000
0.000000
0.000000
0.000000
0.000000
0.000000
0.000000
0.000000
0.000000
0.000000
0.000000
0.000000
0.000000
0.000000
0.000000
0.000000
0.000000
0.000000
0.000000
0.000000
0.000000
0.000000
0.000000
0.000000
0.000000
0.000000
0.000000
0.000000
0.000000
0.000000
0.000000
0.000000
0.000000
0.000000
0.000000
0.000000
0.000000
0.000000
0.000000
0.000000
0.000000
0.000000
0.000000
0.000000
0.000000
0.000000
0.000000
0.000000
0.000000
0.000000
0.000000
0.000000
0.000000
0.000000
0.000000
0.000000
0.000000
0.000000
0.000000
0.000000
0.000000
0.000000
0.000000
0.000000
0.000000
0.000000
0.000000
0.000000
0.000000
0.000000
0.000000
0.000000
0.000000
0.000000
0.000000
0.000000
0.000000
0.000000
0.000000
0.000000
0.000000
0.000000
0.000000
0.000000
0.000000
0.000000
0.000000
0.000000
0.000000
0.000000
0.000000
0.000000
0.000000
0.000000
0.000000
0.000000
0.000000
0.000000
0.000000
0.000000
0.000000
0.000000
0.000000
0.000000
0.000000
0.000000
