49.823200
31.745900
1036.600000
214.550000
97.227000
59.171000
34.010000
24.443000
17.494000
12.240000
9.670900
7.524500
5.204400
3.866600
2.777900
2.192700
1.713400
1.485800
1.150300
0.963700
0.720120
0.677850
0.475770
0.376110
0.242850
0.247860
0.209080
0.140450
0.131570
0.088227
0.080516
0.062831
0.055926
0.038238
0.026976
0.025186
0.026495
0.018893
0.016422
0.013492
0.012961
0.007017
0.005681
0.007482
0.005415
0.004399
0.002681
0.002141
0.001159
0.001140
0.000605
0.000900
0.001289
0.000646
0.000752
0.000458
0.000155
0.000078
0.000239
0.000431
0.000242
0.000186
0.000106
0.000139
0.000041
0.000024
0.000031
0.000064
0.000052
0.000012
0.000006
0.000014
0.000000
0.000013
0.000002
0.000000
0.000001
0.000000
0.000013
0.000002
0.000001
0.000000
0.000003
0.000002
0.000000
0.000000
0.000000
0.000000
0.000000
0.000000
0.000000
0.000000
0.000000
0.000000
0.000000
0.000000
0.000000
0.000000
0.000000
0.000000
0.000000
0.000000
0.000000
0.000000
0.000000
0.000000
0.000000
0.000000
0.000000
0.000000
0.000000
0.000000
0.000000
0.000000
0.000000
0.000000
0.000000
0.000000
0.000000
0.000000
0.000000
0.000000
0.000000
0.000000
0.000000
0.000000
0.000000
0.000000
0.000000
0.000000
0.000000
0.000000
0.000000
0.000000
0.000000
0.000000
0.000000
0.000000
0.000000
0.000000
0.000000
0.000000
0.000000
0.000000
0.000000
0.000000
0.000000
0.000000
0.000000
0.000000
0.000000
0.000000
0.000000
0.000000
0.000000
0.000000
0.000000
0.000000
0.000000
0.000000
0.000000
0.000000
0.000000
0.000000
0.000000
0.000000
0.000000
0.000000
0.000000
0.000000
0.000000
0.000000
0.000000
0.000000
0.000000
0.000000
0.000000
0.000000
0.000000
0.000000
0.000000
0.000000
0.000000
0.000000
0.000000
0.000000
0.000000
0.000000
0.000000
0.000000
0.000000
0.000000
0.000000
0.000000
0.000000
0.000000
0.000000
0.000000
0.000000
0.000000
0.000000
0.000000
