61.772300
21.740600
892.060000
176.520000
89.136000
44.855000
30.389000
19.295000
14.027000
10.746000
7.950400
5.336100
4.329300
3.067600
2.428400
1.845900
1.628300
1.325400
1.088100
0.896260
0.737390
0.616640
0.472280
0.357770
0.272040
0.265600
0.180130
0.202950
0.148000
0.103880
0.091425
0.088542
0.059823
0.071241
0.050706
0.037491
0.032672
0.018768
0.024509
0.017496
0.016410
0.011058
0.010984
0.010633
0.006714
0.006799
0.003317
0.004476
0.003172
0.003622
0.003762
0.003935
0.001500
0.000575
0.001471
0.001500
0.000786
0.000815
0.000425
0.000322
0.000215
0.000369
0.000192
0.000256
0.000244
0.000184
0.000098
0.000461
0.000121
0.000009
0.000081
0.000057
0.000068
0.000220
0.000014
0.000015
0.000016
0.000059
0.000004
0.000006
0.000023
0.000027
0.000000
0.000002
0.000000
0.000012
0.000014
0.000007
0.000000
0.000000
0.000000
0.000000
0.000000
0.000002
0.000000
0.000000
0.000000
0.000000
0.000000
0.000000
0.000000
0.000000
0.000000
0.000000
0.000000
0.000000
0.000000
0.000000
0.000000
0.000000
0.000000
0.000000
0.000000
0.000000
0.000000
0.000000
0.000000
0.000000
0.000000
0.000000
0.000000
0.000000
0.000000
0.000000
0.000000
0.000000
0.000000
0.000000
0.000000
0.000000
0.000000
0.000000
0.000000
0.000000
0.000000
0.000000
0.000000
0.000000
0.000000
0.000000
0.000000
0.000000
0.000000
0.000000
0.000000
0.000000
0.000000
0.000000
0.000000
0.000000
0.000000
0.000000
0.000000
0.000000
0.000000
0.000000
0.000000
0.000000
0.000000
0.000000
0.000000
0.000000
0.000000
0.000000
0.000000
0.000000
0.000000
0.000000
0.000000
0.000000
0.000000
0.000000
0.000000
0.000000
0.000000
0.000000
0.000000
0.000000
0.000000
0.000000
0.000000
0.000000
0.000000
0.000000
0.000000
0.000000
0.000000
0.000000
0.000000
0.000000
0.000000
0.000000
0.000000
0.000000
0.000000
0.000000
0.000000
0.000000
0.000000
0.000000
0.000000
0.000000
