52.887200
27.754800
946.770000
196.680000
94.182000
56.000000
35.014000
23.876000
18.099000
11.815000
8.170800
6.856200
5.118300
3.612000
2.820500
2.377200
1.855400
1.460000
1.062000
0.841740
0.811470
0.610060
0.511410
0.347980
0.256590
0.235300
0.183410
0.191800
0.124220
0.112390
0.075403
0.065404
0.077260
0.043983
0.039048
0.034231
0.027307
0.022235
0.016954
0.014794
0.011731
0.010469
0.005527
0.006193
0.008901
0.005050
0.002255
0.003730
0.004492
0.002509
0.001596
0.001426
0.001439
0.000668
0.000955
0.000750
0.000736
0.000333
0.000173
0.000241
0.000423
0.000920
0.000173
0.000118
0.000011
0.000032
0.000009
0.000013
0.000024
0.000006
0.000000
0.000007
0.000013
0.000002
0.000000
0.000007
0.000003
0.000000
0.000030
0.000007
0.000001
0.000000
0.000000
0.000000
0.000000
0.000002
0.000002
0.000000
0.000000
0.000010
0.000000
0.000000
0.000003
0.000033
0.000000
0.000000
0.000000
0.000000
0.000000
0.000000
0.000000
0.000000
0.000000
0.000000
0.000000
0.000000
0.000000
0.000000
0.000000
0.000000
0.000000
0.000000
0.000000
0.000000
0.000000
0.000000
0.000000
0.000000
0.000000
0.000000
0.000000
0.000000
0.000000
0.000000
0.000000
0.000000
0.000000
0.000000
0.000000
0.000000
0.000000
0.000000
0.000000
0.000000
0.000000
0.000000
0.000000
0.000000
0.000000
0.000000
0.000000
0.000000
0.000000
0.000000
0.000000
0.000000
0.000000
0.000000
0.000000
0.000000
0.000000
0.000000
0.000000
0.000000
0.000000
0.000000
0.000000
0.000000
0.000000
0.000000
0.000000
0.000000
0.000000
0.000000
0.000000
0.000000
0.000000
0.000000
0.000000
0.000000
0.000000
0.000000
0.000000
0.000000
0.000000
0.000000
0.000000
0.000000
0.000000
0.000000
0.000000
0.000000
0.000000
0.000000
0.000000
0.000000
0.000000
0.000000
0.000000
0.000000
0.000000
0.000000
0.000000
0.000000
0.000000
0.000000
0.000000
0.000000
0.000000
0.000000
0.000000
0.000000
