69.576700
24.872300
882.310000
167.620000
72.606000
40.675000
23.718000
17.867000
11.734000
7.857200
6.036400
3.961100
3.655200
2.629300
1.912800
1.556100
1.214100
1.083100
0.812720
0.653050
0.468540
0.385250
0.254270
0.247240
0.216490
0.164910
0.110310
0.105850
0.085994
0.075188
0.054601
0.047820
0.026272
0.036226
0.024897
0.025688
0.024503
0.016947
0.014020
0.008982
0.010536
0.010396
0.007414
0.004521
0.004423
0.002487
0.001929
0.002639
0.000901
0.001167
0.001427
0.000912
0.000518
0.001056
0.000418
0.000285
0.000350
0.000157
0.000288
0.000113
0.000089
0.000115
0.000136
0.000070
0.000017
0.000028
0.000056
0.000040
0.000068
0.000028
0.000010
0.000013
0.000006
0.000003
0.000000
0.000000
0.000018
0.000000
0.000070
0.000004
0.000004
0.000008
0.000000
0.000002
0.000000
0.000000
0.000000
0.000000
0.000000
0.000009
0.000000
0.000000
0.000000
0.000000
0.000000
0.000000
0.000000
0.000000
0.000000
0.000000
0.000000
0.000000
0.000000
0.000000
0.000000
0.000000
0.000000
0.000000
0.000000
0.000000
0.000000
0.000000
0.000000
0.000000
0.000000
0.000000
0.000000
0.000000
0.000000
0.000000
0.000000
0.000000
0.000000
0.000000
0.000000
0.000000
0.000000
0.000000
0.000000
0.000000
0.000000
0.000000
0.000000
0.000000
0.000000
0.000000
0.000000
0.000000
0.000000
0.000000
0.000000
0.000000
0.000000
0.000000
0.000000
0.000000
0.000000
0.000000
0.000000
0.000000
0.000000
0.000000
0.000000
0.000000
0.000000
0.000000
0.000000
0.000000
0.000000
0.000000
0.000000
0.000000
0.000000
0.000000
0.000000
0.000000
0.000000
0.000000
0.000000
0.000000
0.000000
0.000000
0.000000
0.000000
0.000000
0.000000
0.000000
0.000000
0.000000
0.000000
0.000000
0.000000
0.000000
0.000000
0.000000
0.000000
0.000000
0.000000
0.000000
0.000000
0.000000
0.000000
0.000000
0.000000
0.000000
0.000000
0.000000
0.000000
0.000000
0.000000
0.000000
0.000000
