43.126500
51.665600
936.390000
227.420000
105.630000
59.131000
35.248000
24.982000
18.204000
13.766000
9.956300
7.446200
5.126200
4.066900
3.079400
2.348500
1.566200
1.298500
1.003600
0.730920
0.505900
0.452400
0.295610
0.247400
0.238980
0.123980
0.121390
0.117640
0.088829
0.068896
0.040391
0.036476
0.024233
0.025824
0.019882
0.012630
0.011406
0.008287
0.006562
0.004253
0.002364
0.005208
0.001456
0.001358
0.001229
0.000827
0.001995
0.000490
0.000572
0.000296
0.000800
0.000271
0.000605
0.000086
0.000017
0.000021
0.000034
0.000019
0.000021
0.000016
0.000007
0.000038
0.000011
0.000008
0.000009
0.000004
0.000007
0.000000
0.000000
0.000002
0.000000
0.000004
0.000002
0.000000
0.000000
0.000002
0.000000
0.000000
0.000003
0.000000
0.000008
0.000005
0.000000
0.000000
0.000000
0.000000
0.000000
0.000000
0.000000
0.000000
0.000000
0.000000
0.000000
0.000000
0.000000
0.000000
0.000000
0.000000
0.000000
0.000000
0.000000
0.000000
0.000000
0.000000
0.000000
0.000000
0.000000
0.000000
0.000000
0.000000
0.000000
0.000000
0.000000
0.000000
0.000000
0.000000
0.000000
0.000000
0.000000
0.000000
0.000000
0.000000
0.000000
0.000000
0.000000
0.000000
0.000000
0.000000
0.000000
0.000000
0.000000
0.000000
0.000000
0.000000
0.000000
0.000000
0.000000
0.000000
0.000000
0.000000
0.000000
0.000000
0.000000
0.000000
0.000000
0.000000
0.000000
0.000000
0.000000
0.000000
0.000000
0.000000
0.000000
0.000000
0.000000
0.000000
0.000000
0.000000
0.000000
0.000000
0.000000
0.000000
0.000000
0.000000
0.000000
0.000000
0.000000
0.000000
0.000000
0.000000
0.000000
0.000000
0.000000
0.000000
0.000000
0.000000
0.000000
0.000000
0.000000
0.000000
0.000000
0.000000
0.000000
0.000000
0.000000
0.000000
0.000000
0.000000
0.000000
0.000000
0.000000
0.000000
0.000000
0.000000
0.000000
0.000000
0.000000
0.000000
0.000000
0.000000
0.000000
0.000000
