42.391900
58.922500
1013.000000
233.760000
103.970000
64.282000
42.477000
27.614000
18.399000
12.980000
9.347600
6.675800
5.073000
3.638200
2.930600
2.179300
1.794100
1.263500
0.994140
0.611480
0.541510
0.507190
0.283460
0.157010
0.189690
0.157330
0.098330
0.095081
0.063081
0.049027
0.045945
0.020643
0.011399
0.015566
0.017012
0.008931
0.009518
0.006252
0.005012
0.001584
0.002587
0.002427
0.001924
0.002213
0.002208
0.000463
0.000320
0.000465
0.000251
0.000194
0.001064
0.000088
0.000118
0.000028
0.000140
0.000082
0.000030
0.000027
0.000071
0.000100
0.000000
0.000062
0.000004
0.000000
0.000000
0.000003
0.000002
0.000000
0.000000
0.000000
0.000000
0.000002
0.000000
0.000000
0.000000
0.000006
0.000000
0.000000
0.000000
0.000000
0.000000
0.000000
0.000000
0.000000
0.000000
0.000000
0.000000
0.000000
0.000000
0.000000
0.000000
0.000000
0.000000
0.000000
0.000000
0.000000
0.000000
0.000000
0.000000
0.000000
0.000000
0.000000
0.000000
0.000000
0.000000
0.000000
0.000000
0.000000
0.000000
0.000000
0.000000
0.000000
0.000000
0.000000
0.000000
0.000000
0.000000
0.000000
0.000000
0.000000
0.000000
0.000000
0.000000
0.000000
0.000000
0.000000
0.000000
0.000000
0.000000
0.000000
0.000000
0.000000
0.000000
0.000000
0.000000
0.000000
0.000000
0.000000
0.000000
0.000000
0.000000
0.000000
0.000000
0.000000
0.000000
0.000000
0.000000
0.000000
0.000000
0.000000
0.000000
0.000000
0.000000
0.000000
0.000000
0.000000
0.000000
0.000000
0.000000
0.000000
0.000000
0.000000
0.000000
0.000000
0.000000
0.000000
0.000000
0.000000
0.000000
0.000000
0.000000
0.000000
0.000000
0.000000
0.000000
0.000000
0.000000
0.000000
0.000000
0.000000
0.000000
0.000000
0.000000
0.000000
0.000000
0.000000
0.000000
0.000000
0.000000
0.000000
0.000000
0.000000
0.000000
0.000000
0.000000
0.000000
0.000000
0.000000
0.000000
0.000000
0.000000
0.000000
