40.933700
46.762400
978.890000
227.710000
106.790000
66.382000
37.125000
28.234000
19.857000
14.286000
10.757000
8.113300
6.014700
4.229900
3.720500
2.727400
1.904900
1.641800
1.167400
0.959710
0.682820
0.473740
0.434120
0.316980
0.256780
0.217160
0.158750
0.084001
0.087638
0.091118
0.057157
0.035712
0.036207
0.028404
0.033405
0.013025
0.017541
0.014002
0.008313
0.008631
0.006886
0.004936
0.004205
0.003506
0.002973
0.002707
0.001582
0.001345
0.001853
0.000717
0.000630
0.001156
0.000450
0.000093
0.000019
0.000041
0.000076
0.000104
0.000097
0.000121
0.000057
0.000571
0.000009
0.000042
0.000018
0.000023
0.000004
0.000000
0.000016
0.000005
0.000000
0.000031
0.000003
0.000000
0.000000
0.000000
0.000001
0.000000
0.000018
0.000000
0.000002
0.000000
0.000000
0.000000
0.000000
0.000000
0.000000
0.000000
0.000000
0.000000
0.000000
0.000000
0.000000
0.000000
0.000000
0.000000
0.000000
0.000000
0.000000
0.000000
0.000000
0.000000
0.000000
0.000000
0.000000
0.000000
0.000000
0.000000
0.000000
0.000000
0.000000
0.000000
0.000000
0.000000
0.000000
0.000000
0.000000
0.000000
0.000000
0.000000
0.000000
0.000000
0.000000
0.000000
0.000000
0.000000
0.000000
0.000000
0.000000
0.000000
0.000000
0.000000
0.000000
0.000000
0.000000
0.000000
0.000000
0.000000
0.000000
0.000000
0.000000
0.000000
0.000000
0.000000
0.000000
0.000000
0.000000
0.000000
0.000000
0.000000
0.000000
0.000000
0.000000
0.000000
0.000000
0.000000
0.000000
0.000000
0.000000
0.000000
0.000000
0.000000
0.000000
0.000000
0.000000
0.000000
0.000000
0.000000
0.000000
0.000000
0.000000
0.000000
0.000000
0.000000
0.000000
0.000000
0.000000
0.000000
0.000000
0.000000
0.000000
0.000000
0.000000
0.000000
0.000000
0.000000
0.000000
0.000000
0.000000
0.000000
0.000000
0.000000
0.000000
0.000000
0.000000
0.000000
0.000000
0.000000
0.000000
0.000000
0.000000
0.000000
