60.727000
37.751400
922.660000
201.330000
82.941000
44.913000
28.943000
18.675000
12.789000
8.156000
6.593100
4.690900
3.846300
2.466600
2.037600
1.508000
1.142800
0.821120
0.645270
0.471850
0.373970
0.283260
0.249850
0.179170
0.152260
0.120620
0.087107
0.076583
0.072160
0.059783
0.038467
0.035906
0.024657
0.013373
0.013888
0.011022
0.005530
0.009944
0.008355
0.005566
0.002768
0.002531
0.002669
0.003106
0.001871
0.000596
0.000657
0.001634
0.000368
0.000309
0.000344
0.000827
0.000152
0.000179
0.000031
0.000062
0.000042
0.000088
0.000030
0.000050
0.000029
0.000014
0.000015
0.000000
0.000000
0.000026
0.000005
0.000002
0.000001
0.000024
0.000012
0.000000
0.000000
0.000000
0.000000
0.000001
0.000000
0.000000
0.000000
0.000000
0.000000
0.000000
0.000000
0.000002
0.000000
0.000000
0.000000
0.000000
0.000000
0.000000
0.000000
0.000000
0.000000
0.000000
0.000000
0.000000
0.000000
0.000000
0.000000
0.000000
0.000000
0.000000
0.000000
0.000000
0.000000
0.000000
0.000000
0.000000
0.000000
0.000000
0.000000
0.000000
0.000000
0.000000
0.000000
0.000000
0.000000
0.000000
0.000000
0.000000
0.000000
0.000000
0.000000
0.000000
0.000000
0.000000
0.000000
0.000000
0.000000
0.000000
0.000000
0.000000
0.000000
0.000000
0.000000
0.000000
0.000000
0.000000
0.000000
0.000000
0.000000
0.000000
0.000000
0.000000
0.000000
0.000000
0.000000
0.000000
0.000000
0.000000
0.000000
0.000000
0.000000
0.000000
0.000000
0.000000
0.000000
0.000000
0.000000
0.000000
0.000000
0.000000
0.000000
0.000000
0.000000
0.000000
0.000000
0.000000
0.000000
0.000000
0.000000
0.000000
0.000000
0.000000
0.000000
0.000000
0.000000
0.000000
0.000000
0.000000
0.000000
0.000000
0.000000
0.000000
0.000000
0.000000
0.000000
0.000000
0.000000
0.000000
0.000000
0.000000
0.000000
0.000000
0.000000
0.000000
0.000000
0.000000
0.000000
0.000000
0.000000
0.000000
