89.132000
21.688700
805.210000
150.440000
57.763000
31.660000
16.628000
10.671000
8.073600
4.902200
3.681200
2.623500
2.066100
1.621300
1.223100
1.082900
0.727780
0.530120
0.435770
0.406510
0.247910
0.273610
0.174620
0.128600
0.137190
0.133350
0.074375
0.061728
0.048523
0.047660
0.047868
0.041971
0.019532
0.026314
0.019862
0.021296
0.015423
0.007725
0.011113
0.007204
0.012785
0.007804
0.004037
0.004637
0.003273
0.001243
0.002026
0.000756
0.002492
0.001170
0.001838
0.000398
0.001017
0.000598
0.000730
0.001168
0.000417
0.000149
0.000114
0.000199
0.000206
0.000370
0.000066
0.000065
0.000116
0.000690
0.000002
0.000003
0.000022
0.000005
0.000000
0.000000
0.000000
0.000042
0.000024
0.000000
0.000009
0.000011
0.000000
0.000022
0.000002
0.000000
0.000000
0.000000
0.000000
0.000001
0.000000
0.000000
0.000000
0.000000
0.000000
0.000000
0.000000
0.000000
0.000000
0.000000
0.000000
0.000000
0.000000
0.000000
0.000000
0.000000
0.000000
0.000000
0.000000
0.000000
0.000000
0.000000
0.000000
0.000000
0.000000
0.000000
0.000000
0.000000
0.000000
0.000000
0.000000
0.000000
0.000000
0.000000
0.000000
0.000000
0.000000
0.000000
0.000000
0.000000
0.000000
0.000000
0.000000
0.000000
0.000000
0.000000
0.000000
0.000000
0.000000
0.000000
0.000000
0.000000
0.000000
0.000000
0.000000
0.000000
0.000000
0.000000
0.000000
0.000000
0.000000
0.000000
0.000000
0.000000
0.000000
0.000000
0.000000
0.000000
0.000000
0.000000
0.000000
0.000000
0.000000
0.000000
0.000000
0.000000
0.000000
0.000000
0.000000
0.000000
0.000000
0.000000
0.000000
0.000000
0.000000
0.000000
0.000000
0.000000
0.000000
0.000000
0.000000
0.000000
0.000000
0.000000
0.000000
0.000000
0.000000
0.000000
0.000000
0.000000
0.000000
0.000000
0.000000
0.000000
0.000000
0.000000
0.000000
0.000000
0.000000
0.000000
0.000000
0.000000
0.000000
0.000000
0.000000
0.000000
