62.986100
23.559000
905.580000
188.560000
83.019000
46.648000
30.355000
18.289000
13.281000
9.480400
7.082300
5.426900
4.611400
2.907700
2.541800
1.894900
1.706800
1.093800
0.940770
0.776210
0.633860
0.475270
0.392830
0.302450
0.275710
0.210550
0.172310
0.169290
0.121680
0.096743
0.067827
0.081360
0.034201
0.046213
0.036260
0.030435
0.019783
0.023082
0.020230
0.022306
0.011542
0.014626
0.007887
0.006663
0.004433
0.005495
0.004041
0.004665
0.005888
0.001859
0.002652
0.002037
0.002253
0.000681
0.000965
0.000638
0.000571
0.000476
0.000283
0.000188
0.000236
0.000266
0.000131
0.000469
0.000097
0.000263
0.000028
0.000162
0.000063
0.000041
0.000067
0.000030
0.000014
0.000000
0.000004
0.000002
0.000000
0.000018
0.000007
0.000000
0.000003
0.000000
0.000009
0.000002
0.000008
0.000016
0.000000
0.000000
0.000003
0.000000
0.000000
0.000000
0.000000
0.000000
0.000000
0.000000
0.000000
0.000000
0.000000
0.000000
0.000000
0.000000
0.000000
0.000002
0.000000
0.000000
0.000000
0.000000
0.000000
0.000000
0.000000
0.000000
0.000000
0.000000
0.000000
0.000000
0.000000
0.000000
0.000000
0.000000
0.000000
0.000000
0.000000
0.000000
0.000000
0.000000
0.000000
0.000000
0.000000
0.000000
0.000000
0.000000
0.000000
0.000000
0.000000
0.000000
0.000000
0.000000
0.000000
0.000000
0.000000
0.000000
0.000000
0.000000
0.000000
0.000000
0.000000
0.000000
0.000000
0.000000
0.000000
0.000000
0.000000
0.000000
0.000000
0.000000
0.000000
0.000000
0.000000
0.000000
0.000000
0.000000
0.000000
0.000000
0.000000
0.000000
0.000000
0.000000
0.000000
0.000000
0.000000
0.000000
0.000000
0.000000
0.000000
0.000000
0.000000
0.000000
0.000000
0.000000
0.000000
0.000000
0.000000
0.000000
0.000000
0.000000
0.000000
0.000000
0.000000
0.000000
0.000000
0.000000
0.000000
0.000000
0.000000
0.000000
0.000000
0.000000
0.000000
0.000000
0.000000
0.000000
