75.084300
50.442300
856.720000
162.770000
66.639000
35.681000
20.239000
12.964000
9.230000
5.558900
4.059100
2.843900
1.769200
1.376600
0.955250
0.701360
0.469180
0.412300
0.314640
0.233070
0.170640
0.132490
0.097337
0.065948
0.045967
0.037686
0.021217
0.037438
0.016804
0.013155
0.007003
0.008611
0.005951
0.004697
0.002625
0.001759
0.001347
0.001580
0.000776
0.000678
0.000615
0.000839
0.000531
0.000438
0.000101
0.000293
0.000169
0.000199
0.000079
0.000135
0.000053
0.000000
0.000017
0.000006
0.000004
0.000007
0.000006
0.000004
0.000000
0.000000
0.000005
0.000000
0.000000
0.000000
0.000002
0.000000
0.000006
0.000000
0.000000
0.000000
0.000000
0.000000
0.000000
0.000000
0.000000
0.000000
0.000000
0.000000
0.000000
0.000000
0.000000
0.000000
0.000000
0.000000
0.000000
0.000000
0.000000
0.000000
0.000000
0.000000
0.000000
0.000000
0.000000
0.000000
0.000000
0.000000
0.000000
0.000000
0.000000
0.000000
0.000000
0.000000
0.000000
0.000000
0.000000
0.000000
0.000000
0.000000
0.000000
0.000000
0.000000
0.000000
0.000000
0.000000
0.000000
0.000000
0.000000
0.000000
0.000000
0.000000
0.000000
0.000000
0.000000
0.000000
0.000000
0.000000
0.000000
0.000000
0.000000
0.000000
0.000000
0.000000
0.000000
0.000000
0.000000
0.000000
0.000000
0.000000
0.000000
0.000000
0.000000
0.000000
0.000000
0.000000
0.000000
0.000000
0.000000
0.000000
0.000000
0.000000
0.000000
0.000000
0.000000
0.000000
0.000000
0.000000
0.000000
0.000000
0.000000
0.000000
0.000000
0.000000
0.000000
0.000000
0.000000
0.000000
0.000000
0.000000
0.000000
0.000000
0.000000
0.000000
0.000000
0.000000
0.000000
0.000000
0.000000
0.000000
0.000000
0.000000
0.000000
0.000000
0.000000
0.000000
0.000000
0.000000
0.000000
0.000000
0.000000
0.000000
0.000000
0.000000
0.000000
0.000000
0.000000
0.000000
0.000000
0.000000
0.000000
0.000000
0.000000
0.000000
