84.297600
43.242300
824.230000
154.190000
55.168000
32.307000
19.138000
10.241000
7.144200
5.115400
3.189400
2.215900
1.454600
1.162800
0.879290
0.600260
0.463710
0.318530
0.311560
0.162680
0.156980
0.113350
0.059292
0.071546
0.054749
0.032803
0.028186
0.020007
0.013306
0.013209
0.012816
0.005995
0.008289
0.004276
0.003417
0.002962
0.004167
0.001897
0.001283
0.001116
0.000441
0.000574
0.000545
0.000477
0.000256
0.000101
0.000110
0.000074
0.000115
0.000019
0.000038
0.000015
0.000015
0.000022
0.000026
0.000018
0.000006
0.000004
0.000007
0.000000
0.000004
0.000006
0.000000
0.000007
0.000087
0.000000
0.000000
0.000000
0.000000
0.000005
0.000000
0.000000
0.000000
0.000002
0.000000
0.000000
0.000000
0.000000
0.000000
0.000000
0.000000
0.000000
0.000000
0.000000
0.000000
0.000000
0.000000
0.000000
0.000000
0.000000
0.000000
0.000000
0.000000
0.000000
0.000000
0.000000
0.000000
0.000000
0.000000
0.000000
0.000000
0.000000
0.000000
0.000000
0.000000
0.000000
0.000000
0.000000
0.000000
0.000000
0.000000
0.000000
0.000000
0.000000
0.000000
0.000000
0.000000
0.000000
0.000000
0.000000
0.000000
0.000000
0.000000
0.000000
0.000000
0.000000
0.000000
0.000000
0.000000
0.000000
0.000000
0.000000
0.000000
0.000000
0.000000
0.000000
0.000000
0.000000
0.000000
0.000000
0.000000
0.000000
0.000000
0.000000
0.000000
0.000000
0.000000
0.000000
0.000000
0.000000
0.000000
0.000000
0.000000
0.000000
0.000000
0.000000
0.000000
0.000000
0.000000
0.000000
0.000000
0.000000
0.000000
0.000000
0.000000
0.000000
0.000000
0.000000
0.000000
0.000000
0.000000
0.000000
0.000000
0.000000
0.000000
0.000000
0.000000
0.000000
0.000000
0.000000
0.000000
0.000000
0.000000
0.000000
0.000000
0.000000
0.000000
0.000000
0.000000
0.000000
0.000000
0.000000
0.000000
0.000000
0.000000
0.000000
0.000000
0.000000
0.000000
0.000000
0.000000
0.000000
