56.655100
31.242900
921.780000
194.690000
91.036000
51.044000
30.580000
20.401000
14.403000
10.878000
7.212400
5.605800
4.160800
3.041500
2.577400
1.997400
1.419200
1.239800
0.961060
0.672110
0.500510
0.374740
0.325160
0.343770
0.248590
0.181910
0.143040
0.123160
0.108330
0.070626
0.047117
0.050687
0.044609
0.034838
0.030646
0.020967
0.020472
0.016315
0.008677
0.010104
0.009043
0.004848
0.006006
0.005492
0.003986
0.003739
0.000654
0.002009
0.001309
0.000939
0.001087
0.000348
0.000335
0.000365
0.000638
0.000320
0.000218
0.000141
0.000099
0.000185
0.000434
0.000166
0.000050
0.000024
0.000063
0.000079
0.000015
0.000029
0.000006
0.000006
0.000011
0.000003
0.000000
0.000000
0.000000
0.000000
0.000021
0.000000
0.000006
0.000000
0.000000
0.000002
0.000009
0.000008
0.000000
0.000000
0.000000
0.000000
0.000000
0.000000
0.000008
0.000000
0.000000
0.000000
0.000000
0.000000
0.000000
0.000000
0.000000
0.000000
0.000000
0.000000
0.000000
0.000000
0.000000
0.000000
0.000000
0.000000
0.000000
0.000000
0.000000
0.000000
0.000000
0.000000
0.000000
0.000000
0.000000
0.000000
0.000000
0.000000
0.000000
0.000000
0.000000
0.000000
0.000000
0.000000
0.000000
0.000000
0.000000
0.000000
0.000000
0.000000
0.000000
0.000000
0.000000
0.000000
0.000000
0.000000
0.000000
0.000000
0.000000
0.000000
0.000000
0.000000
0.000000
0.000000
0.000000
0.000000
0.000000
0.000000
0.000000
0.000000
0.000000
0.000000
0.000000
0.000000
0.000000
0.000000
0.000000
0.000000
0.000000
0.000000
0.000000
0.000000
0.000000
0.000000
0.000000
0.000000
0.000000
0.000000
0.000000
0.000000
0.000000
0.000000
0.000000
0.000000
0.000000
0.000000
0.000000
0.000000
0.000000
0.000000
0.000000
0.000000
0.000000
0.000000
0.000000
0.000000
0.000000
0.000000
0.000000
0.000000
0.000000
0.000000
0.000000
0.000000
0.000000
0.000000
0.000000
0.000000
0.000000
0.000000
