40.524600
59.747500
958.570000
222.580000
111.420000
62.470000
40.479000
28.624000
19.792000
14.625000
9.883400
7.213900
5.146300
3.807000
2.913000
2.555300
1.831400
1.335200
1.080700
0.763120
0.559310
0.404810
0.356720
0.280160
0.223010
0.162770
0.118470
0.098806
0.068057
0.062232
0.038598
0.027219
0.021544
0.023035
0.013101
0.012180
0.012771
0.004412
0.002674
0.004941
0.001657
0.001486
0.002090
0.001293
0.001817
0.000614
0.000419
0.000181
0.000328
0.000109
0.000285
0.000083
0.000087
0.000141
0.000258
0.000024
0.000027
0.000070
0.000003
0.000007
0.000031
0.000009
0.000000
0.000007
0.000000
0.000010
0.000005
0.000001
0.000000
0.000000
0.000000
0.000002
0.000000
0.000000
0.000000
0.000000
0.000002
0.000000
0.000000
0.000000
0.000000
0.000000
0.000000
0.000000
0.000000
0.000000
0.000000
0.000000
0.000000
0.000000
0.000000
0.000000
0.000000
0.000000
0.000000
0.000000
0.000000
0.000000
0.000000
0.000000
0.000000
0.000000
0.000000
0.000000
0.000000
0.000000
0.000000
0.000000
0.000000
0.000000
0.000000
0.000000
0.000000
0.000000
0.000000
0.000000
0.000000
0.000000
0.000000
0.000000
0.000000
0.000000
0.000000
0.000000
0.000000
0.000000
0.000000
0.000000
0.000000
0.000000
0.000000
0.000000
0.000000
0.000000
0.000000
0.000000
0.000000
0.000000
0.000000
0.000000
0.000000
0.000000
0.000000
0.000000
0.000000
0.000000
0.000000
0.000000
0.000000
0.000000
0.000000
0.000000
0.000000
0.000000
0.000000
0.000000
0.000000
0.000000
0.000000
0.000000
0.000000
0.000000
0.000000
0.000000
0.000000
0.000000
0.000000
0.000000
0.000000
0.000000
0.000000
0.000000
0.000000
0.000000
0.000000
0.000000
0.000000
0.000000
0.000000
0.000000
0.000000
0.000000
0.000000
0.000000
0.000000
0.000000
0.000000
0.000000
0.000000
0.000000
0.000000
0.000000
0.000000
0.000000
0.000000
0.000000
0.000000
0.000000
0.000000
0.000000
0.000000
0.000000
