81.794500
11.145600
841.400000
160.480000
59.497000
34.226000
20.891000
14.108000
9.546100
6.719800
4.899500
4.206200
3.360000
2.347000
1.738800
1.587000
1.228000
1.192600
0.894430
0.726830
0.708700
0.449650
0.446800
0.385130
0.403870
0.377190
0.256090
0.223710
0.202950
0.111700
0.137830
0.121360
0.099641
0.063609
0.065110
0.055595
0.050965
0.040267
0.056104
0.026123
0.027358
0.030524
0.026693
0.015238
0.011527
0.014600
0.011421
0.012567
0.011997
0.012791
0.005641
0.004374
0.009681
0.002454
0.003495
0.001399
0.002731
0.001581
0.001300
0.000827
0.000780
0.001411
0.000370
0.000455
0.001070
0.000959
0.000194
0.000415
0.000733
0.000150
0.000356
0.000123
0.000014
0.000030
0.000035
0.000067
0.000037
0.000001
0.000000
0.000738
0.000010
0.000115
0.000247
0.000055
0.000001
0.000061
0.000063
0.000020
0.000001
0.000000
0.000000
0.000004
0.000000
0.000000
0.000000
0.000000
0.000004
0.000000
0.000000
0.000000
0.000000
0.000000
0.000002
0.000000
0.000000
0.000000
0.000000
0.000000
0.000000
0.000002
0.000000
0.000000
0.000000
0.000000
0.000000
0.000000
0.000000
0.000000
0.000000
0.000000
0.000000
0.000000
0.000000
0.000000
0.000000
0.000000
0.000000
0.000000
0.000000
0.000000
0.000000
0.000000
0.000000
0.000000
0.000000
0.000000
0.000000
0.000000
0.000000
0.000000
0.000000
0.000000
0.000000
0.000000
0.000000
0.000000
0.000000
0.000000
0.000000
0.000000
0.000000
0.000000
0.000000
0.000000
0.000000
0.000000
0.000000
0.000000
0.000000
0.000000
0.000000
0.000000
0.000000
0.000000
0.000000
0.000000
0.000000
0.000000
0.000000
0.000000
0.000000
0.000000
0.000000
0.000000
0.000000
0.000000
0.000000
0.000000
0.000000
0.000000
0.000000
0.000000
0.000000
0.000000
0.000000
0.000000
0.000000
0.000000
0.000000
0.000000
0.000000
0.000000
0.000000
0.000000
0.000000
0.000000
0.000000
0.000000
0.000000
0.000000
0.000000
0.000000
