62.143000
29.289600
869.250000
183.900000
82.501000
46.807000
29.443000
18.393000
13.897000
9.619500
6.642600
4.880200
4.268100
2.908400
2.041300
1.694500
1.489600
1.016600
0.747550
0.673750
0.480050
0.429610
0.235820
0.267240
0.196070
0.158480
0.130360
0.097924
0.092956
0.071318
0.064374
0.053298
0.033068
0.037151
0.025385
0.018236
0.019401
0.012511
0.009636
0.007628
0.005872
0.007101
0.005992
0.003970
0.005805
0.002156
0.001531
0.001423
0.001808
0.001516
0.000488
0.000209
0.000761
0.001744
0.000326
0.000235
0.000457
0.000109
0.000198
0.000110
0.000122
0.000048
0.000126
0.000026
0.000539
0.000018
0.000011
0.000309
0.000034
0.000010
0.000011
0.000041
0.000003
0.000001
0.000011
0.000000
0.000017
0.000004
0.000000
0.000002
0.000000
0.000000
0.000000
0.000000
0.000000
0.000008
0.000000
0.000000
0.000000
0.000000
0.000000
0.000007
0.000000
0.000000
0.000000
0.000000
0.000000
0.000000
0.000000
0.000000
0.000000
0.000000
0.000000
0.000000
0.000000
0.000000
0.000000
0.000000
0.000000
0.000000
0.000000
0.000000
0.000000
0.000000
0.000000
0.000000
0.000000
0.000000
0.000000
0.000000
0.000000
0.000000
0.000000
0.000000
0.000000
0.000000
0.000000
0.000000
0.000000
0.000000
0.000000
0.000000
0.000000
0.000000
0.000000
0.000000
0.000000
0.000000
0.000000
0.000000
0.000000
0.000000
0.000000
0.000000
0.000000
0.000000
0.000000
0.000000
0.000000
0.000000
0.000000
0.000000
0.000000
0.000000
0.000000
0.000000
0.000000
0.000000
0.000000
0.000000
0.000000
0.000000
0.000000
0.000000
0.000000
0.000000
0.000000
0.000000
0.000000
0.000000
0.000000
0.000000
0.000000
0.000000
0.000000
0.000000
0.000000
0.000000
0.000000
0.000000
0.000000
0.000000
0.000000
0.000000
0.000000
0.000000
0.000000
0.000000
0.000000
0.000000
0.000000
0.000000
0.000000
0.000000
0.000000
0.000000
0.000000
0.000000
0.000000
0.000000
0.000000
0.000000
