59.561600
44.896400
952.830000
184.350000
82.307000
45.037000
28.356000
17.924000
13.623000
9.057400
6.008700
4.246600
3.119400
2.325700
1.677200
1.436400
1.067200
0.861660
0.574020
0.558960
0.340390
0.276830
0.195090
0.153310
0.108830
0.082920
0.086608
0.051011
0.041543
0.030650
0.024167
0.021186
0.013483
0.018135
0.009730
0.003905
0.002606
0.004252
0.003597
0.002531
0.004876
0.001020
0.001835
0.001325
0.002713
0.000860
0.001044
0.000599
0.000290
0.000331
0.000102
0.000230
0.000089
0.000236
0.000065
0.000063
0.000022
0.000007
0.000031
0.000008
0.000004
0.000029
0.000013
0.000009
0.000000
0.000004
0.000002
0.000000
0.000000
0.000000
0.000000
0.000000
0.000000
0.000000
0.000000
0.000000
0.000000
0.000000
0.000000
0.000002
0.000000
0.000000
0.000000
0.000000
0.000000
0.000000
0.000000
0.000000
0.000000
0.000000
0.000000
0.000000
0.000000
0.000000
0.000000
0.000000
0.000000
0.000000
0.000000
0.000000
0.000000
0.000000
0.000000
0.000000
0.000000
0.000000
0.000000
0.000000
0.000000
0.000000
0.000000
0.000000
0.000000
0.000000
0.000000
0.000000
0.000000
0.000000
0.000000
0.000000
0.000000
0.000000
0.000000
0.000000
0.000000
0.000000
0.000000
0.000000
0.000000
0.000000
0.000000
0.000000
0.000000
0.000000
0.000000
0.000000
0.000000
0.000000
0.000000
0.000000
0.000000
0.000000
0.000000
0.000000
0.000000
0.000000
0.000000
0.000000
0.000000
0.000000
0.000000
0.000000
0.000000
0.000000
0.000000
0.000000
0.000000
0.000000
0.000000
0.000000
0.000000
0.000000
0.000000
0.000000
0.000000
0.000000
0.000000
0.000000
0.000000
0.000000
0.000000
0.000000
0.000000
0.000000
0.000000
0.000000
0.000000
0.000000
0.000000
0.000000
0.000000
0.000000
0.000000
0.000000
0.000000
0.000000
0.000000
0.000000
0.000000
0.000000
0.000000
0.000000
0.000000
0.000000
0.000000
0.000000
0.000000
0.000000
0.000000
0.000000
0.000000
0.000000
