46.164600
57.860100
964.840000
233.990000
98.063000
60.829000
35.078000
25.372000
16.911000
12.417000
8.467800
6.401000
4.558900
3.416000
2.899500
1.768300
1.385300
1.104300
0.783330
0.645710
0.430700
0.356210
0.264400
0.194930
0.185520
0.140510
0.117730
0.071883
0.070996
0.036884
0.031687
0.025732
0.024502
0.011153
0.008988
0.007958
0.004338
0.003645
0.002398
0.003546
0.002431
0.001469
0.001551
0.000484
0.000892
0.000544
0.000663
0.000749
0.000100
0.000135
0.000048
0.000040
0.000033
0.000036
0.000023
0.000039
0.000002
0.000015
0.000008
0.000018
0.000010
0.000017
0.000005
0.000000
0.000000
0.000000
0.000000
0.000018
0.000000
0.000000
0.000000
0.000000
0.000000
0.000000
0.000002
0.000000
0.000000
0.000000
0.000000
0.000000
0.000000
0.000000
0.000000
0.000000
0.000000
0.000000
0.000000
0.000000
0.000000
0.000000
0.000000
0.000000
0.000000
0.000000
0.000000
0.000000
0.000000
0.000000
0.000000
0.000000
0.000000
0.000000
0.000000
0.000000
0.000000
0.000000
0.000000
0.000000
0.000000
0.000000
0.000000
0.000000
0.000000
0.000000
0.000000
0.000000
0.000000
0.000000
0.000000
0.000000
0.000000
0.000000
0.000000
0.000000
0.000000
0.000000
0.000000
0.000000
0.000000
0.000000
0.000000
0.000000
0.000000
0.000000
0.000000
0.000000
0.000000
0.000000
0.000000
0.000000
0.000000
0.000000
0.000000
0.000000
0.000000
0.000000
0.000000
0.000000
0.000000
0.000000
0.000000
0.000000
0.000000
0.000000
0.000000
0.000000
0.000000
0.000000
0.000000
0.000000
0.000000
0.000000
0.000000
0.000000
0.000000
0.000000
0.000000
0.000000
0.000000
0.000000
0.000000
0.000000
0.000000
0.000000
0.000000
0.000000
0.000000
0.000000
0.000000
0.000000
0.000000
0.000000
0.000000
0.000000
0.000000
0.000000
0.000000
0.000000
0.000000
0.000000
0.000000
0.000000
0.000000
0.000000
0.000000
0.000000
0.000000
0.000000
0.000000
0.000000
0.000000
0.000000
