55.231800
50.233400
905.440000
192.800000
87.581000
49.959000
29.969000
20.888000
13.972000
9.514100
7.223600
4.741700
3.697100
2.869000
1.849700
1.566000
1.173500
0.982160
0.611710
0.375740
0.367550
0.281100
0.223310
0.151230
0.142440
0.091570
0.061134
0.053921
0.039818
0.034574
0.019600
0.012750
0.011665
0.009487
0.008746
0.006659
0.003949
0.006138
0.002009
0.001867
0.001580
0.001588
0.000860
0.001579
0.000860
0.000549
0.000701
0.000223
0.000209
0.000245
0.000024
0.000117
0.000060
0.000101
0.000070
0.000040
0.000238
0.000015
0.000017
0.000003
0.000056
0.000002
0.000009
0.000000
0.000000
0.000000
0.000000
0.000000
0.000005
0.000000
0.000000
0.000000
0.000000
0.000000
0.000000
0.000000
0.000000
0.000000
0.000000
0.000000
0.000000
0.000000
0.000000
0.000000
0.000000
0.000000
0.000000
0.000000
0.000000
0.000000
0.000000
0.000000
0.000000
0.000000
0.000000
0.000000
0.000000
0.000000
0.000000
0.000000
0.000000
0.000000
0.000000
0.000000
0.000000
0.000000
0.000000
0.000000
0.000000
0.000000
0.000000
0.000000
0.000000
0.000000
0.000000
0.000000
0.000000
0.000000
0.000000
0.000000
0.000000
0.000000
0.000000
0.000000
0.000000
0.000000
0.000000
0.000000
0.000000
0.000000
0.000000
0.000000
0.000000
0.000000
0.000000
0.000000
0.000000
0.000000
0.000000
0.000000
0.000000
0.000000
0.000000
0.000000
0.000000
0.000000
0.000000
0.000000
0.000000
0.000000
0.000000
0.000000
0.000000
0.000000
0.000000
0.000000
0.000000
0.000000
0.000000
0.000000
0.000000
0.000000
0.000000
0.000000
0.000000
0.000000
0.000000
0.000000
0.000000
0.000000
0.000000
0.000000
0.000000
0.000000
0.000000
0.000000
0.000000
0.000000
0.000000
0.000000
0.000000
0.000000
0.000000
0.000000
0.000000
0.000000
0.000000
0.000000
0.000000
0.000000
0.000000
0.000000
0.000000
0.000000
0.000000
0.000000
0.000000
0.000000
0.000000
0.000000
0.000000
0.000000
