45.700500
44.498200
985.980000
232.200000
98.477000
55.089000
37.304000
24.752000
17.526000
13.705000
9.795400
7.056600
5.314800
3.936100
2.793900
2.130800
1.686100
1.336100
1.056600
0.815800
0.571860
0.455280
0.360170
0.265270
0.198420
0.176440
0.137060
0.082791
0.089633
0.076099
0.054902
0.046958
0.034655
0.024554
0.023637
0.014081
0.014553
0.007529
0.007532
0.005564
0.003080
0.002217
0.003376
0.001736
0.001325
0.001677
0.001132
0.000505
0.000332
0.000173
0.000368
0.000213
0.000455
0.000190
0.000242
0.000097
0.000169
0.000069
0.000020
0.000434
0.000011
0.000464
0.000024
0.000014
0.000028
0.000010
0.000010
0.000005
0.000000
0.000008
0.000000
0.000002
0.000006
0.000000
0.000000
0.000000
0.000002
0.000000
0.000000
0.000000
0.000000
0.000000
0.000000
0.000000
0.000000
0.000000
0.000000
0.000000
0.000000
0.000000
0.000000
0.000002
0.000000
0.000000
0.000000
0.000000
0.000000
0.000000
0.000000
0.000000
0.000000
0.000000
0.000000
0.000000
0.000000
0.000000
0.000000
0.000000
0.000000
0.000000
0.000000
0.000000
0.000000
0.000000
0.000000
0.000000
0.000000
0.000000
0.000000
0.000000
0.000000
0.000000
0.000000
0.000000
0.000000
0.000000
0.000000
0.000000
0.000000
0.000000
0.000000
0.000000
0.000000
0.000000
0.000000
0.000000
0.000000
0.000000
0.000000
0.000000
0.000000
0.000000
0.000000
0.000000
0.000000
0.000000
0.000000
0.000000
0.000000
0.000000
0.000000
0.000000
0.000000
0.000000
0.000000
0.000000
0.000000
0.000000
0.000000
0.000000
0.000000
0.000000
0.000000
0.000000
0.000000
0.000000
0.000000
0.000000
0.000000
0.000000
0.000000
0.000000
0.000000
0.000000
0.000000
0.000000
0.000000
0.000000
0.000000
0.000000
0.000000
0.000000
0.000000
0.000000
0.000000
0.000000
0.000000
0.000000
0.000000
0.000000
0.000000
0.000000
0.000000
0.000000
0.000000
0.000000
0.000000
0.000000
0.000000
0.000000
0.000000
0.000000
