59.552200
41.181100
880.990000
190.290000
83.621000
45.791000
28.183000
17.970000
11.954000
8.860900
6.553100
4.971200
3.404200
2.552500
1.841500
1.444200
0.917200
0.913870
0.615740
0.487000
0.432580
0.281790
0.238750
0.190820
0.128090
0.109970
0.067386
0.066986
0.035849
0.042696
0.021956
0.031437
0.017930
0.018715
0.011714
0.007755
0.007123
0.006846
0.004209
0.003247
0.003519
0.003666
0.001956
0.002606
0.000710
0.000774
0.000826
0.000774
0.000813
0.000274
0.000167
0.000308
0.000235
0.000120
0.000102
0.000098
0.000034
0.000031
0.000018
0.000018
0.000024
0.000029
0.000009
0.000010
0.000041
0.000007
0.000000
0.000002
0.000002
0.000062
0.000011
0.000000
0.000000
0.000000
0.000000
0.000000
0.000000
0.000000
0.000000
0.000000
0.000000
0.000000
0.000000
0.000000
0.000000
0.000000
0.000000
0.000000
0.000000
0.000000
0.000000
0.000000
0.000000
0.000000
0.000000
0.000000
0.000000
0.000000
0.000000
0.000000
0.000000
0.000000
0.000000
0.000000
0.000000
0.000000
0.000000
0.000000
0.000000
0.000000
0.000000
0.000000
0.000000
0.000000
0.000000
0.000000
0.000000
0.000000
0.000000
0.000000
0.000000
0.000000
0.000000
0.000000
0.000000
0.000000
0.000000
0.000000
0.000000
0.000000
0.000000
0.000000
0.000000
0.000000
0.000000
0.000000
0.000000
0.000000
0.000000
0.000000
0.000000
0.000000
0.000000
0.000000
0.000000
0.000000
0.000000
0.000000
0.000000
0.000000
0.000000
0.000000
0.000000
0.000000
0.000000
0.000000
0.000000
0.000000
0.000000
0.000000
0.000000
0.000000
0.000000
0.000000
0.000000
0.000000
0.000000
0.000000
0.000000
0.000000
0.000000
0.000000
0.000000
0.000000
0.000000
0.000000
0.000000
0.000000
0.000000
0.000000
0.000000
0.000000
0.000000
0.000000
0.000000
0.000000
0.000000
0.000000
0.000000
0.000000
0.000000
0.000000
0.000000
0.000000
0.000000
0.000000
0.000000
0.000000
0.000000
0.000000
0.000000
0.000000
