76.813300
42.847700
864.570000
163.760000
66.848000
33.000000
20.900000
14.314000
8.310300
5.954500
4.208500
3.179000
2.074900
1.586700
1.105700
0.728570
0.495590
0.378310
0.333080
0.225760
0.184310
0.149900
0.085753
0.096801
0.055248
0.056972
0.042511
0.027239
0.021360
0.013063
0.014878
0.011567
0.011865
0.006607
0.005638
0.003716
0.003778
0.002096
0.001735
0.000611
0.001224
0.000575
0.000316
0.000270
0.000305
0.000237
0.000117
0.000327
0.000151
0.000140
0.000133
0.000029
0.000030
0.000010
0.000027
0.000021
0.000092
0.000023
0.000014
0.000000
0.000037
0.000012
0.000055
0.000001
0.000004
0.000000
0.000094
0.000000
0.000000
0.000000
0.000000
0.000005
0.000000
0.000000
0.000000
0.000000
0.000000
0.000000
0.000000
0.000000
0.000000
0.000000
0.000000
0.000000
0.000000
0.000000
0.000000
0.000000
0.000000
0.000000
0.000000
0.000000
0.000000
0.000000
0.000000
0.000000
0.000000
0.000000
0.000000
0.000000
0.000000
0.000000
0.000000
0.000000
0.000000
0.000000
0.000000
0.000000
0.000000
0.000000
0.000000
0.000000
0.000000
0.000000
0.000000
0.000000
0.000000
0.000000
0.000000
0.000000
0.000000
0.000000
0.000000
0.000000
0.000000
0.000000
0.000000
0.000000
0.000000
0.000000
0.000000
0.000000
0.000000
0.000000
0.000000
0.000000
0.000000
0.000000
0.000000
0.000000
0.000000
0.000000
0.000000
0.000000
0.000000
0.000000
0.000000
0.000000
0.000000
0.000000
0.000000
0.000000
0.000000
0.000000
0.000000
0.000000
0.000000
0.000000
0.000000
0.000000
0.000000
0.000000
0.000000
0.000000
0.000000
0.000000
0.000000
0.000000
0.000000
0.000000
0.000000
0.000000
0.000000
0.000000
0.000000
0.000000
0.000000
0.000000
0.000000
0.000000
0.000000
0.000000
0.000000
0.000000
0.000000
0.000000
0.000000
0.000000
0.000000
0.000000
0.000000
0.000000
0.000000
0.000000
0.000000
0.000000
0.000000
0.000000
0.000000
0.000000
0.000000
0.000000
