85.360500
33.930600
808.920000
151.850000
58.491000
28.567000
17.665000
11.660000
7.258300
5.095400
3.655900
2.476600
1.696200
1.163100
1.037700
0.737170
0.541340
0.390470
0.296410
0.208430
0.226520
0.139450
0.091195
0.112900
0.097614
0.065288
0.042941
0.044467
0.028529
0.018802
0.019799
0.012186
0.010735
0.006377
0.005923
0.005035
0.006850
0.007005
0.003936
0.002456
0.003253
0.001815
0.001246
0.001227
0.001861
0.000591
0.000672
0.000445
0.000182
0.000100
0.000113
0.000398
0.000158
0.000035
0.000054
0.000053
0.000040
0.000020
0.000007
0.000016
0.000018
0.000014
0.000040
0.000010
0.000004
0.000003
0.000005
0.000017
0.000000
0.000000
0.000000
0.000000
0.000004
0.000000
0.000002
0.000000
0.000002
0.000000
0.000000
0.000000
0.000000
0.000000
0.000000
0.000000
0.000000
0.000000
0.000000
0.000000
0.000000
0.000005
0.000000
0.000000
0.000000
0.000000
0.000000
0.000000
0.000000
0.000000
0.000000
0.000000
0.000000
0.000000
0.000000
0.000000
0.000000
0.000000
0.000000
0.000000
0.000000
0.000000
0.000000
0.000000
0.000000
0.000000
0.000000
0.000000
0.000000
0.000000
0.000000
0.000000
0.000000
0.000000
0.000000
0.000000
0.000000
0.000000
0.000000
0.000000
0.000000
0.000000
0.000000
0.000000
0.000000
0.000000
0.000000
0.000000
0.000000
0.000000
0.000000
0.000000
0.000000
0.000000
0.000000
0.000000
0.000000
0.000000
0.000000
0.000000
0.000000
0.000000
0.000000
0.000000
0.000000
0.000000
0.000000
0.000000
0.000000
0.000000
0.000000
0.000000
0.000000
0.000000
0.000000
0.000000
0.000000
0.000000
0.000000
0.000000
0.000000
0.000000
0.000000
0.000000
0.000000
0.000000
0.000000
0.000000
0.000000
0.000000
0.000000
0.000000
0.000000
0.000000
0.000000
0.000000
0.000000
0.000000
0.000000
0.000000
0.000000
0.000000
0.000000
0.000000
0.000000
0.000000
0.000000
0.000000
0.000000
0.000000
0.000000
0.000000
0.000000
0.000000
