73.064400
20.238700
854.270000
162.140000
70.246000
37.710000
25.145000
15.125000
10.583000
7.381600
5.961400
4.643200
3.142900
2.386500
1.822300
1.454200
1.080400
0.873840
0.769600
0.617370
0.459330
0.490730
0.366850
0.252410
0.233080
0.210260
0.164700
0.134770
0.103770
0.097656
0.064526
0.061391
0.049063
0.043455
0.044884
0.048563
0.029552
0.027675
0.010556
0.017062
0.014778
0.008301
0.011080
0.006709
0.005518
0.004141
0.004156
0.003404
0.002607
0.001975
0.001484
0.000901
0.003663
0.000691
0.001458
0.000682
0.001697
0.000500
0.000247
0.000434
0.000560
0.000242
0.000148
0.000813
0.000329
0.000116
0.000028
0.000214
0.000016
0.000202
0.000132
0.000038
0.000118
0.000493
0.000021
0.000002
0.000017
0.000037
0.000000
0.000028
0.000052
0.000002
0.000000
0.000002
0.000050
0.000000
0.000001
0.000000
0.000000
0.000000
0.000000
0.000000
0.000000
0.000000
0.000000
0.000002
0.000000
0.000001
0.000000
0.000000
0.000000
0.000000
0.000000
0.000000
0.000000
0.000000
0.000000
0.000000
0.000000
0.000000
0.000000
0.000000
0.000000
0.000000
0.000021
0.000000
0.000000
0.000000
0.000000
0.000000
0.000000
0.000000
0.000000
0.000000
0.000000
0.000000
0.000000
0.000000
0.000000
0.000000
0.000000
0.000000
0.000000
0.000000
0.000000
0.000000
0.000000
0.000000
0.000000
0.000000
0.000000
0.000000
0.000000
0.000000
0.000000
0.000000
0.000000
0.000000
0.000000
0.000000
0.000000
0.000000
0.000000
0.000000
0.000000
0.000000
0.000000
0.000000
0.000000
0.000000
0.000000
0.000000
0.000000
0.000000
0.000000
0.000000
0.000000
0.000000
0.000000
0.000000
0.000000
0.000000
0.000000
0.000000
0.000000
0.000000
0.000000
0.000000
0.000000
0.000000
0.000000
0.000000
0.000000
0.000000
0.000000
0.000000
0.000000
0.000000
0.000000
0.000000
0.000000
0.000000
0.000000
0.000000
0.000000
0.000000
0.000000
0.000000
0.000000
0.000000
0.000000
0.000000
