40.922600
32.437700
972.740000
240.140000
113.340000
66.126000
42.700000
29.955000
20.411000
15.722000
12.678000
9.649600
6.641100
5.672700
4.090100
3.148900
2.676100
1.991900
1.514800
1.083600
0.977870
0.784450
0.654250
0.526120
0.395420
0.338050
0.272500
0.207180
0.167410
0.137090
0.108190
0.099072
0.070836
0.072543
0.064607
0.039638
0.030366
0.024944
0.021199
0.009617
0.017680
0.011070
0.011701
0.008594
0.006442
0.003352
0.003580
0.004314
0.001593
0.001804
0.002678
0.001906
0.001128
0.000523
0.000748
0.000403
0.001086
0.000331
0.000443
0.000218
0.000119
0.000355
0.000033
0.000107
0.000207
0.000062
0.000053
0.000124
0.000021
0.000032
0.000018
0.000043
0.000007
0.000031
0.000016
0.000003
0.000010
0.000002
0.000000
0.000000
0.000001
0.000000
0.000000
0.000000
0.000000
0.000000
0.000000
0.000000
0.000000
0.000000
0.000000
0.000000
0.000000
0.000000
0.000000
0.000000
0.000000
0.000000
0.000000
0.000001
0.000000
0.000000
0.000000
0.000000
0.000000
0.000000
0.000000
0.000000
0.000000
0.000000
0.000000
0.000000
0.000000
0.000000
0.000000
0.000000
0.000000
0.000000
0.000000
0.000000
0.000000
0.000000
0.000000
0.000000
0.000000
0.000000
0.000000
0.000000
0.000000
0.000000
0.000000
0.000000
0.000000
0.000000
0.000000
0.000000
0.000000
0.000000
0.000000
0.000000
0.000000
0.000000
0.000000
0.000000
0.000000
0.000000
0.000000
0.000000
0.000000
0.000000
0.000000
0.000000
0.000000
0.000000
0.000000
0.000000
0.000000
0.000000
0.000000
0.000000
0.000000
0.000000
0.000000
0.000000
0.000000
0.000000
0.000000
0.000000
0.000000
0.000000
0.000000
0.000000
0.000000
0.000000
0.000000
0.000000
0.000000
0.000000
0.000000
0.000000
0.000000
0.000000
0.000000
0.000000
0.000000
0.000000
0.000000
0.000000
0.000000
0.000000
0.000000
0.000000
0.000000
0.000000
0.000000
0.000000
0.000000
0.000000
0.000000
0.000000
0.000000
0.000000
