71.397400
55.226700
934.400000
157.280000
69.763000
36.420000
23.715000
13.786000
8.765300
5.671800
4.471200
3.266900
2.212900
1.494900
1.059600
0.667450
0.613680
0.394140
0.326520
0.212230
0.222730
0.123510
0.101100
0.082762
0.045403
0.052833
0.028046
0.023773
0.016294
0.008727
0.011908
0.008987
0.007154
0.006752
0.002282
0.001798
0.000948
0.001166
0.001578
0.000718
0.000610
0.000261
0.000225
0.000247
0.000172
0.000336
0.000116
0.000056
0.000095
0.000072
0.000185
0.000018
0.000020
0.000002
0.000014
0.000008
0.000030
0.000007
0.000010
0.000041
0.000001
0.000000
0.000000
0.000006
0.000000
0.000000
0.000002
0.000000
0.000000
0.000000
0.000000
0.000000
0.000000
0.000000
0.000000
0.000004
0.000000
0.000000
0.000000
0.000000
0.000000
0.000000
0.000000
0.000000
0.000000
0.000000
0.000000
0.000000
0.000000
0.000000
0.000000
0.000000
0.000000
0.000000
0.000000
0.000000
0.000000
0.000000
0.000000
0.000000
0.000000
0.000000
0.000000
0.000000
0.000000
0.000000
0.000000
0.000000
0.000000
0.000000
0.000000
0.000000
0.000000
0.000000
0.000000
0.000000
0.000000
0.000000
0.000000
0.000000
0.000000
0.000000
0.000000
0.000000
0.000000
0.000000
0.000000
0.000000
0.000000
0.000000
0.000000
0.000000
0.000000
0.000000
0.000000
0.000000
0.000000
0.000000
0.000000
0.000000
0.000000
0.000000
0.000000
0.000000
0.000000
0.000000
0.000000
0.000000
0.000000
0.000000
0.000000
0.000000
0.000000
0.000000
0.000000
0.000000
0.000000
0.000000
0.000000
0.000000
0.000000
0.000000
0.000000
0.000000
0.000000
0.000000
0.000000
0.000000
0.000000
0.000000
0.000000
0.000000
0.000000
0.000000
0.000000
0.000000
0.000000
0.000000
0.000000
0.000000
0.000000
0.000000
0.000000
0.000000
0.000000
0.000000
0.000000
0.000000
0.000000
0.000000
0.000000
0.000000
0.000000
0.000000
0.000000
0.000000
0.000000
0.000000
0.000000
0.000000
0.000000
0.000000
