53.924900
19.374900
952.180000
188.240000
97.934000
53.021000
34.678000
23.801000
18.473000
12.917000
9.601400
7.415100
6.227300
4.564700
3.297800
2.773200
2.175100
1.941100
1.554700
1.196000
1.012800
0.788880
0.699930
0.678040
0.492630
0.432030
0.311840
0.239060
0.234180
0.175320
0.159660
0.114160
0.109480
0.085994
0.085151
0.061999
0.056469
0.042329
0.045960
0.029858
0.027076
0.016721
0.014074
0.012751
0.017709
0.008988
0.009685
0.011256
0.006906
0.006341
0.007624
0.004356
0.003113
0.002285
0.001765
0.001856
0.001901
0.002197
0.000967
0.000243
0.001117
0.000537
0.000894
0.000178
0.000552
0.000635
0.000201
0.000380
0.000136
0.000056
0.000062
0.000035
0.000036
0.000167
0.000322
0.000036
0.000531
0.000081
0.000024
0.000008
0.000019
0.000040
0.000016
0.000059
0.000000
0.000000
0.000023
0.000051
0.000000
0.000000
0.000001
0.000000
0.000000
0.000004
0.000001
0.000020
0.000000
0.000003
0.000001
0.000000
0.000004
0.000005
0.000000
0.000000
0.000000
0.000000
0.000000
0.000000
0.000002
0.000000
0.000000
0.000000
0.000000
0.000000
0.000000
0.000000
0.000000
0.000000
0.000000
0.000000
0.000000
0.000000
0.000000
0.000000
0.000000
0.000001
0.000000
0.000000
0.000000
0.000000
0.000000
0.000000
0.000000
0.000000
0.000000
0.000000
0.000000
0.000000
0.000000
0.000000
0.000000
0.000000
0.000000
0.000000
0.000000
0.000000
0.000000
0.000000
0.000000
0.000000
0.000000
0.000000
0.000000
0.000000
0.000000
0.000000
0.000000
0.000000
0.000000
0.000000
0.000000
0.000000
0.000000
0.000000
0.000000
0.000000
0.000000
0.000000
0.000000
0.000000
0.000000
0.000000
0.000000
0.000000
0.000000
0.000000
0.000000
0.000000
0.000000
0.000000
0.000000
0.000000
0.000000
0.000000
0.000000
0.000000
0.000000
0.000000
0.000000
0.000000
0.000000
0.000000
0.000000
0.000000
0.000000
0.000000
0.000000
0.000000
0.000000
0.000000
0.000000
0.000000
