83.904200
38.460200
789.950000
153.220000
58.698000
30.383000
17.108000
11.450000
7.777900
4.735500
3.318100
2.522900
1.759900
1.263400
0.885310
0.659690
0.529510
0.359450
0.339580
0.175260
0.176980
0.140670
0.099295
0.086321
0.050846
0.048673
0.039110
0.041735
0.019630
0.023861
0.016081
0.014923
0.009360
0.007621
0.008278
0.004498
0.006110
0.003204
0.001834
0.003023
0.000744
0.001043
0.000482
0.000514
0.000297
0.000118
0.000227
0.000332
0.000208
0.000216
0.000093
0.000080
0.000283
0.000006
0.000032
0.000023
0.000004
0.000056
0.000106
0.000041
0.000005
0.000012
0.000006
0.000000
0.000008
0.000004
0.000000
0.000001
0.000013
0.000000
0.000004
0.000000
0.000000
0.000000
0.000000
0.000000
0.000000
0.000000
0.000000
0.000001
0.000000
0.000000
0.000000
0.000000
0.000000
0.000000
0.000000
0.000000
0.000000
0.000000
0.000000
0.000000
0.000000
0.000000
0.000000
0.000000
0.000000
0.000000
0.000000
0.000000
0.000000
0.000000
0.000000
0.000000
0.000000
0.000000
0.000000
0.000000
0.000000
0.000000
0.000000
0.000000
0.000000
0.000000
0.000000
0.000000
0.000000
0.000000
0.000000
0.000000
0.000000
0.000000
0.000000
0.000000
0.000000
0.000000
0.000000
0.000000
0.000000
0.000000
0.000000
0.000000
0.000000
0.000000
0.000000
0.000000
0.000000
0.000000
0.000000
0.000000
0.000000
0.000000
0.000000
0.000000
0.000000
0.000000
0.000000
0.000000
0.000000
0.000000
0.000000
0.000000
0.000000
0.000000
0.000000
0.000000
0.000000
0.000000
0.000000
0.000000
0.000000
0.000000
0.000000
0.000000
0.000000
0.000000
0.000000
0.000000
0.000000
0.000000
0.000000
0.000000
0.000000
0.000000
0.000000
0.000000
0.000000
0.000000
0.000000
0.000000
0.000000
0.000000
0.000000
0.000000
0.000000
0.000000
0.000000
0.000000
0.000000
0.000000
0.000000
0.000000
0.000000
0.000000
0.000000
0.000000
0.000000
0.000000
0.000000
0.000000
0.000000
0.000000
