58.787500
27.910800
931.550000
186.360000
87.790000
47.576000
30.540000
21.864000
14.228000
9.603700
7.599600
5.866400
4.256600
3.486900
2.500000
1.781200
1.565100
1.138200
1.087900
0.665210
0.619160
0.547820
0.369830
0.323190
0.268100
0.228230
0.133120
0.129970
0.123510
0.064516
0.068690
0.063711
0.034710
0.040735
0.025924
0.028812
0.022715
0.021107
0.019515
0.011674
0.010037
0.005445
0.005488
0.002883
0.002447
0.002295
0.002320
0.001960
0.001207
0.000430
0.000858
0.000483
0.000969
0.000281
0.000389
0.000210
0.000013
0.000161
0.000297
0.000237
0.000300
0.000079
0.000054
0.000168
0.000033
0.000010
0.000006
0.000007
0.000027
0.000241
0.000007
0.000018
0.000211
0.000002
0.000002
0.000000
0.000001
0.000000
0.000000
0.000003
0.000000
0.000000
0.000008
0.000000
0.000005
0.000009
0.000000
0.000000
0.000000
0.000000
0.000000
0.000000
0.000000
0.000000
0.000000
0.000000
0.000000
0.000000
0.000000
0.000000
0.000000
0.000000
0.000000
0.000000
0.000000
0.000000
0.000000
0.000000
0.000000
0.000000
0.000000
0.000000
0.000000
0.000000
0.000000
0.000000
0.000000
0.000000
0.000000
0.000000
0.000000
0.000000
0.000000
0.000000
0.000000
0.000000
0.000000
0.000000
0.000000
0.000000
0.000000
0.000000
0.000000
0.000000
0.000000
0.000000
0.000000
0.000000
0.000000
0.000000
0.000000
0.000000
0.000000
0.000000
0.000000
0.000000
0.000000
0.000000
0.000000
0.000000
0.000000
0.000000
0.000000
0.000000
0.000000
0.000000
0.000000
0.000000
0.000000
0.000000
0.000000
0.000000
0.000000
0.000000
0.000000
0.000000
0.000000
0.000000
0.000000
0.000000
0.000000
0.000000
0.000000
0.000000
0.000000
0.000000
0.000000
0.000000
0.000000
0.000000
0.000000
0.000000
0.000000
0.000000
0.000000
0.000000
0.000000
0.000000
0.000000
0.000000
0.000000
0.000000
0.000000
0.000000
0.000000
0.000000
0.000000
0.000000
0.000000
0.000000
0.000000
0.000000
