69.640700
46.403800
860.590000
184.980000
79.471000
36.594000
22.795000
15.296000
9.871300
7.278600
4.740000
3.677600
2.640400
1.688800
1.308500
0.986380
0.602720
0.568160
0.398690
0.301960
0.239400
0.130630
0.130230
0.112970
0.081762
0.064903
0.049097
0.029798
0.032037
0.018021
0.013911
0.007592
0.006981
0.005776
0.010286
0.005078
0.004958
0.002715
0.002785
0.001844
0.000694
0.002175
0.001398
0.000569
0.000217
0.000848
0.000227
0.000133
0.000352
0.000131
0.000119
0.000032
0.000009
0.000010
0.000069
0.000008
0.000013
0.000018
0.000010
0.000012
0.000016
0.000003
0.000004
0.000001
0.000043
0.000000
0.000000
0.000000
0.000000
0.000000
0.000000
0.000000
0.000000
0.000000
0.000000
0.000000
0.000000
0.000000
0.000000
0.000000
0.000000
0.000000
0.000000
0.000000
0.000000
0.000000
0.000000
0.000000
0.000000
0.000000
0.000000
0.000000
0.000000
0.000000
0.000000
0.000000
0.000000
0.000000
0.000000
0.000000
0.000000
0.000000
0.000000
0.000000
0.000000
0.000000
0.000000
0.000000
0.000000
0.000000
0.000000
0.000000
0.000000
0.000000
0.000000
0.000000
0.000000
0.000000
0.000000
0.000000
0.000000
0.000000
0.000000
0.000000
0.000000
0.000000
0.000000
0.000000
0.000000
0.000000
0.000000
0.000000
0.000000
0.000000
0.000000
0.000000
0.000000
0.000000
0.000000
0.000000
0.000000
0.000000
0.000000
0.000000
0.000000
0.000000
0.000000
0.000000
0.000000
0.000000
0.000000
0.000000
0.000000
0.000000
0.000000
0.000000
0.000000
0.000000
0.000000
0.000000
0.000000
0.000000
0.000000
0.000000
0.000000
0.000000
0.000000
0.000000
0.000000
0.000000
0.000000
0.000000
0.000000
0.000000
0.000000
0.000000
0.000000
0.000000
0.000000
0.000000
0.000000
0.000000
0.000000
0.000000
0.000000
0.000000
0.000000
0.000000
0.000000
0.000000
0.000000
0.000000
0.000000
0.000000
0.000000
0.000000
0.000000
0.000000
0.000000
0.000000
0.000000
0.000000
