68.696100
18.489700
851.750000
181.680000
75.082000
42.664000
23.895000
16.233000
12.817000
8.365600
6.774400
4.483800
3.850900
3.045100
2.504100
1.790100
1.472100
1.243500
0.883910
0.748820
0.638680
0.495810
0.426640
0.429090
0.291990
0.248670
0.195390
0.196780
0.154850
0.125310
0.110090
0.082794
0.071655
0.053076
0.053008
0.073001
0.035858
0.030835
0.025649
0.022070
0.020042
0.013898
0.017746
0.005896
0.013329
0.007902
0.007181
0.006392
0.013815
0.005172
0.003229
0.002507
0.000986
0.002065
0.001220
0.001223
0.000494
0.001113
0.000677
0.000849
0.000391
0.000918
0.000390
0.000050
0.000049
0.000388
0.000073
0.000039
0.000636
0.000238
0.000018
0.000034
0.000015
0.000058
0.000042
0.000000
0.000040
0.000022
0.000010
0.000011
0.000011
0.000000
0.000029
0.000000
0.000008
0.000003
0.000000
0.000014
0.000002
0.000000
0.000000
0.000011
0.000000
0.000000
0.000002
0.000000
0.000000
0.000000
0.000000
0.000000
0.000000
0.000000
0.000000
0.000000
0.000000
0.000000
0.000000
0.000000
0.000004
0.000000
0.000000
0.000000
0.000000
0.000000
0.000000
0.000000
0.000000
0.000000
0.000000
0.000000
0.000000
0.000000
0.000000
0.000000
0.000000
0.000000
0.000000
0.000000
0.000000
0.000000
0.000000
0.000000
0.000000
0.000000
0.000000
0.000000
0.000000
0.000000
0.000000
0.000000
0.000000
0.000000
0.000000
0.000000
0.000000
0.000000
0.000000
0.000000
0.000000
0.000000
0.000000
0.000000
0.000000
0.000000
0.000000
0.000000
0.000000
0.000000
0.000000
0.000000
0.000000
0.000000
0.000000
0.000000
0.000000
0.000000
0.000000
0.000000
0.000000
0.000000
0.000000
0.000000
0.000000
0.000000
0.000000
0.000000
0.000000
0.000000
0.000000
0.000000
0.000000
0.000000
0.000000
0.000000
0.000000
0.000000
0.000000
0.000000
0.000000
0.000000
0.000000
0.000000
0.000000
0.000000
0.000000
0.000000
0.000000
0.000000
0.000000
0.000000
0.000000
0.000000
