50.525400
33.151200
952.620000
195.610000
93.275000
57.786000
34.418000
24.489000
17.713000
12.337000
8.123600
6.929400
5.059800
3.545400
3.128300
2.443600
1.845200
1.337300
1.034100
0.845700
0.736550
0.607890
0.425930
0.374120
0.261220
0.231630
0.165510
0.148340
0.097986
0.087508
0.056811
0.049975
0.043844
0.025969
0.024394
0.023357
0.020453
0.022310
0.013304
0.008694
0.010627
0.007800
0.006305
0.004237
0.004224
0.001727
0.002444
0.001548
0.001024
0.000881
0.000944
0.001107
0.001136
0.000380
0.000298
0.000324
0.000326
0.000238
0.000242
0.000172
0.000131
0.000050
0.000070
0.000069
0.000206
0.000038
0.000056
0.000009
0.000029
0.000001
0.000019
0.000035
0.000002
0.000003
0.000008
0.000001
0.000002
0.000000
0.000000
0.000000
0.000000
0.000004
0.000000
0.000001
0.000000
0.000000
0.000000
0.000000
0.000000
0.000000
0.000000
0.000000
0.000000
0.000000
0.000000
0.000000
0.000000
0.000000
0.000000
0.000000
0.000000
0.000000
0.000000
0.000000
0.000000
0.000000
0.000000
0.000000
0.000000
0.000000
0.000000
0.000000
0.000000
0.000000
0.000000
0.000000
0.000000
0.000000
0.000000
0.000000
0.000000
0.000000
0.000000
0.000000
0.000000
0.000000
0.000000
0.000000
0.000000
0.000000
0.000000
0.000000
0.000000
0.000000
0.000000
0.000000
0.000000
0.000000
0.000000
0.000000
0.000000
0.000000
0.000000
0.000000
0.000000
0.000000
0.000000
0.000000
0.000000
0.000000
0.000000
0.000000
0.000000
0.000000
0.000000
0.000000
0.000000
0.000000
0.000000
0.000000
0.000000
0.000000
0.000000
0.000000
0.000000
0.000000
0.000000
0.000000
0.000000
0.000000
0.000000
0.000000
0.000000
0.000000
0.000000
0.000000
0.000000
0.000000
0.000000
0.000000
0.000000
0.000000
0.000000
0.000000
0.000000
0.000000
0.000000
0.000000
0.000000
0.000000
0.000000
0.000000
0.000000
0.000000
0.000000
0.000000
0.000000
0.000000
0.000000
0.000000
0.000000
0.000000
