45.443100
43.049000
979.340000
214.690000
100.360000
63.896000
39.681000
25.506000
18.573000
12.948000
9.624000
7.095500
5.024000
3.788300
3.218900
2.304400
1.828200
1.526300
1.078300
0.815740
0.642240
0.498820
0.448870
0.369800
0.199690
0.166550
0.159810
0.111120
0.091551
0.064467
0.058939
0.038044
0.034156
0.030519
0.020787
0.026803
0.010199
0.006100
0.008381
0.006691
0.003801
0.002690
0.002688
0.004626
0.001568
0.001549
0.001757
0.000678
0.001370
0.000372
0.000453
0.000434
0.000319
0.000311
0.000127
0.000153
0.000056
0.000144
0.000034
0.000006
0.000086
0.000007
0.000028
0.000003
0.000026
0.000008
0.000001
0.000008
0.000006
0.000014
0.000001
0.000002
0.000000
0.000000
0.000000
0.000000
0.000001
0.000005
0.000000
0.000000
0.000000
0.000000
0.000000
0.000000
0.000000
0.000000
0.000000
0.000000
0.000000
0.000000
0.000000
0.000000
0.000000
0.000000
0.000000
0.000000
0.000000
0.000000
0.000000
0.000000
0.000000
0.000001
0.000000
0.000000
0.000000
0.000000
0.000000
0.000000
0.000000
0.000000
0.000000
0.000000
0.000000
0.000000
0.000000
0.000000
0.000000
0.000000
0.000000
0.000000
0.000000
0.000000
0.000000
0.000000
0.000000
0.000000
0.000000
0.000000
0.000000
0.000000
0.000000
0.000000
0.000000
0.000000
0.000000
0.000000
0.000000
0.000000
0.000000
0.000000
0.000000
0.000000
0.000000
0.000000
0.000000
0.000000
0.000000
0.000000
0.000000
0.000000
0.000000
0.000000
0.000000
0.000000
0.000000
0.000000
0.000000
0.000000
0.000000
0.000000
0.000000
0.000000
0.000000
0.000000
0.000000
0.000000
0.000000
0.000000
0.000000
0.000000
0.000000
0.000000
0.000000
0.000000
0.000000
0.000000
0.000000
0.000000
0.000000
0.000000
0.000000
0.000000
0.000000
0.000000
0.000000
0.000000
0.000000
0.000000
0.000000
0.000000
0.000000
0.000000
0.000000
0.000000
0.000000
0.000000
0.000000
0.000000
0.000000
0.000000
0.000000
0.000000
