73.457000
49.256800
815.830000
167.870000
67.425000
38.627000
21.299000
12.746000
9.078800
6.300100
4.146900
2.848000
2.016500
1.521900
1.163800
0.821100
0.499780
0.400820
0.349580
0.246130
0.183910
0.140350
0.102150
0.081534
0.077001
0.042744
0.033586
0.025479
0.026127
0.018496
0.010172
0.005511
0.005965
0.003130
0.003802
0.002758
0.002643
0.002773
0.001097
0.002506
0.000407
0.000166
0.000452
0.000353
0.000403
0.000221
0.000101
0.000228
0.000398
0.000065
0.000028
0.000176
0.000084
0.000007
0.000015
0.000041
0.000003
0.000005
0.000002
0.000000
0.000040
0.000007
0.000004
0.000000
0.000000
0.000000
0.000002
0.000000
0.000000
0.000000
0.000000
0.000000
0.000000
0.000000
0.000000
0.000000
0.000000
0.000000
0.000000
0.000000
0.000000
0.000000
0.000000
0.000000
0.000000
0.000000
0.000000
0.000000
0.000000
0.000000
0.000000
0.000000
0.000000
0.000000
0.000000
0.000000
0.000000
0.000000
0.000000
0.000000
0.000000
0.000000
0.000000
0.000000
0.000000
0.000000
0.000000
0.000000
0.000000
0.000000
0.000000
0.000000
0.000000
0.000000
0.000000
0.000000
0.000000
0.000000
0.000000
0.000000
0.000000
0.000000
0.000000
0.000000
0.000000
0.000000
0.000000
0.000000
0.000000
0.000000
0.000000
0.000000
0.000000
0.000000
0.000000
0.000000
0.000000
0.000000
0.000000
0.000000
0.000000
0.000000
0.000000
0.000000
0.000000
0.000000
0.000000
0.000000
0.000000
0.000000
0.000000
0.000000
0.000000
0.000000
0.000000
0.000000
0.000000
0.000000
0.000000
0.000000
0.000000
0.000000
0.000000
0.000000
0.000000
0.000000
0.000000
0.000000
0.000000
0.000000
0.000000
0.000000
0.000000
0.000000
0.000000
0.000000
0.000000
0.000000
0.000000
0.000000
0.000000
0.000000
0.000000
0.000000
0.000000
0.000000
0.000000
0.000000
0.000000
0.000000
0.000000
0.000000
0.000000
0.000000
0.000000
0.000000
0.000000
0.000000
0.000000
0.000000
0.000000
0.000000
