51.974700
45.439000
939.630000
198.280000
91.856000
54.215000
34.376000
21.040000
15.300000
10.781000
8.058800
5.793200
4.147700
3.370900
2.438200
1.877000
1.132100
1.005900
0.670080
0.542860
0.474380
0.350320
0.217710
0.174030
0.164900
0.130160
0.101590
0.077231
0.049468
0.050847
0.041781
0.026150
0.019219
0.018812
0.022670
0.008933
0.013439
0.006099
0.003731
0.003649
0.003686
0.002442
0.001096
0.001707
0.001121
0.000971
0.000806
0.000269
0.000593
0.000127
0.000195
0.000179
0.000137
0.000068
0.000333
0.000021
0.000018
0.000015
0.000017
0.000034
0.000000
0.000005
0.000008
0.000028
0.000003
0.000008
0.000037
0.000014
0.000000
0.000000
0.000006
0.000005
0.000000
0.000002
0.000002
0.000000
0.000000
0.000006
0.000000
0.000000
0.000000
0.000000
0.000000
0.000000
0.000000
0.000000
0.000000
0.000000
0.000000
0.000000
0.000000
0.000000
0.000000
0.000000
0.000000
0.000000
0.000000
0.000000
0.000000
0.000000
0.000000
0.000000
0.000000
0.000000
0.000000
0.000000
0.000000
0.000000
0.000000
0.000000
0.000000
0.000000
0.000000
0.000000
0.000000
0.000000
0.000000
0.000000
0.000000
0.000000
0.000000
0.000000
0.000000
0.000000
0.000000
0.000000
0.000000
0.000000
0.000000
0.000000
0.000000
0.000000
0.000000
0.000000
0.000000
0.000000
0.000000
0.000000
0.000000
0.000000
0.000000
0.000000
0.000000
0.000000
0.000000
0.000000
0.000000
0.000000
0.000000
0.000000
0.000000
0.000000
0.000000
0.000000
0.000000
0.000000
0.000000
0.000000
0.000000
0.000000
0.000000
0.000000
0.000000
0.000000
0.000000
0.000000
0.000000
0.000000
0.000000
0.000000
0.000000
0.000000
0.000000
0.000000
0.000000
0.000000
0.000000
0.000000
0.000000
0.000000
0.000000
0.000000
0.000000
0.000000
0.000000
0.000000
0.000000
0.000000
0.000000
0.000000
0.000000
0.000000
0.000000
0.000000
0.000000
0.000000
0.000000
0.000000
0.000000
0.000000
0.000000
0.000000
