70.969700
19.501100
894.180000
173.770000
70.539000
37.829000
24.916000
16.950000
11.365000
7.902900
5.901900
4.395600
3.586900
2.194300
2.272600
1.661500
1.496500
1.140300
0.925140
0.656290
0.662100
0.431420
0.358710
0.309700
0.289090
0.214460
0.195440
0.164160
0.141320
0.105360
0.071980
0.082356
0.067370
0.057777
0.050219
0.034846
0.038700
0.027211
0.014827
0.015661
0.018685
0.011819
0.009638
0.006441
0.004987
0.006826
0.007639
0.006192
0.002686
0.001978
0.001463
0.004348
0.002567
0.000882
0.001118
0.000480
0.001032
0.000472
0.000044
0.001190
0.000342
0.001884
0.001146
0.000044
0.000152
0.000024
0.000113
0.000018
0.000138
0.000025
0.000050
0.000016
0.000020
0.000068
0.000023
0.000044
0.000027
0.000030
0.000007
0.000005
0.000034
0.000006
0.000002
0.000000
0.000004
0.000000
0.000003
0.000003
0.000000
0.000000
0.000000
0.000000
0.000000
0.000000
0.000000
0.000000
0.000000
0.000000
0.000000
0.000028
0.000000
0.000000
0.000000
0.000001
0.000000
0.000000
0.000000
0.000000
0.000000
0.000000
0.000000
0.000000
0.000000
0.000000
0.000000
0.000000
0.000000
0.000000
0.000000
0.000000
0.000000
0.000000
0.000000
0.000000
0.000000
0.000000
0.000000
0.000000
0.000000
0.000000
0.000000
0.000000
0.000000
0.000000
0.000000
0.000000
0.000000
0.000000
0.000000
0.000000
0.000000
0.000000
0.000000
0.000000
0.000000
0.000000
0.000000
0.000000
0.000000
0.000000
0.000000
0.000000
0.000000
0.000000
0.000000
0.000000
0.000000
0.000000
0.000000
0.000000
0.000000
0.000000
0.000000
0.000000
0.000000
0.000000
0.000000
0.000000
0.000000
0.000000
0.000000
0.000000
0.000000
0.000000
0.000000
0.000000
0.000000
0.000000
0.000000
0.000000
0.000000
0.000000
0.000000
0.000000
0.000000
0.000000
0.000000
0.000000
0.000000
0.000000
0.000000
0.000000
0.000000
0.000000
0.000000
0.000000
0.000000
0.000000
0.000000
0.000000
0.000000
0.000000
