56.031500
57.788500
905.950000
197.520000
82.171000
50.444000
31.857000
18.947000
13.539000
9.109000
6.789500
4.286500
3.476900
2.512800
1.724100
1.308000
0.957320
0.592080
0.521710
0.417440
0.237740
0.198100
0.206860
0.109060
0.083475
0.072174
0.052922
0.037213
0.032870
0.021248
0.022379
0.013342
0.010373
0.005391
0.006703
0.001394
0.002255
0.001963
0.002335
0.001084
0.001460
0.001209
0.000581
0.000646
0.000280
0.000416
0.000097
0.000053
0.000171
0.000029
0.000024
0.000065
0.000069
0.000025
0.000000
0.000070
0.000000
0.000005
0.000000
0.000000
0.000005
0.000001
0.000000
0.000009
0.000000
0.000000
0.000002
0.000000
0.000000
0.000000
0.000000
0.000000
0.000000
0.000009
0.000000
0.000000
0.000000
0.000000
0.000000
0.000000
0.000000
0.000000
0.000000
0.000000
0.000000
0.000000
0.000000
0.000000
0.000000
0.000000
0.000000
0.000000
0.000000
0.000000
0.000000
0.000000
0.000000
0.000000
0.000000
0.000000
0.000000
0.000000
0.000000
0.000000
0.000000
0.000000
0.000000
0.000000
0.000000
0.000000
0.000000
0.000000
0.000000
0.000000
0.000000
0.000000
0.000000
0.000000
0.000000
0.000000
0.000000
0.000000
0.000000
0.000000
0.000000
0.000000
0.000000
0.000000
0.000000
0.000000
0.000000
0.000000
0.000000
0.000000
0.000000
0.000000
0.000000
0.000000
0.000000
0.000000
0.000000
0.000000
0.000000
0.000000
0.000000
0.000000
0.000000
0.000000
0.000000
0.000000
0.000000
0.000000
0.000000
0.000000
0.000000
0.000000
0.000000
0.000000
0.000000
0.000000
0.000000
0.000000
0.000000
0.000000
0.000000
0.000000
0.000000
0.000000
0.000000
0.000000
0.000000
0.000000
0.000000
0.000000
0.000000
0.000000
0.000000
0.000000
0.000000
0.000000
0.000000
0.000000
0.000000
0.000000
0.000000
0.000000
0.000000
0.000000
0.000000
0.000000
0.000000
0.000000
0.000000
0.000000
0.000000
0.000000
0.000000
0.000000
0.000000
0.000000
0.000000
0.000000
