57.543600
23.271900
912.350000
195.300000
88.604000
49.937000
34.366000
20.918000
15.478000
10.834000
7.889900
6.190600
5.058700
3.727500
2.861900
2.233500
1.734400
1.430900
1.215400
1.027100
0.798250
0.704350
0.502900
0.347160
0.422560
0.291550
0.239250
0.175390
0.203640
0.124670
0.094906
0.106950
0.060131
0.061756
0.051071
0.042863
0.033706
0.043259
0.018602
0.015753
0.011090
0.015211
0.016510
0.007693
0.011184
0.004534
0.004326
0.006625
0.004604
0.002936
0.004463
0.003633
0.002129
0.001655
0.001744
0.000604
0.000508
0.000435
0.000972
0.000381
0.000161
0.000912
0.000549
0.000290
0.000167
0.000251
0.000142
0.000050
0.000050
0.000029
0.000170
0.000024
0.000003
0.000026
0.000031
0.000001
0.000020
0.000004
0.000000
0.000002
0.000000
0.000007
0.000000
0.000000
0.000007
0.000000
0.000007
0.000001
0.000011
0.000003
0.000000
0.000000
0.000000
0.000000
0.000001
0.000000
0.000006
0.000004
0.000000
0.000000
0.000003
0.000000
0.000000
0.000000
0.000000
0.000000
0.000000
0.000000
0.000000
0.000000
0.000000
0.000000
0.000000
0.000000
0.000000
0.000000
0.000000
0.000000
0.000000
0.000000
0.000000
0.000000
0.000000
0.000000
0.000000
0.000000
0.000000
0.000000
0.000000
0.000000
0.000000
0.000000
0.000000
0.000000
0.000000
0.000000
0.000000
0.000000
0.000000
0.000000
0.000000
0.000000
0.000000
0.000000
0.000000
0.000000
0.000000
0.000000
0.000000
0.000000
0.000000
0.000000
0.000000
0.000000
0.000000
0.000000
0.000000
0.000000
0.000000
0.000000
0.000000
0.000000
0.000000
0.000000
0.000000
0.000000
0.000000
0.000000
0.000000
0.000000
0.000000
0.000000
0.000000
0.000000
0.000000
0.000000
0.000000
0.000000
0.000000
0.000000
0.000000
0.000000
0.000000
0.000000
0.000000
0.000000
0.000000
0.000000
0.000000
0.000000
0.000000
0.000000
0.000000
0.000000
0.000000
0.000000
0.000000
0.000000
0.000000
0.000000
0.000000
0.000000
