52.232700
39.101300
1002.400000
211.460000
94.772000
54.380000
31.281000
23.755000
15.916000
10.973000
8.216000
5.642000
4.114500
3.644000
2.341800
1.879500
1.409100
1.171900
0.940210
0.703520
0.591130
0.448460
0.297380
0.227380
0.197500
0.152290
0.110040
0.085171
0.067980
0.060896
0.047022
0.041720
0.035313
0.031464
0.015158
0.015153
0.010309
0.007417
0.008177
0.004100
0.004195
0.005051
0.003030
0.001880
0.003652
0.001276
0.001605
0.000794
0.000867
0.000665
0.000218
0.000627
0.000536
0.000237
0.000149
0.000436
0.000074
0.000310
0.000024
0.000007
0.000130
0.000007
0.000023
0.000042
0.000000
0.000000
0.000014
0.000019
0.000004
0.000019
0.000000
0.000004
0.000001
0.000000
0.000000
0.000000
0.000000
0.000000
0.000003
0.000003
0.000000
0.000000
0.000000
0.000000
0.000000
0.000000
0.000000
0.000000
0.000000
0.000000
0.000000
0.000000
0.000000
0.000000
0.000000
0.000005
0.000000
0.000000
0.000000
0.000000
0.000000
0.000000
0.000000
0.000000
0.000000
0.000000
0.000000
0.000000
0.000000
0.000000
0.000000
0.000000
0.000000
0.000000
0.000000
0.000000
0.000000
0.000000
0.000000
0.000000
0.000000
0.000000
0.000000
0.000000
0.000000
0.000000
0.000000
0.000000
0.000000
0.000000
0.000000
0.000000
0.000000
0.000000
0.000000
0.000000
0.000000
0.000000
0.000000
0.000000
0.000000
0.000000
0.000000
0.000000
0.000000
0.000000
0.000000
0.000000
0.000000
0.000000
0.000000
0.000000
0.000000
0.000000
0.000000
0.000000
0.000000
0.000000
0.000000
0.000000
0.000000
0.000000
0.000000
0.000000
0.000000
0.000000
0.000000
0.000000
0.000000
0.000000
0.000000
0.000000
0.000000
0.000000
0.000000
0.000000
0.000000
0.000000
0.000000
0.000000
0.000000
0.000000
0.000000
0.000000
0.000000
0.000000
0.000000
0.000000
0.000000
0.000000
0.000000
0.000000
0.000000
0.000000
0.000000
0.000000
0.000000
0.000000
0.000000
0.000000
0.000000
0.000000
