76.164300
21.788400
848.800000
169.210000
64.914000
36.450000
21.533000
14.495000
10.539000
7.785100
4.992000
3.574600
2.945800
2.247100
1.576200
1.393100
1.132800
0.797320
0.619050
0.530200
0.373160
0.355890
0.244160
0.244270
0.216150
0.184570
0.107650
0.089352
0.074997
0.090934
0.060698
0.057093
0.039191
0.035034
0.031873
0.022900
0.020364
0.025101
0.010118
0.015756
0.007138
0.006186
0.004847
0.005255
0.004010
0.003120
0.002754
0.004422
0.001195
0.003989
0.002768
0.001298
0.000843
0.000210
0.001210
0.001698
0.000506
0.000337
0.000105
0.000189
0.000107
0.000162
0.000162
0.000163
0.000081
0.000109
0.000008
0.000011
0.000040
0.000020
0.000050
0.000035
0.000073
0.000022
0.000000
0.000003
0.000000
0.000216
0.000004
0.000003
0.000000
0.000000
0.000000
0.000000
0.000001
0.000000
0.000000
0.000000
0.000000
0.000000
0.000000
0.000006
0.000001
0.000000
0.000000
0.000000
0.000000
0.000000
0.000002
0.000000
0.000000
0.000000
0.000000
0.000000
0.000000
0.000000
0.000000
0.000000
0.000000
0.000000
0.000000
0.000000
0.000000
0.000000
0.000000
0.000000
0.000000
0.000000
0.000000
0.000000
0.000000
0.000000
0.000000
0.000000
0.000000
0.000000
0.000000
0.000000
0.000000
0.000000
0.000000
0.000000
0.000000
0.000000
0.000000
0.000000
0.000000
0.000000
0.000000
0.000000
0.000000
0.000000
0.000000
0.000000
0.000000
0.000000
0.000000
0.000000
0.000000
0.000000
0.000000
0.000000
0.000000
0.000000
0.000000
0.000000
0.000000
0.000000
0.000000
0.000000
0.000000
0.000000
0.000000
0.000000
0.000000
0.000000
0.000000
0.000000
0.000000
0.000000
0.000000
0.000000
0.000000
0.000000
0.000000
0.000000
0.000000
0.000000
0.000000
0.000000
0.000000
0.000000
0.000000
0.000000
0.000000
0.000000
0.000000
0.000000
0.000000
0.000000
0.000000
0.000000
0.000000
0.000000
0.000000
0.000000
0.000000
0.000000
0.000000
0.000000
0.000000
0.000000
