42.733400
56.595600
989.370000
220.440000
108.740000
59.769000
36.974000
28.576000
19.375000
13.598000
9.615900
6.659300
5.325600
4.048100
2.951900
2.088800
1.804900
1.178100
1.030600
0.705760
0.592720
0.411960
0.293470
0.220080
0.191370
0.153370
0.092207
0.060702
0.057312
0.056570
0.034848
0.029177
0.024948
0.013793
0.010986
0.013205
0.009000
0.005143
0.005643
0.001977
0.003499
0.001074
0.001028
0.000569
0.000653
0.001424
0.000739
0.002148
0.000466
0.000653
0.000153
0.000195
0.000078
0.000096
0.000072
0.000034
0.000006
0.000000
0.000093
0.000009
0.000007
0.000003
0.000000
0.000005
0.000000
0.000005
0.000008
0.000001
0.000000
0.000000
0.000008
0.000002
0.000000
0.000000
0.000000
0.000000
0.000000
0.000000
0.000000
0.000000
0.000000
0.000000
0.000001
0.000000
0.000000
0.000000
0.000000
0.000000
0.000000
0.000000
0.000000
0.000000
0.000000
0.000000
0.000000
0.000000
0.000000
0.000000
0.000000
0.000000
0.000000
0.000000
0.000000
0.000000
0.000000
0.000000
0.000000
0.000000
0.000000
0.000000
0.000000
0.000000
0.000000
0.000000
0.000000
0.000000
0.000000
0.000000
0.000000
0.000000
0.000000
0.000000
0.000000
0.000000
0.000000
0.000000
0.000000
0.000000
0.000000
0.000000
0.000000
0.000000
0.000000
0.000000
0.000000
0.000000
0.000000
0.000000
0.000000
0.000000
0.000000
0.000000
0.000000
0.000000
0.000000
0.000000
0.000000
0.000000
0.000000
0.000000
0.000000
0.000000
0.000000
0.000000
0.000000
0.000000
0.000000
0.000000
0.000000
0.000000
0.000000
0.000000
0.000000
0.000000
0.000000
0.000000
0.000000
0.000000
0.000000
0.000000
0.000000
0.000000
0.000000
0.000000
0.000000
0.000000
0.000000
0.000000
0.000000
0.000000
0.000000
0.000000
0.000000
0.000000
0.000000
0.000000
0.000000
0.000000
0.000000
0.000000
0.000000
0.000000
0.000000
0.000000
0.000000
0.000000
0.000000
0.000000
0.000000
0.000000
0.000000
0.000000
