84.529800
33.685500
804.640000
151.030000
59.297000
30.691000
19.548000
10.533000
7.520600
5.156400
3.207000
2.655800
1.822000
1.325200
1.113200
0.678170
0.594200
0.442360
0.321770
0.225320
0.188930
0.193730
0.103690
0.092872
0.069328
0.060335
0.060709
0.038818
0.032214
0.030789
0.019685
0.013599
0.019428
0.009602
0.003913
0.002516
0.005979
0.003530
0.001775
0.002168
0.003024
0.001982
0.000952
0.000599
0.000745
0.000423
0.001249
0.000354
0.000275
0.000152
0.000309
0.000179
0.000204
0.000076
0.000047
0.000061
0.000048
0.000063
0.000000
0.000005
0.000037
0.000006
0.000006
0.000014
0.000040
0.000205
0.000041
0.000002
0.000002
0.000000
0.000014
0.000000
0.000000
0.000000
0.000001
0.000002
0.000000
0.000000
0.000000
0.000000
0.000000
0.000000
0.000001
0.000000
0.000000
0.000000
0.000000
0.000000
0.000000
0.000000
0.000000
0.000000
0.000000
0.000000
0.000000
0.000000
0.000000
0.000000
0.000000
0.000000
0.000000
0.000000
0.000000
0.000000
0.000000
0.000000
0.000000
0.000000
0.000000
0.000000
0.000000
0.000000
0.000000
0.000000
0.000000
0.000000
0.000000
0.000000
0.000000
0.000000
0.000000
0.000000
0.000000
0.000000
0.000000
0.000000
0.000000
0.000000
0.000000
0.000000
0.000000
0.000000
0.000000
0.000000
0.000000
0.000000
0.000000
0.000000
0.000000
0.000000
0.000000
0.000000
0.000000
0.000000
0.000000
0.000000
0.000000
0.000000
0.000000
0.000000
0.000000
0.000000
0.000000
0.000000
0.000000
0.000000
0.000000
0.000000
0.000000
0.000000
0.000000
0.000000
0.000000
0.000000
0.000000
0.000000
0.000000
0.000000
0.000000
0.000000
0.000000
0.000000
0.000000
0.000000
0.000000
0.000000
0.000000
0.000000
0.000000
0.000000
0.000000
0.000000
0.000000
0.000000
0.000000
0.000000
0.000000
0.000000
0.000000
0.000000
0.000000
0.000000
0.000000
0.000000
0.000000
0.000000
0.000000
0.000000
0.000000
0.000000
0.000000
0.000000
