64.244000
51.390500
885.420000
185.540000
80.044000
43.589000
25.902000
17.853000
11.699000
8.490800
5.424500
3.714400
2.773400
2.236500
1.575500
1.111200
0.735580
0.634850
0.445550
0.330210
0.275980
0.190600
0.163700
0.103720
0.072513
0.071010
0.042990
0.027418
0.024153
0.017110
0.011954
0.009040
0.010255
0.006270
0.005749
0.003141
0.004494
0.002542
0.001382
0.001026
0.000814
0.001137
0.000294
0.000286
0.000343
0.000406
0.000125
0.000184
0.000096
0.000024
0.000113
0.000025
0.000059
0.000020
0.000018
0.000036
0.000017
0.000029
0.000009
0.000003
0.000003
0.000010
0.000000
0.000000
0.000000
0.000003
0.000002
0.000000
0.000002
0.000000
0.000000
0.000000
0.000000
0.000000
0.000000
0.000000
0.000000
0.000000
0.000003
0.000000
0.000000
0.000000
0.000000
0.000000
0.000000
0.000000
0.000000
0.000000
0.000000
0.000000
0.000000
0.000000
0.000000
0.000000
0.000000
0.000000
0.000000
0.000000
0.000000
0.000000
0.000000
0.000000
0.000000
0.000000
0.000000
0.000000
0.000000
0.000000
0.000000
0.000000
0.000000
0.000000
0.000000
0.000000
0.000000
0.000000
0.000000
0.000000
0.000000
0.000000
0.000000
0.000000
0.000000
0.000000
0.000000
0.000000
0.000000
0.000000
0.000000
0.000000
0.000000
0.000000
0.000000
0.000000
0.000000
0.000000
0.000000
0.000000
0.000000
0.000000
0.000000
0.000000
0.000000
0.000000
0.000000
0.000000
0.000000
0.000000
0.000000
0.000000
0.000000
0.000000
0.000000
0.000000
0.000000
0.000000
0.000000
0.000000
0.000000
0.000000
0.000000
0.000000
0.000000
0.000000
0.000000
0.000000
0.000000
0.000000
0.000000
0.000000
0.000000
0.000000
0.000000
0.000000
0.000000
0.000000
0.000000
0.000000
0.000000
0.000000
0.000000
0.000000
0.000000
0.000000
0.000000
0.000000
0.000000
0.000000
0.000000
0.000000
0.000000
0.000000
0.000000
0.000000
0.000000
0.000000
0.000000
0.000000
0.000000
0.000000
0.000000
0.000000
