72.587200
17.721600
837.410000
165.500000
75.484000
40.178000
25.113000
15.978000
10.377000
8.487400
5.897500
4.439700
3.171900
2.382500
1.932500
1.733900
1.326100
1.061900
0.887940
0.773710
0.582970
0.520180
0.410050
0.382810
0.286210
0.239080
0.197620
0.143490
0.105850
0.120200
0.077489
0.077778
0.069958
0.046054
0.047569
0.046612
0.028673
0.020394
0.024415
0.018554
0.022854
0.009463
0.015133
0.011037
0.004799
0.008105
0.005445
0.006013
0.002976
0.001633
0.005590
0.002909
0.002106
0.002780
0.000575
0.000992
0.001182
0.001476
0.001499
0.001297
0.001070
0.000122
0.000546
0.000135
0.000148
0.000426
0.000100
0.000584
0.000210
0.000063
0.000140
0.000159
0.000045
0.000036
0.000024
0.000019
0.000239
0.000003
0.000014
0.000002
0.000019
0.000003
0.000018
0.000014
0.000007
0.000010
0.000033
0.000000
0.000000
0.000024
0.000000
0.000015
0.000000
0.000000
0.000000
0.000000
0.000000
0.000000
0.000000
0.000000
0.000000
0.000000
0.000000
0.000003
0.000000
0.000000
0.000000
0.000000
0.000000
0.000000
0.000000
0.000008
0.000000
0.000000
0.000000
0.000000
0.000000
0.000000
0.000000
0.000000
0.000000
0.000000
0.000000
0.000000
0.000000
0.000000
0.000000
0.000000
0.000000
0.000000
0.000000
0.000000
0.000000
0.000000
0.000000
0.000000
0.000000
0.000000
0.000000
0.000000
0.000000
0.000000
0.000000
0.000000
0.000000
0.000000
0.000000
0.000000
0.000000
0.000000
0.000000
0.000000
0.000000
0.000000
0.000000
0.000000
0.000000
0.000000
0.000000
0.000000
0.000000
0.000000
0.000000
0.000000
0.000000
0.000000
0.000000
0.000000
0.000000
0.000000
0.000000
0.000000
0.000000
0.000000
0.000000
0.000000
0.000000
0.000000
0.000000
0.000000
0.000000
0.000000
0.000000
0.000000
0.000000
0.000000
0.000000
0.000000
0.000000
0.000000
0.000000
0.000000
0.000000
0.000000
0.000000
0.000000
0.000000
0.000000
0.000000
0.000000
0.000000
0.000000
