54.411200
34.955200
953.860000
209.800000
87.052000
49.560000
32.101000
21.681000
15.261000
11.619000
7.880900
5.630900
4.583000
3.710500
2.430700
1.902500
1.349500
1.124200
0.910060
0.713750
0.574400
0.389800
0.371250
0.228920
0.202440
0.186410
0.139950
0.120420
0.074106
0.066196
0.051268
0.033533
0.055351
0.030476
0.025973
0.018117
0.011016
0.010847
0.010889
0.007850
0.004572
0.005322
0.006584
0.002295
0.002010
0.001656
0.000962
0.001550
0.001163
0.000435
0.000832
0.000989
0.000685
0.000747
0.000555
0.000203
0.000167
0.000150
0.000314
0.000263
0.000101
0.000018
0.000045
0.000032
0.000017
0.000005
0.000037
0.000008
0.000012
0.000017
0.000002
0.000023
0.000000
0.000001
0.000009
0.000003
0.000000
0.000000
0.000000
0.000000
0.000000
0.000007
0.000000
0.000000
0.000000
0.000000
0.000000
0.000000
0.000000
0.000000
0.000002
0.000000
0.000000
0.000000
0.000000
0.000000
0.000000
0.000000
0.000000
0.000000
0.000000
0.000000
0.000016
0.000000
0.000000
0.000000
0.000000
0.000000
0.000000
0.000000
0.000000
0.000000
0.000000
0.000000
0.000000
0.000000
0.000000
0.000000
0.000000
0.000000
0.000000
0.000000
0.000000
0.000000
0.000000
0.000000
0.000000
0.000000
0.000000
0.000000
0.000000
0.000000
0.000000
0.000000
0.000000
0.000000
0.000000
0.000000
0.000000
0.000000
0.000000
0.000000
0.000000
0.000000
0.000000
0.000000
0.000000
0.000000
0.000000
0.000000
0.000000
0.000000
0.000000
0.000000
0.000000
0.000000
0.000000
0.000000
0.000000
0.000000
0.000000
0.000000
0.000000
0.000000
0.000000
0.000000
0.000000
0.000000
0.000000
0.000000
0.000000
0.000000
0.000000
0.000000
0.000000
0.000000
0.000000
0.000000
0.000000
0.000000
0.000000
0.000000
0.000000
0.000000
0.000000
0.000000
0.000000
0.000000
0.000000
0.000000
0.000000
0.000000
0.000000
0.000000
0.000000
0.000000
0.000000
0.000000
0.000000
0.000000
0.000000
0.000000
