48.393600
45.441300
1009.200000
225.000000
101.140000
56.911000
35.207000
23.657000
16.755000
11.488000
8.720100
6.249100
4.900200
3.503900
2.546300
1.871900
1.553300
1.171800
0.823760
0.637490
0.621720
0.345460
0.312470
0.266630
0.199970
0.157920
0.106810
0.074277
0.080314
0.063557
0.048910
0.049788
0.029373
0.020891
0.018411
0.013048
0.010700
0.005673
0.007231
0.005107
0.003700
0.003087
0.003323
0.001650
0.001004
0.000889
0.000750
0.001107
0.001742
0.001120
0.000346
0.000474
0.000107
0.000184
0.000131
0.000108
0.000060
0.000245
0.000068
0.000021
0.000042
0.000024
0.000021
0.000012
0.000000
0.000017
0.000013
0.000000
0.000000
0.000056
0.000005
0.000000
0.000000
0.000000
0.000000
0.000003
0.000000
0.000000
0.000000
0.000005
0.000000
0.000000
0.000003
0.000000
0.000000
0.000000
0.000000
0.000000
0.000000
0.000000
0.000000
0.000000
0.000000
0.000000
0.000000
0.000000
0.000000
0.000000
0.000000
0.000000
0.000000
0.000000
0.000000
0.000000
0.000000
0.000000
0.000000
0.000000
0.000000
0.000000
0.000000
0.000000
0.000000
0.000000
0.000000
0.000000
0.000000
0.000000
0.000000
0.000000
0.000000
0.000000
0.000000
0.000000
0.000000
0.000000
0.000000
0.000000
0.000000
0.000000
0.000000
0.000000
0.000000
0.000000
0.000000
0.000000
0.000000
0.000000
0.000000
0.000000
0.000000
0.000000
0.000000
0.000000
0.000000
0.000000
0.000000
0.000000
0.000000
0.000000
0.000000
0.000000
0.000000
0.000000
0.000000
0.000000
0.000000
0.000000
0.000000
0.000000
0.000000
0.000000
0.000000
0.000000
0.000000
0.000000
0.000000
0.000000
0.000000
0.000000
0.000000
0.000000
0.000000
0.000000
0.000000
0.000000
0.000000
0.000000
0.000000
0.000000
0.000000
0.000000
0.000000
0.000000
0.000000
0.000000
0.000000
0.000000
0.000000
0.000000
0.000000
0.000000
0.000000
0.000000
0.000000
0.000000
0.000000
0.000000
0.000000
0.000000
0.000000
0.000000
