79.002600
12.253900
833.990000
159.880000
72.186000
38.809000
24.294000
15.185000
10.065000
6.724400
5.523600
4.107000
3.285600
2.305700
2.140900
1.731400
1.366200
1.098500
1.028500
0.879300
0.728570
0.611980
0.564170
0.348010
0.341140
0.275860
0.226710
0.162180
0.226180
0.141600
0.132020
0.127040
0.094096
0.107420
0.066307
0.071324
0.054297
0.045681
0.036127
0.027506
0.030414
0.015158
0.025616
0.023901
0.022042
0.008264
0.006011
0.013168
0.009116
0.009979
0.005367
0.004664
0.003213
0.001392
0.004103
0.001646
0.001589
0.003003
0.001586
0.002742
0.002989
0.001347
0.001433
0.000917
0.000204
0.000277
0.000382
0.001463
0.000072
0.000392
0.000002
0.000071
0.000839
0.000153
0.000177
0.000302
0.000028
0.000138
0.000001
0.000000
0.000013
0.000064
0.000128
0.000007
0.000026
0.000009
0.000008
0.000001
0.000000
0.000309
0.000034
0.000016
0.000106
0.000000
0.000000
0.000000
0.000000
0.000000
0.000000
0.000043
0.000000
0.000000
0.000000
0.000000
0.000011
0.000000
0.000001
0.000000
0.000000
0.000000
0.000000
0.000000
0.000000
0.000000
0.000000
0.000000
0.000000
0.000000
0.000000
0.000004
0.000000
0.000000
0.000000
0.000000
0.000000
0.000000
0.000000
0.000000
0.000000
0.000000
0.000000
0.000000
0.000000
0.000000
0.000000
0.000000
0.000000
0.000000
0.000000
0.000000
0.000000
0.000000
0.000000
0.000000
0.000000
0.000000
0.000000
0.000000
0.000000
0.000000
0.000000
0.000000
0.000000
0.000000
0.000000
0.000000
0.000000
0.000000
0.000000
0.000000
0.000000
0.000000
0.000000
0.000000
0.000000
0.000000
0.000000
0.000000
0.000000
0.000000
0.000000
0.000000
0.000000
0.000000
0.000000
0.000000
0.000000
0.000000
0.000000
0.000000
0.000000
0.000000
0.000000
0.000000
0.000000
0.000000
0.000000
0.000000
0.000000
0.000000
0.000000
0.000000
0.000000
0.000000
0.000000
0.000000
0.000000
0.000000
0.000000
0.000000
0.000000
0.000000
