57.520100
57.278700
942.740000
191.210000
90.773000
47.305000
29.021000
19.280000
12.319000
9.479000
6.305800
4.530900
3.527500
2.417300
1.738300
1.262400
0.794190
0.620570
0.487770
0.357180
0.278900
0.203660
0.164280
0.113110
0.097008
0.059491
0.064459
0.039334
0.032805
0.021624
0.016004
0.010722
0.008940
0.005770
0.004027
0.003604
0.004523
0.001502
0.002636
0.002142
0.001063
0.000498
0.000529
0.001187
0.000301
0.000160
0.000073
0.000048
0.000067
0.000085
0.000054
0.000015
0.000045
0.000013
0.000006
0.000004
0.000057
0.000004
0.000002
0.000000
0.000000
0.000013
0.000000
0.000000
0.000000
0.000000
0.000003
0.000002
0.000000
0.000000
0.000000
0.000000
0.000000
0.000000
0.000000
0.000000
0.000000
0.000000
0.000000
0.000000
0.000000
0.000000
0.000000
0.000000
0.000000
0.000000
0.000000
0.000000
0.000000
0.000000
0.000000
0.000000
0.000000
0.000000
0.000000
0.000000
0.000000
0.000000
0.000000
0.000000
0.000000
0.000000
0.000000
0.000000
0.000000
0.000000
0.000000
0.000000
0.000000
0.000000
0.000000
0.000000
0.000000
0.000000
0.000000
0.000000
0.000000
0.000000
0.000000
0.000000
0.000000
0.000000
0.000000
0.000000
0.000000
0.000000
0.000000
0.000000
0.000000
0.000000
0.000000
0.000000
0.000000
0.000000
0.000000
0.000000
0.000000
0.000000
0.000000
0.000000
0.000000
0.000000
0.000000
0.000000
0.000000
0.000000
0.000000
0.000000
0.000000
0.000000
0.000000
0.000000
0.000000
0.000000
0.000000
0.000000
0.000000
0.000000
0.000000
0.000000
0.000000
0.000000
0.000000
0.000000
0.000000
0.000000
0.000000
0.000000
0.000000
0.000000
0.000000
0.000000
0.000000
0.000000
0.000000
0.000000
0.000000
0.000000
0.000000
0.000000
0.000000
0.000000
0.000000
0.000000
0.000000
0.000000
0.000000
0.000000
0.000000
0.000000
0.000000
0.000000
0.000000
0.000000
0.000000
0.000000
0.000000
0.000000
0.000000
0.000000
0.000000
0.000000
