44.504900
10.138200
1018.500000
245.530000
105.310000
65.696000
42.099000
34.195000
26.113000
19.318000
13.579000
11.887000
10.108000
7.162300
6.292500
5.097000
4.921000
3.716100
3.150200
2.680200
2.013400
1.746500
1.746600
1.381300
1.037200
1.023200
0.810310
0.754750
0.635890
0.589650
0.484940
0.446590
0.362820
0.284520
0.259670
0.183410
0.180780
0.166660
0.159280
0.134610
0.118940
0.081660
0.104730
0.052536
0.071668
0.073518
0.029168
0.041880
0.040801
0.031323
0.016610
0.018021
0.022549
0.013536
0.017420
0.009837
0.014434
0.008571
0.011408
0.005105
0.004180
0.006935
0.010522
0.000909
0.002541
0.004409
0.002123
0.001938
0.001313
0.000360
0.003647
0.001191
0.000501
0.000196
0.000154
0.000286
0.002327
0.001126
0.000046
0.000391
0.000025
0.000057
0.000799
0.000000
0.000288
0.000087
0.000009
0.000011
0.000176
0.000123
0.000029
0.000100
0.000055
0.000000
0.000004
0.000001
0.000000
0.000000
0.000003
0.000000
0.000207
0.000008
0.000000
0.000004
0.000000
0.000002
0.000004
0.000001
0.000057
0.000000
0.000000
0.000000
0.000000
0.000001
0.000000
0.000004
0.000000
0.000000
0.000000
0.000000
0.000000
0.000000
0.000000
0.000000
0.000000
0.000000
0.000000
0.000000
0.000000
0.000002
0.000000
0.000000
0.000000
0.000000
0.000000
0.000000
0.000000
0.000000
0.000000
0.000000
0.000000
0.000000
0.000000
0.000000
0.000000
0.000000
0.000000
0.000000
0.000000
0.000000
0.000000
0.000000
0.000000
0.000000
0.000000
0.000000
0.000000
0.000000
0.000000
0.000000
0.000000
0.000000
0.000000
0.000000
0.000000
0.000000
0.000000
0.000000
0.000000
0.000000
0.000000
0.000000
0.000000
0.000000
0.000000
0.000000
0.000000
0.000000
0.000000
0.000000
0.000000
0.000000
0.000000
0.000000
0.000000
0.000000
0.000000
0.000000
0.000000
0.000000
0.000000
0.000000
0.000000
0.000000
0.000000
0.000000
0.000000
0.000000
0.000000
0.000000
0.000000
0.000000
