65.333300
42.816800
885.160000
173.180000
83.297000
43.379000
25.974000
16.688000
11.298000
7.942100
5.936900
3.644200
2.784700
1.971300
1.601200
1.218900
0.892460
0.653420
0.497090
0.401970
0.271640
0.222950
0.158650
0.120770
0.104630
0.094645
0.049995
0.056122
0.044596
0.028540
0.027514
0.013173
0.014990
0.010849
0.007744
0.004866
0.004909
0.002430
0.004063
0.002219
0.002840
0.001569
0.000678
0.000920
0.001801
0.001405
0.000262
0.000440
0.000814
0.000150
0.000103
0.000266
0.000088
0.000079
0.000146
0.000013
0.000041
0.000082
0.000082
0.000068
0.000013
0.000000
0.000011
0.000061
0.000000
0.000015
0.000006
0.000000
0.000000
0.000000
0.000000
0.000000
0.000002
0.000000
0.000000
0.000000
0.000000
0.000000
0.000000
0.000000
0.000001
0.000000
0.000000
0.000000
0.000000
0.000000
0.000000
0.000000
0.000000
0.000000
0.000000
0.000000
0.000000
0.000000
0.000000
0.000000
0.000000
0.000000
0.000000
0.000000
0.000000
0.000000
0.000000
0.000000
0.000000
0.000000
0.000000
0.000000
0.000000
0.000000
0.000000
0.000000
0.000000
0.000000
0.000000
0.000000
0.000000
0.000000
0.000000
0.000000
0.000000
0.000000
0.000000
0.000000
0.000000
0.000000
0.000000
0.000000
0.000000
0.000000
0.000000
0.000000
0.000000
0.000000
0.000000
0.000000
0.000000
0.000000
0.000000
0.000000
0.000000
0.000000
0.000000
0.000000
0.000000
0.000000
0.000000
0.000000
0.000000
0.000000
0.000000
0.000000
0.000000
0.000000
0.000000
0.000000
0.000000
0.000000
0.000000
0.000000
0.000000
0.000000
0.000000
0.000000
0.000000
0.000000
0.000000
0.000000
0.000000
0.000000
0.000000
0.000000
0.000000
0.000000
0.000000
0.000000
0.000000
0.000000
0.000000
0.000000
0.000000
0.000000
0.000000
0.000000
0.000000
0.000000
0.000000
0.000000
0.000000
0.000000
0.000000
0.000000
0.000000
0.000000
0.000000
0.000000
0.000000
0.000000
0.000000
0.000000
0.000000
0.000000
