71.599300
22.140000
837.590000
170.370000
70.347000
41.531000
26.652000
16.155000
11.115000
7.301000
5.878200
4.171200
3.491000
2.402200
1.882500
1.353400
1.200300
0.816810
0.785830
0.558680
0.435890
0.433390
0.351380
0.258810
0.232710
0.173560
0.149660
0.127860
0.091745
0.076479
0.083512
0.064573
0.038687
0.047435
0.028552
0.026796
0.026647
0.023226
0.018750
0.011593
0.008379
0.009006
0.006088
0.009157
0.004276
0.003595
0.003633
0.002307
0.002255
0.003174
0.001774
0.001106
0.001588
0.000940
0.001351
0.000571
0.001026
0.000256
0.000374
0.000319
0.001001
0.000885
0.000458
0.000133
0.000071
0.000257
0.000008
0.000063
0.000227
0.000099
0.000028
0.000043
0.000182
0.000000
0.000006
0.000000
0.000044
0.000000
0.000000
0.000001
0.000020
0.000000
0.000003
0.000000
0.000000
0.000000
0.000000
0.000005
0.000037
0.000000
0.000000
0.000000
0.000000
0.000006
0.000000
0.000000
0.000000
0.000000
0.000000
0.000000
0.000000
0.000000
0.000000
0.000000
0.000000
0.000000
0.000000
0.000000
0.000000
0.000000
0.000000
0.000000
0.000000
0.000000
0.000000
0.000000
0.000000
0.000000
0.000000
0.000000
0.000000
0.000000
0.000000
0.000000
0.000000
0.000000
0.000000
0.000000
0.000000
0.000000
0.000000
0.000000
0.000000
0.000000
0.000000
0.000000
0.000000
0.000000
0.000000
0.000000
0.000000
0.000000
0.000000
0.000000
0.000000
0.000000
0.000000
0.000000
0.000000
0.000000
0.000000
0.000000
0.000000
0.000000
0.000000
0.000000
0.000000
0.000000
0.000000
0.000000
0.000000
0.000000
0.000000
0.000000
0.000000
0.000000
0.000000
0.000000
0.000000
0.000000
0.000000
0.000000
0.000000
0.000000
0.000000
0.000000
0.000000
0.000000
0.000000
0.000000
0.000000
0.000000
0.000000
0.000000
0.000000
0.000000
0.000000
0.000000
0.000000
0.000000
0.000000
0.000000
0.000000
0.000000
0.000000
0.000000
0.000000
0.000000
0.000000
0.000000
0.000000
0.000000
