64.119800
19.204500
899.890000
182.800000
88.412000
46.194000
29.511000
19.861000
12.824000
10.322000
6.786300
5.417900
4.435900
3.410100
2.621800
2.174800
1.934300
1.299000
1.144500
0.952620
0.747810
0.578700
0.535440
0.408710
0.340580
0.278460
0.243080
0.170310
0.154530
0.134030
0.095999
0.131120
0.064995
0.067041
0.046953
0.035128
0.037702
0.032425
0.024453
0.022503
0.033492
0.014724
0.017037
0.014115
0.011455
0.006400
0.008012
0.008238
0.007747
0.002462
0.003526
0.001840
0.001630
0.001399
0.001142
0.000373
0.001395
0.001235
0.000268
0.000479
0.000278
0.001156
0.000416
0.000375
0.000029
0.000333
0.000064
0.001015
0.000141
0.000025
0.000164
0.000007
0.000147
0.000066
0.000327
0.000079
0.000068
0.000041
0.000008
0.000025
0.000000
0.000000
0.000008
0.000003
0.000004
0.000000
0.000004
0.000000
0.000001
0.000000
0.000000
0.000002
0.000005
0.000000
0.000000
0.000000
0.000000
0.000000
0.000001
0.000022
0.000000
0.000000
0.000000
0.000001
0.000000
0.000000
0.000000
0.000000
0.000000
0.000001
0.000000
0.000000
0.000000
0.000000
0.000000
0.000000
0.000000
0.000000
0.000000
0.000000
0.000000
0.000000
0.000000
0.000000
0.000000
0.000000
0.000000
0.000000
0.000000
0.000000
0.000000
0.000000
0.000000
0.000000
0.000000
0.000000
0.000000
0.000000
0.000000
0.000000
0.000000
0.000000
0.000000
0.000000
0.000000
0.000000
0.000000
0.000000
0.000000
0.000000
0.000000
0.000000
0.000000
0.000000
0.000000
0.000000
0.000000
0.000000
0.000000
0.000000
0.000000
0.000000
0.000000
0.000000
0.000000
0.000000
0.000000
0.000000
0.000000
0.000000
0.000000
0.000000
0.000000
0.000000
0.000000
0.000000
0.000000
0.000000
0.000000
0.000000
0.000000
0.000000
0.000000
0.000000
0.000000
0.000000
0.000000
0.000000
0.000000
0.000000
0.000000
0.000000
0.000000
0.000000
0.000000
0.000000
0.000000
0.000000
0.000000
0.000000
0.000000
0.000000
