69.151200
48.670700
852.170000
172.370000
75.314000
39.133000
23.874000
14.718000
10.471000
7.142400
4.414000
3.839900
2.548300
2.001500
1.280200
0.915380
0.679050
0.478750
0.433740
0.252570
0.203680
0.157070
0.103010
0.087162
0.064401
0.046487
0.029170
0.033901
0.016092
0.020306
0.009607
0.013161
0.007573
0.006614
0.004097
0.004238
0.002614
0.002529
0.001682
0.002099
0.001642
0.001160
0.000349
0.000251
0.000455
0.000584
0.000317
0.000183
0.000079
0.000012
0.000125
0.000028
0.000057
0.000006
0.000010
0.000032
0.000014
0.000018
0.000017
0.000052
0.000006
0.000000
0.000000
0.000000
0.000001
0.000003
0.000000
0.000000
0.000003
0.000000
0.000000
0.000002
0.000000
0.000000
0.000000
0.000000
0.000000
0.000000
0.000000
0.000000
0.000000
0.000000
0.000000
0.000000
0.000000
0.000000
0.000000
0.000000
0.000000
0.000000
0.000000
0.000000
0.000000
0.000000
0.000000
0.000000
0.000000
0.000000
0.000000
0.000000
0.000000
0.000000
0.000000
0.000000
0.000000
0.000000
0.000000
0.000000
0.000000
0.000000
0.000000
0.000000
0.000000
0.000000
0.000000
0.000000
0.000000
0.000000
0.000000
0.000000
0.000000
0.000000
0.000000
0.000000
0.000000
0.000000
0.000000
0.000000
0.000000
0.000000
0.000000
0.000000
0.000000
0.000000
0.000000
0.000000
0.000000
0.000000
0.000000
0.000000
0.000000
0.000000
0.000000
0.000000
0.000000
0.000000
0.000000
0.000000
0.000000
0.000000
0.000000
0.000000
0.000000
0.000000
0.000000
0.000000
0.000000
0.000000
0.000000
0.000000
0.000000
0.000000
0.000000
0.000000
0.000000
0.000000
0.000000
0.000000
0.000000
0.000000
0.000000
0.000000
0.000000
0.000000
0.000000
0.000000
0.000000
0.000000
0.000000
0.000000
0.000000
0.000000
0.000000
0.000000
0.000000
0.000000
0.000000
0.000000
0.000000
0.000000
0.000000
0.000000
0.000000
0.000000
0.000000
0.000000
0.000000
0.000000
0.000000
0.000000
0.000000
0.000000
