46.679000
26.937200
955.610000
201.170000
108.090000
54.794000
37.433000
26.526000
20.218000
14.165000
11.077000
8.365200
6.618600
4.943300
3.677500
2.904600
2.392000
1.767300
1.600400
1.352600
0.923570
0.745710
0.710220
0.468320
0.421160
0.410450
0.299940
0.182710
0.187470
0.182330
0.127080
0.107720
0.085445
0.053405
0.044090
0.051307
0.039680
0.033934
0.029179
0.020264
0.023285
0.017390
0.021166
0.010273
0.006795
0.005780
0.006138
0.007055
0.005054
0.001807
0.002869
0.003050
0.001557
0.001066
0.000529
0.000683
0.001508
0.000726
0.000256
0.000462
0.000112
0.000604
0.000450
0.000153
0.000171
0.000110
0.000193
0.000311
0.000184
0.000187
0.000074
0.000024
0.000012
0.000000
0.000016
0.000001
0.000012
0.000000
0.000002
0.000007
0.000043
0.000004
0.000014
0.000008
0.000000
0.000000
0.000002
0.000034
0.000000
0.000000
0.000001
0.000000
0.000000
0.000000
0.000000
0.000000
0.000000
0.000000
0.000000
0.000000
0.000000
0.000000
0.000000
0.000000
0.000000
0.000000
0.000000
0.000000
0.000000
0.000000
0.000000
0.000000
0.000000
0.000000
0.000000
0.000000
0.000000
0.000000
0.000000
0.000000
0.000000
0.000000
0.000000
0.000000
0.000000
0.000000
0.000000
0.000000
0.000000
0.000000
0.000000
0.000000
0.000000
0.000000
0.000000
0.000000
0.000000
0.000000
0.000000
0.000000
0.000000
0.000000
0.000000
0.000000
0.000000
0.000000
0.000000
0.000000
0.000000
0.000000
0.000000
0.000000
0.000000
0.000000
0.000000
0.000000
0.000000
0.000000
0.000000
0.000000
0.000000
0.000000
0.000000
0.000000
0.000000
0.000000
0.000000
0.000000
0.000000
0.000000
0.000000
0.000000
0.000000
0.000000
0.000000
0.000000
0.000000
0.000000
0.000000
0.000000
0.000000
0.000000
0.000000
0.000000
0.000000
0.000000
0.000000
0.000000
0.000000
0.000000
0.000000
0.000000
0.000000
0.000000
0.000000
0.000000
0.000000
0.000000
0.000000
0.000000
0.000000
0.000000
