67.080700
30.604900
905.930000
185.960000
77.956000
44.779000
26.596000
16.603000
12.115000
8.561200
5.514800
4.310400
3.180000
2.399600
1.772500
1.340000
0.985290
0.750670
0.632180
0.550530
0.431310
0.316380
0.215420
0.224980
0.160000
0.130030
0.092528
0.079259
0.079904
0.054271
0.046365
0.039844
0.029419
0.026534
0.017509
0.019219
0.009739
0.011731
0.010813
0.005183
0.006388
0.002631
0.002977
0.003574
0.002302
0.001378
0.001189
0.001612
0.000656
0.000965
0.000644
0.000545
0.000461
0.000158
0.000558
0.000058
0.000155
0.000055
0.000098
0.000239
0.000022
0.000034
0.000027
0.000037
0.000055
0.000052
0.000208
0.000008
0.000005
0.000007
0.000000
0.000000
0.000000
0.000000
0.000004
0.000004
0.000029
0.000000
0.000006
0.000000
0.000000
0.000000
0.000000
0.000000
0.000000
0.000000
0.000000
0.000000
0.000000
0.000000
0.000000
0.000000
0.000000
0.000000
0.000000
0.000004
0.000000
0.000000
0.000000
0.000000
0.000000
0.000000
0.000000
0.000000
0.000000
0.000000
0.000000
0.000000
0.000000
0.000000
0.000000
0.000000
0.000000
0.000000
0.000000
0.000000
0.000000
0.000000
0.000000
0.000000
0.000000
0.000000
0.000000
0.000000
0.000000
0.000000
0.000000
0.000000
0.000000
0.000000
0.000000
0.000000
0.000000
0.000000
0.000000
0.000000
0.000000
0.000000
0.000000
0.000000
0.000000
0.000000
0.000000
0.000000
0.000000
0.000000
0.000000
0.000000
0.000000
0.000000
0.000000
0.000000
0.000000
0.000000
0.000000
0.000000
0.000000
0.000000
0.000000
0.000000
0.000000
0.000000
0.000000
0.000000
0.000000
0.000000
0.000000
0.000000
0.000000
0.000000
0.000000
0.000000
0.000000
0.000000
0.000000
0.000000
0.000000
0.000000
0.000000
0.000000
0.000000
0.000000
0.000000
0.000000
0.000000
0.000000
0.000000
0.000000
0.000000
0.000000
0.000000
0.000000
0.000000
0.000000
0.000000
0.000000
0.000000
0.000000
0.000000
0.000000
0.000000
0.000000
