57.055600
13.025600
954.360000
206.150000
90.163000
52.832000
32.781000
24.005000
17.247000
13.508000
9.769300
7.974900
5.528600
4.844500
3.966000
3.023200
2.883100
1.941400
1.937100
1.312600
1.267000
1.057300
0.913030
0.710380
0.579450
0.547760
0.443880
0.390170
0.304600
0.291720
0.276700
0.200890
0.157310
0.146750
0.104160
0.100560
0.102140
0.086363
0.071201
0.064332
0.054284
0.045490
0.040813
0.021592
0.037872
0.023477
0.020251
0.014683
0.009414
0.009995
0.018490
0.012127
0.004191
0.007059
0.008564
0.003360
0.002888
0.005087
0.004291
0.001674
0.003739
0.002915
0.002402
0.003204
0.000862
0.000759
0.000184
0.000366
0.001000
0.000628
0.000272
0.000078
0.000223
0.000190
0.000214
0.000109
0.000951
0.000344
0.000033
0.000069
0.000179
0.000032
0.000080
0.000040
0.000018
0.000166
0.000046
0.000004
0.000024
0.000034
0.000002
0.000005
0.000000
0.000000
0.000000
0.000000
0.000000
0.000000
0.000000
0.000000
0.000003
0.000000
0.000000
0.000000
0.000000
0.000000
0.000000
0.000002
0.000000
0.000019
0.000082
0.000000
0.000000
0.000001
0.000000
0.000000
0.000000
0.000000
0.000000
0.000000
0.000000
0.000040
0.000000
0.000000
0.000000
0.000000
0.000000
0.000000
0.000000
0.000000
0.000000
0.000000
0.000000
0.000000
0.000000
0.000000
0.000000
0.000000
0.000000
0.000000
0.000000
0.000000
0.000000
0.000000
0.000000
0.000000
0.000000
0.000000
0.000000
0.000000
0.000000
0.000000
0.000000
0.000000
0.000000
0.000000
0.000000
0.000000
0.000000
0.000000
0.000000
0.000000
0.000000
0.000000
0.000000
0.000000
0.000000
0.000000
0.000000
0.000000
0.000000
0.000000
0.000000
0.000000
0.000000
0.000000
0.000000
0.000000
0.000000
0.000000
0.000000
0.000000
0.000000
0.000000
0.000000
0.000000
0.000000
0.000000
0.000000
0.000000
0.000000
0.000000
0.000000
0.000000
0.000000
0.000000
0.000000
0.000000
0.000000
0.000000
0.000000
0.000000
