40.922600
32.437700
952.530000
230.600000
118.670000
65.784000
42.176000
29.946000
21.157000
16.100000
12.357000
7.917800
7.202000
5.753100
4.167600
3.171500
2.383800
2.036800
1.477600
1.337300
0.949520
0.886060
0.627310
0.531140
0.382570
0.369210
0.240810
0.243750
0.179350
0.128890
0.108920
0.073578
0.078544
0.060661
0.060996
0.042292
0.030404
0.030310
0.020774
0.022007
0.018186
0.013065
0.014869
0.011165
0.007381
0.006010
0.004055
0.003985
0.001915
0.002354
0.001544
0.001366
0.001504
0.000283
0.000914
0.000198
0.000976
0.000185
0.000197
0.000155
0.000064
0.000202
0.000128
0.000133
0.000066
0.000174
0.000209
0.000005
0.000039
0.000017
0.000022
0.000003
0.000012
0.000021
0.000010
0.000001
0.000013
0.000006
0.000002
0.000001
0.000004
0.000004
0.000001
0.000000
0.000000
0.000003
0.000003
0.000000
0.000006
0.000000
0.000000
0.000000
0.000000
0.000000
0.000000
0.000000
0.000000
0.000000
0.000000
0.000000
0.000000
0.000002
0.000000
0.000000
0.000000
0.000000
0.000000
0.000000
0.000000
0.000000
0.000000
0.000000
0.000000
0.000000
0.000000
0.000000
0.000000
0.000000
0.000000
0.000000
0.000000
0.000000
0.000000
0.000000
0.000000
0.000000
0.000000
0.000000
0.000000
0.000000
0.000000
0.000000
0.000000
0.000000
0.000000
0.000000
0.000000
0.000000
0.000000
0.000000
0.000000
0.000000
0.000000
0.000000
0.000000
0.000000
0.000000
0.000000
0.000000
0.000000
0.000000
0.000000
0.000000
0.000000
0.000000
0.000000
0.000000
0.000000
0.000000
0.000000
0.000000
0.000000
0.000000
0.000000
0.000000
0.000000
0.000000
0.000000
0.000000
0.000000
0.000000
0.000000
0.000000
0.000000
0.000000
0.000000
0.000000
0.000000
0.000000
0.000000
0.000000
0.000000
0.000000
0.000000
0.000000
0.000000
0.000000
0.000000
0.000000
0.000000
0.000000
0.000000
0.000000
0.000000
0.000000
0.000000
0.000000
0.000000
0.000000
0.000000
0.000000
0.000000
