48.654700
35.708400
1011.700000
215.550000
99.547000
60.253000
37.981000
24.501000
17.097000
12.322000
8.608400
6.696100
5.404300
3.936700
3.098200
2.236700
1.899200
1.545400
0.980090
0.929440
0.666330
0.492450
0.411290
0.383760
0.278670
0.219690
0.201290
0.130770
0.098202
0.088102
0.080749
0.052399
0.058744
0.031704
0.027677
0.021609
0.021682
0.014560
0.012874
0.006083
0.003624
0.004582
0.006045
0.005066
0.002310
0.002626
0.001891
0.001828
0.002074
0.000794
0.001089
0.000431
0.000319
0.000982
0.000608
0.000252
0.000466
0.000184
0.000081
0.000073
0.000051
0.000098
0.000052
0.000056
0.000008
0.000016
0.000039
0.000008
0.000003
0.000008
0.000021
0.000016
0.000000
0.000001
0.000003
0.000000
0.000000
0.000000
0.000000
0.000000
0.000000
0.000023
0.000000
0.000000
0.000013
0.000000
0.000000
0.000000
0.000000
0.000000
0.000000
0.000000
0.000000
0.000000
0.000000
0.000000
0.000000
0.000000
0.000000
0.000000
0.000000
0.000000
0.000000
0.000000
0.000000
0.000000
0.000000
0.000000
0.000000
0.000000
0.000000
0.000000
0.000000
0.000000
0.000000
0.000000
0.000000
0.000000
0.000000
0.000000
0.000000
0.000000
0.000000
0.000000
0.000000
0.000000
0.000000
0.000000
0.000000
0.000000
0.000000
0.000000
0.000000
0.000000
0.000000
0.000000
0.000000
0.000000
0.000000
0.000000
0.000000
0.000000
0.000000
0.000000
0.000000
0.000000
0.000000
0.000000
0.000000
0.000000
0.000000
0.000000
0.000000
0.000000
0.000000
0.000000
0.000000
0.000000
0.000000
0.000000
0.000000
0.000000
0.000000
0.000000
0.000000
0.000000
0.000000
0.000000
0.000000
0.000000
0.000000
0.000000
0.000000
0.000000
0.000000
0.000000
0.000000
0.000000
0.000000
0.000000
0.000000
0.000000
0.000000
0.000000
0.000000
0.000000
0.000000
0.000000
0.000000
0.000000
0.000000
0.000000
0.000000
0.000000
0.000000
0.000000
0.000000
0.000000
0.000000
0.000000
0.000000
0.000000
