49.206600
15.671000
945.050000
213.360000
109.280000
60.229000
39.086000
27.639000
20.088000
15.605000
11.943000
9.492100
6.991400
5.408200
4.365800
3.871800
2.697100
2.368000
2.102200
1.747100
1.324700
1.129000
0.901900
0.739880
0.720120
0.664190
0.528480
0.388690
0.354390
0.296090
0.204460
0.214040
0.206990
0.131970
0.116370
0.119060
0.095129
0.086573
0.082083
0.067022
0.070489
0.036035
0.030254
0.026021
0.026568
0.033314
0.020192
0.025158
0.012715
0.010463
0.010580
0.004213
0.004274
0.009239
0.001390
0.002623
0.004201
0.002679
0.002900
0.002086
0.001533
0.001403
0.002311
0.000366
0.000851
0.000988
0.001294
0.000643
0.000472
0.000542
0.000168
0.000100
0.000089
0.000289
0.000153
0.000110
0.000057
0.000005
0.000079
0.000022
0.000259
0.000037
0.000000
0.000055
0.000076
0.000036
0.000012
0.000001
0.000008
0.000002
0.000000
0.000001
0.000012
0.000020
0.000000
0.000001
0.000000
0.000000
0.000000
0.000000
0.000002
0.000000
0.000001
0.000000
0.000001
0.000009
0.000000
0.000000
0.000000
0.000000
0.000000
0.000002
0.000002
0.000000
0.000000
0.000006
0.000000
0.000000
0.000000
0.000000
0.000000
0.000000
0.000000
0.000000
0.000000
0.000000
0.000000
0.000000
0.000000
0.000000
0.000000
0.000000
0.000000
0.000000
0.000000
0.000000
0.000000
0.000000
0.000000
0.000000
0.000000
0.000000
0.000000
0.000000
0.000000
0.000000
0.000000
0.000000
0.000000
0.000000
0.000000
0.000000
0.000000
0.000000
0.000000
0.000000
0.000000
0.000000
0.000000
0.000000
0.000000
0.000000
0.000000
0.000000
0.000000
0.000000
0.000000
0.000000
0.000000
0.000000
0.000000
0.000000
0.000000
0.000000
0.000000
0.000000
0.000000
0.000000
0.000000
0.000000
0.000000
0.000000
0.000000
0.000000
0.000000
0.000000
0.000000
0.000000
0.000000
0.000000
0.000000
0.000000
0.000000
0.000000
0.000000
0.000000
0.000000
0.000000
0.000000
0.000000
0.000000
0.000000
