70.005000
46.000000
880.470000
165.380000
69.440000
40.780000
23.780000
16.144000
9.716200
6.610400
4.284800
3.425600
2.514200
1.862400
1.360300
0.831730
0.659990
0.482100
0.377610
0.234800
0.230060
0.151310
0.115440
0.081202
0.065665
0.059348
0.039864
0.038403
0.022435
0.014701
0.011593
0.014167
0.007246
0.007830
0.006996
0.006125
0.003381
0.001997
0.001846
0.002199
0.001171
0.000958
0.000819
0.000369
0.000461
0.000296
0.000147
0.000055
0.000134
0.000142
0.000092
0.000181
0.000021
0.000044
0.000024
0.000021
0.000009
0.000011
0.000173
0.000014
0.000002
0.000000
0.000012
0.000003
0.000005
0.000007
0.000000
0.000003
0.000000
0.000000
0.000000
0.000000
0.000000
0.000000
0.000000
0.000000
0.000000
0.000000
0.000000
0.000000
0.000000
0.000000
0.000000
0.000000
0.000000
0.000000
0.000000
0.000000
0.000000
0.000000
0.000000
0.000000
0.000000
0.000000
0.000000
0.000000
0.000000
0.000000
0.000000
0.000000
0.000000
0.000000
0.000000
0.000000
0.000000
0.000000
0.000000
0.000000
0.000000
0.000000
0.000000
0.000000
0.000000
0.000000
0.000000
0.000000
0.000000
0.000000
0.000000
0.000000
0.000000
0.000000
0.000000
0.000000
0.000000
0.000000
0.000000
0.000000
0.000000
0.000000
0.000000
0.000000
0.000000
0.000000
0.000000
0.000000
0.000000
0.000000
0.000000
0.000000
0.000000
0.000000
0.000000
0.000000
0.000000
0.000000
0.000000
0.000000
0.000000
0.000000
0.000000
0.000000
0.000000
0.000000
0.000000
0.000000
0.000000
0.000000
0.000000
0.000000
0.000000
0.000000
0.000000
0.000000
0.000000
0.000000
0.000000
0.000000
0.000000
0.000000
0.000000
0.000000
0.000000
0.000000
0.000000
0.000000
0.000000
0.000000
0.000000
0.000000
0.000000
0.000000
0.000000
0.000000
0.000000
0.000000
0.000000
0.000000
0.000000
0.000000
0.000000
0.000000
0.000000
0.000000
0.000000
0.000000
0.000000
0.000000
0.000000
0.000000
0.000000
0.000000
