78.022200
53.964000
874.600000
166.230000
58.977000
32.502000
21.656000
12.513000
8.044700
5.436600
3.624100
2.200800
1.938900
1.336000
0.847420
0.621720
0.449790
0.352220
0.232780
0.194700
0.136810
0.080838
0.077666
0.053686
0.029872
0.028031
0.026133
0.014041
0.015369
0.009573
0.005759
0.006110
0.005693
0.002315
0.001309
0.001017
0.000989
0.001334
0.000610
0.000570
0.000717
0.000188
0.000269
0.000039
0.000128
0.000194
0.000182
0.000082
0.000033
0.000047
0.000064
0.000005
0.000027
0.000004
0.000004
0.000012
0.000000
0.000002
0.000006
0.000016
0.000005
0.000004
0.000000
0.000004
0.000000
0.000000
0.000000
0.000000
0.000000
0.000000
0.000000
0.000000
0.000000
0.000000
0.000000
0.000000
0.000000
0.000000
0.000000
0.000000
0.000000
0.000000
0.000000
0.000000
0.000000
0.000000
0.000000
0.000000
0.000000
0.000000
0.000000
0.000000
0.000000
0.000000
0.000000
0.000000
0.000000
0.000000
0.000000
0.000000
0.000000
0.000000
0.000000
0.000000
0.000000
0.000000
0.000000
0.000000
0.000000
0.000000
0.000000
0.000000
0.000000
0.000000
0.000000
0.000000
0.000000
0.000000
0.000000
0.000000
0.000000
0.000000
0.000000
0.000000
0.000000
0.000000
0.000000
0.000000
0.000000
0.000000
0.000000
0.000000
0.000000
0.000000
0.000000
0.000000
0.000000
0.000000
0.000000
0.000000
0.000000
0.000000
0.000000
0.000000
0.000000
0.000000
0.000000
0.000000
0.000000
0.000000
0.000000
0.000000
0.000000
0.000000
0.000000
0.000000
0.000000
0.000000
0.000000
0.000000
0.000000
0.000000
0.000000
0.000000
0.000000
0.000000
0.000000
0.000000
0.000000
0.000000
0.000000
0.000000
0.000000
0.000000
0.000000
0.000000
0.000000
0.000000
0.000000
0.000000
0.000000
0.000000
0.000000
0.000000
0.000000
0.000000
0.000000
0.000000
0.000000
0.000000
0.000000
0.000000
0.000000
0.000000
0.000000
0.000000
0.000000
0.000000
0.000000
0.000000
0.000000
0.000000
