55.966900
22.806600
923.370000
209.610000
93.804000
48.474000
33.889000
24.787000
16.499000
12.296000
8.995900
6.850900
5.244400
4.027200
3.143200
2.120000
2.037000
1.522100
1.296700
1.031700
0.743960
0.585910
0.595350
0.441210
0.334740
0.338500
0.259410
0.201520
0.146850
0.157390
0.117170
0.119820
0.094298
0.059220
0.050273
0.041735
0.040184
0.039018
0.027749
0.017592
0.015477
0.018044
0.007180
0.012176
0.012918
0.011599
0.010918
0.004385
0.002215
0.004512
0.003858
0.003237
0.001587
0.001848
0.002644
0.000549
0.000433
0.000737
0.000656
0.000270
0.000628
0.000165
0.000067
0.000100
0.000885
0.000212
0.000188
0.000270
0.000232
0.000056
0.000149
0.000011
0.000140
0.000009
0.000035
0.000004
0.000002
0.000059
0.000006
0.000027
0.000027
0.000005
0.000020
0.000038
0.000122
0.000002
0.000000
0.000000
0.000000
0.000000
0.000000
0.000000
0.000000
0.000001
0.000000
0.000000
0.000000
0.000000
0.000000
0.000000
0.000000
0.000000
0.000000
0.000000
0.000000
0.000000
0.000000
0.000000
0.000000
0.000000
0.000000
0.000000
0.000000
0.000000
0.000000
0.000000
0.000000
0.000000
0.000000
0.000000
0.000000
0.000000
0.000000
0.000000
0.000000
0.000000
0.000000
0.000000
0.000000
0.000000
0.000000
0.000000
0.000000
0.000000
0.000000
0.000000
0.000000
0.000000
0.000000
0.000000
0.000000
0.000000
0.000000
0.000000
0.000000
0.000000
0.000000
0.000000
0.000000
0.000000
0.000000
0.000000
0.000000
0.000000
0.000000
0.000000
0.000000
0.000000
0.000000
0.000000
0.000000
0.000000
0.000000
0.000000
0.000000
0.000000
0.000000
0.000000
0.000000
0.000000
0.000000
0.000000
0.000000
0.000000
0.000000
0.000000
0.000000
0.000000
0.000000
0.000000
0.000000
0.000000
0.000000
0.000000
0.000000
0.000000
0.000000
0.000000
0.000000
0.000000
0.000000
0.000000
0.000000
0.000000
0.000000
0.000000
0.000000
0.000000
0.000000
0.000000
0.000000
0.000000
