56.491700
17.479600
899.460000
193.270000
93.558000
52.265000
32.621000
23.996000
15.576000
13.806000
8.975400
7.722800
5.453800
4.056400
3.566500
2.806700
2.179400
1.627400
1.401300
1.033600
1.003800
0.754660
0.686740
0.528930
0.436940
0.399200
0.282120
0.280150
0.219960
0.166610
0.151340
0.117690
0.102930
0.091679
0.069578
0.086082
0.054399
0.068405
0.057096
0.032001
0.037246
0.018152
0.024684
0.018481
0.015810
0.014660
0.020481
0.011837
0.010051
0.011249
0.002036
0.004786
0.003860
0.002497
0.005085
0.003938
0.000955
0.001514
0.002225
0.002000
0.001164
0.001675
0.001239
0.001764
0.000215
0.000307
0.000396
0.000170
0.000108
0.000610
0.000331
0.000096
0.000163
0.000264
0.000008
0.000011
0.000003
0.000014
0.000037
0.000000
0.000092
0.000029
0.000001
0.000021
0.000000
0.000112
0.000000
0.000010
0.000016
0.000000
0.000033
0.000042
0.000000
0.000000
0.000000
0.000000
0.000000
0.000000
0.000000
0.000001
0.000018
0.000000
0.000000
0.000000
0.000000
0.000018
0.000000
0.000000
0.000000
0.000000
0.000000
0.000000
0.000000
0.000003
0.000000
0.000000
0.000000
0.000000
0.000000
0.000000
0.000000
0.000000
0.000000
0.000000
0.000000
0.000000
0.000000
0.000000
0.000000
0.000000
0.000000
0.000000
0.000000
0.000000
0.000000
0.000000
0.000000
0.000000
0.000000
0.000000
0.000000
0.000000
0.000000
0.000000
0.000000
0.000000
0.000000
0.000000
0.000000
0.000000
0.000000
0.000000
0.000000
0.000000
0.000000
0.000000
0.000000
0.000000
0.000000
0.000000
0.000000
0.000000
0.000000
0.000000
0.000000
0.000000
0.000000
0.000000
0.000000
0.000000
0.000000
0.000000
0.000000
0.000000
0.000000
0.000000
0.000000
0.000000
0.000000
0.000000
0.000000
0.000000
0.000000
0.000000
0.000000
0.000000
0.000000
0.000000
0.000000
0.000000
0.000000
0.000000
0.000000
0.000000
0.000000
0.000000
0.000000
0.000000
0.000000
0.000000
0.000000
0.000000
