85.253900
41.026300
842.940000
148.680000
61.628000
29.000000
17.018000
11.434000
6.524000
4.475900
3.156000
2.206000
1.825900
1.167200
0.903720
0.684300
0.472150
0.325500
0.246600
0.173030
0.161540
0.099769
0.070159
0.087946
0.063635
0.038266
0.034672
0.024023
0.020469
0.011822
0.013911
0.011069
0.004208
0.003538
0.004209
0.004164
0.003658
0.003335
0.001686
0.001269
0.000931
0.000776
0.000783
0.000200
0.000296
0.000351
0.000192
0.000326
0.000248
0.000122
0.000054
0.000249
0.000024
0.000039
0.000029
0.000002
0.000002
0.000003
0.000003
0.000002
0.000000
0.000004
0.000000
0.000000
0.000000
0.000000
0.000012
0.000000
0.000000
0.000000
0.000000
0.000000
0.000000
0.000000
0.000000
0.000000
0.000003
0.000000
0.000000
0.000000
0.000000
0.000000
0.000000
0.000000
0.000000
0.000000
0.000000
0.000000
0.000000
0.000000
0.000000
0.000000
0.000000
0.000000
0.000000
0.000000
0.000000
0.000000
0.000000
0.000000
0.000000
0.000000
0.000000
0.000000
0.000000
0.000000
0.000000
0.000000
0.000000
0.000000
0.000000
0.000000
0.000000
0.000000
0.000000
0.000000
0.000000
0.000000
0.000000
0.000000
0.000000
0.000000
0.000000
0.000000
0.000000
0.000000
0.000000
0.000000
0.000000
0.000000
0.000000
0.000000
0.000000
0.000000
0.000000
0.000000
0.000000
0.000000
0.000000
0.000000
0.000000
0.000000
0.000000
0.000000
0.000000
0.000000
0.000000
0.000000
0.000000
0.000000
0.000000
0.000000
0.000000
0.000000
0.000000
0.000000
0.000000
0.000000
0.000000
0.000000
0.000000
0.000000
0.000000
0.000000
0.000000
0.000000
0.000000
0.000000
0.000000
0.000000
0.000000
0.000000
0.000000
0.000000
0.000000
0.000000
0.000000
0.000000
0.000000
0.000000
0.000000
0.000000
0.000000
0.000000
0.000000
0.000000
0.000000
0.000000
0.000000
0.000000
0.000000
0.000000
0.000000
0.000000
0.000000
0.000000
0.000000
0.000000
0.000000
0.000000
0.000000
0.000000
