68.450800
12.929100
914.170000
170.010000
77.657000
42.488000
27.802000
19.545000
12.669000
9.346600
7.492700
5.204700
4.336600
3.421200
2.845500
2.392500
1.812500
1.519300
1.204100
1.105900
0.947990
0.712900
0.628000
0.624320
0.527180
0.374600
0.369250
0.368290
0.195120
0.177510
0.172540
0.100170
0.112120
0.082531
0.088927
0.057451
0.055757
0.034216
0.037342
0.031192
0.022503
0.022242
0.023084
0.022595
0.018847
0.013240
0.020682
0.012164
0.006123
0.013076
0.008031
0.004664
0.006128
0.002697
0.002586
0.003117
0.002654
0.003253
0.002786
0.001600
0.000891
0.001912
0.001546
0.001075
0.000418
0.000062
0.000669
0.000411
0.000261
0.000844
0.000085
0.000042
0.000165
0.000230
0.000219
0.000126
0.000049
0.000141
0.000149
0.000020
0.000181
0.000019
0.000342
0.000095
0.000447
0.000000
0.000034
0.000049
0.000003
0.000003
0.000003
0.000056
0.000002
0.000003
0.000000
0.000009
0.000000
0.000000
0.000045
0.000000
0.000000
0.000000
0.000000
0.000000
0.000000
0.000000
0.000000
0.000000
0.000000
0.000000
0.000000
0.000000
0.000000
0.000000
0.000000
0.000000
0.000000
0.000000
0.000000
0.000000
0.000000
0.000000
0.000000
0.000000
0.000000
0.000000
0.000000
0.000000
0.000000
0.000000
0.000000
0.000000
0.000010
0.000000
0.000000
0.000000
0.000000
0.000000
0.000000
0.000000
0.000000
0.000000
0.000000
0.000000
0.000000
0.000000
0.000000
0.000000
0.000000
0.000000
0.000000
0.000000
0.000000
0.000000
0.000000
0.000000
0.000000
0.000000
0.000000
0.000000
0.000000
0.000000
0.000000
0.000000
0.000000
0.000000
0.000000
0.000000
0.000000
0.000000
0.000000
0.000000
0.000000
0.000000
0.000000
0.000000
0.000000
0.000000
0.000000
0.000000
0.000000
0.000000
0.000000
0.000000
0.000000
0.000000
0.000000
0.000000
0.000000
0.000000
0.000000
0.000000
0.000000
0.000000
0.000000
0.000000
0.000000
0.000000
0.000000
0.000000
0.000000
0.000000
