41.941000
51.585700
980.280000
231.550000
109.270000
63.925000
39.404000
26.458000
18.213000
12.731000
11.065000
6.932500
5.648500
4.090700
2.751500
2.523800
1.644800
1.384300
1.107200
0.718890
0.560260
0.422440
0.372540
0.279410
0.229010
0.205570
0.117540
0.122220
0.107200
0.062564
0.050463
0.032990
0.026848
0.016925
0.021715
0.014390
0.014609
0.006232
0.004263
0.003598
0.007187
0.002523
0.001217
0.004275
0.001304
0.000965
0.000280
0.000225
0.000280
0.000547
0.001647
0.000192
0.000141
0.000153
0.000297
0.000098
0.000027
0.000018
0.000125
0.000039
0.000023
0.000009
0.000001
0.000019
0.000000
0.000019
0.000019
0.000080
0.000011
0.000009
0.000000
0.000000
0.000000
0.000000
0.000001
0.000000
0.000000
0.000000
0.000000
0.000000
0.000000
0.000000
0.000000
0.000000
0.000000
0.000000
0.000000
0.000000
0.000000
0.000000
0.000000
0.000000
0.000000
0.000000
0.000000
0.000000
0.000000
0.000000
0.000000
0.000000
0.000000
0.000000
0.000000
0.000000
0.000000
0.000000
0.000000
0.000000
0.000000
0.000000
0.000000
0.000000
0.000000
0.000000
0.000000
0.000000
0.000000
0.000000
0.000000
0.000000
0.000000
0.000000
0.000000
0.000000
0.000000
0.000000
0.000000
0.000000
0.000000
0.000000
0.000000
0.000000
0.000000
0.000000
0.000000
0.000000
0.000000
0.000000
0.000000
0.000000
0.000000
0.000000
0.000000
0.000000
0.000000
0.000000
0.000000
0.000000
0.000000
0.000000
0.000000
0.000000
0.000000
0.000000
0.000000
0.000000
0.000000
0.000000
0.000000
0.000000
0.000000
0.000000
0.000000
0.000000
0.000000
0.000000
0.000000
0.000000
0.000000
0.000000
0.000000
0.000000
0.000000
0.000000
0.000000
0.000000
0.000000
0.000000
0.000000
0.000000
0.000000
0.000000
0.000000
0.000000
0.000000
0.000000
0.000000
0.000000
0.000000
0.000000
0.000000
0.000000
0.000000
0.000000
0.000000
0.000000
0.000000
0.000000
0.000000
0.000000
0.000000
0.000000
