42.367200
45.985800
949.920000
241.650000
118.770000
64.938000
40.361000
27.776000
18.739000
13.435000
10.736000
6.936600
5.683500
4.628600
3.291300
2.751900
1.696900
1.516300
1.110900
0.739470
0.601140
0.436410
0.372270
0.373110
0.295670
0.199260
0.167040
0.096035
0.096549
0.088632
0.052489
0.075196
0.038006
0.024860
0.017405
0.018218
0.009587
0.007036
0.008777
0.005239
0.004945
0.003060
0.003884
0.002454
0.001208
0.001119
0.002124
0.001256
0.000354
0.000192
0.001214
0.000437
0.000213
0.000193
0.000264
0.000047
0.000114
0.000116
0.000049
0.000100
0.000011
0.000000
0.000126
0.000009
0.000094
0.000012
0.000004
0.000017
0.000003
0.000009
0.000000
0.000000
0.000000
0.000000
0.000004
0.000000
0.000000
0.000000
0.000000
0.000000
0.000001
0.000000
0.000000
0.000000
0.000000
0.000000
0.000000
0.000000
0.000000
0.000000
0.000000
0.000000
0.000000
0.000000
0.000000
0.000000
0.000000
0.000000
0.000000
0.000000
0.000000
0.000000
0.000000
0.000000
0.000000
0.000000
0.000000
0.000000
0.000000
0.000000
0.000000
0.000000
0.000000
0.000000
0.000000
0.000000
0.000000
0.000000
0.000000
0.000000
0.000000
0.000000
0.000000
0.000000
0.000000
0.000000
0.000000
0.000000
0.000000
0.000000
0.000000
0.000000
0.000000
0.000000
0.000000
0.000000
0.000000
0.000000
0.000000
0.000000
0.000000
0.000000
0.000000
0.000000
0.000000
0.000000
0.000000
0.000000
0.000000
0.000000
0.000000
0.000000
0.000000
0.000000
0.000000
0.000000
0.000000
0.000000
0.000000
0.000000
0.000000
0.000000
0.000000
0.000000
0.000000
0.000000
0.000000
0.000000
0.000000
0.000000
0.000000
0.000000
0.000000
0.000000
0.000000
0.000000
0.000000
0.000000
0.000000
0.000000
0.000000
0.000000
0.000000
0.000000
0.000000
0.000000
0.000000
0.000000
0.000000
0.000000
0.000000
0.000000
0.000000
0.000000
0.000000
0.000000
0.000000
0.000000
0.000000
0.000000
0.000000
0.000000
