71.126200
10.439000
836.070000
164.560000
74.200000
44.067000
26.492000
18.520000
13.349000
8.498800
7.186400
5.515900
4.252800
3.647300
2.657400
2.146800
2.128500
1.436000
1.274100
0.994440
0.885510
0.754760
0.691020
0.524850
0.388440
0.353090
0.444730
0.287440
0.280650
0.216720
0.208590
0.159830
0.135980
0.122390
0.089351
0.095077
0.065835
0.064841
0.047479
0.031933
0.040226
0.034195
0.037169
0.028640
0.018274
0.022273
0.018398
0.018178
0.009861
0.010694
0.010204
0.009490
0.007052
0.006346
0.004206
0.002888
0.002108
0.005055
0.005286
0.005287
0.002342
0.002079
0.001576
0.002262
0.001449
0.000328
0.001107
0.000035
0.000664
0.000349
0.000046
0.000703
0.000442
0.000203
0.001162
0.000454
0.000095
0.000516
0.000032
0.000415
0.000135
0.000052
0.000183
0.000054
0.000000
0.000006
0.000000
0.000353
0.000000
0.000000
0.000000
0.000002
0.000000
0.000000
0.000000
0.000015
0.000007
0.000000
0.000000
0.000000
0.000001
0.000000
0.000000
0.000001
0.000000
0.000000
0.000000
0.000008
0.000000
0.000000
0.000000
0.000000
0.000000
0.000000
0.000000
0.000000
0.000000
0.000000
0.000000
0.000000
0.000000
0.000000
0.000000
0.000000
0.000000
0.000000
0.000000
0.000000
0.000000
0.000000
0.000000
0.000000
0.000000
0.000000
0.000000
0.000000
0.000000
0.000000
0.000000
0.000000
0.000000
0.000000
0.000000
0.000000
0.000000
0.000003
0.000000
0.000000
0.000000
0.000000
0.000000
0.000000
0.000000
0.000000
0.000000
0.000000
0.000000
0.000000
0.000000
0.000000
0.000000
0.000000
0.000000
0.000000
0.000000
0.000000
0.000000
0.000000
0.000000
0.000000
0.000000
0.000000
0.000000
0.000000
0.000000
0.000000
0.000000
0.000000
0.000000
0.000000
0.000000
0.000000
0.000000
0.000000
0.000000
0.000000
0.000000
0.000000
0.000000
0.000000
0.000000
0.000000
0.000000
0.000000
0.000000
0.000000
0.000000
0.000000
0.000000
0.000000
0.000000
0.000000
