49.189200
21.637800
957.470000
205.820000
102.920000
58.326000
35.410000
27.386000
18.736000
14.371000
10.808000
7.928400
6.625900
4.931000
3.793100
3.390000
2.510500
1.790900
1.654900
1.277500
1.133600
0.944240
0.693040
0.571650
0.438800
0.443120
0.365240
0.331360
0.208820
0.184660
0.189780
0.123060
0.096193
0.078672
0.077547
0.057912
0.041958
0.030896
0.038996
0.041551
0.028817
0.020895
0.014175
0.013097
0.014597
0.010200
0.007445
0.007253
0.005440
0.004523
0.007117
0.005008
0.003600
0.002049
0.003285
0.002034
0.001277
0.000972
0.001083
0.000731
0.000930
0.000648
0.000636
0.000795
0.000198
0.000583
0.000100
0.000092
0.000168
0.000208
0.000110
0.000025
0.000048
0.000133
0.000007
0.000124
0.000004
0.000098
0.000044
0.000029
0.000062
0.000229
0.000023
0.000002
0.000000
0.000001
0.000005
0.000000
0.000000
0.000000
0.000001
0.000004
0.000000
0.000000
0.000000
0.000007
0.000000
0.000000
0.000000
0.000007
0.000000
0.000000
0.000000
0.000000
0.000000
0.000000
0.000000
0.000000
0.000000
0.000000
0.000000
0.000000
0.000000
0.000000
0.000000
0.000000
0.000000
0.000000
0.000000
0.000000
0.000000
0.000000
0.000000
0.000000
0.000000
0.000000
0.000000
0.000002
0.000000
0.000000
0.000000
0.000000
0.000000
0.000000
0.000000
0.000000
0.000000
0.000000
0.000000
0.000000
0.000000
0.000000
0.000000
0.000000
0.000000
0.000000
0.000000
0.000000
0.000000
0.000000
0.000000
0.000000
0.000000
0.000000
0.000000
0.000000
0.000000
0.000000
0.000000
0.000000
0.000000
0.000000
0.000000
0.000000
0.000000
0.000000
0.000000
0.000000
0.000000
0.000000
0.000000
0.000000
0.000000
0.000000
0.000000
0.000000
0.000000
0.000000
0.000000
0.000000
0.000000
0.000000
0.000000
0.000000
0.000000
0.000000
0.000000
0.000000
0.000000
0.000000
0.000000
0.000000
0.000000
0.000000
0.000000
0.000000
0.000000
0.000000
0.000000
0.000000
0.000000
0.000000
