85.876500
43.940300
782.950000
153.950000
59.208000
28.642000
17.776000
10.290000
7.239600
5.027200
3.152000
1.961800
1.588800
1.088600
0.723700
0.508880
0.400860
0.335830
0.259770
0.175550
0.159270
0.110200
0.078495
0.053387
0.049639
0.031013
0.025896
0.017129
0.019881
0.014423
0.009598
0.007094
0.008069
0.005077
0.004352
0.005159
0.002608
0.000945
0.001412
0.000396
0.000575
0.000667
0.000846
0.000273
0.000324
0.000164
0.000161
0.000209
0.000168
0.000022
0.000059
0.000030
0.000015
0.000033
0.000005
0.000008
0.000034
0.000002
0.000002
0.000008
0.000000
0.000000
0.000000
0.000002
0.000000
0.000000
0.000005
0.000000
0.000000
0.000000
0.000000
0.000000
0.000000
0.000000
0.000000
0.000000
0.000000
0.000000
0.000000
0.000000
0.000000
0.000000
0.000000
0.000000
0.000000
0.000000
0.000000
0.000000
0.000000
0.000000
0.000000
0.000000
0.000000
0.000000
0.000000
0.000000
0.000000
0.000000
0.000000
0.000000
0.000000
0.000000
0.000000
0.000000
0.000000
0.000000
0.000000
0.000000
0.000000
0.000000
0.000000
0.000000
0.000000
0.000000
0.000000
0.000000
0.000000
0.000000
0.000000
0.000000
0.000000
0.000000
0.000000
0.000000
0.000000
0.000000
0.000000
0.000000
0.000000
0.000000
0.000000
0.000000
0.000000
0.000000
0.000000
0.000000
0.000000
0.000000
0.000000
0.000000
0.000000
0.000000
0.000000
0.000000
0.000000
0.000000
0.000000
0.000000
0.000000
0.000000
0.000000
0.000000
0.000000
0.000000
0.000000
0.000000
0.000000
0.000000
0.000000
0.000000
0.000000
0.000000
0.000000
0.000000
0.000000
0.000000
0.000000
0.000000
0.000000
0.000000
0.000000
0.000000
0.000000
0.000000
0.000000
0.000000
0.000000
0.000000
0.000000
0.000000
0.000000
0.000000
0.000000
0.000000
0.000000
0.000000
0.000000
0.000000
0.000000
0.000000
0.000000
0.000000
0.000000
0.000000
0.000000
0.000000
0.000000
0.000000
0.000000
0.000000
0.000000
0.000000
