59.015000
37.820400
939.800000
198.740000
84.461000
49.345000
29.924000
21.013000
12.988000
9.494200
6.722700
5.135100
3.785600
2.809200
2.012300
1.664400
1.176800
0.925060
0.651900
0.596860
0.392560
0.376630
0.248680
0.215730
0.187420
0.127480
0.097362
0.069428
0.058204
0.057237
0.032151
0.023957
0.024253
0.018127
0.013319
0.013322
0.007633
0.004890
0.008239
0.006488
0.003503
0.003370
0.002877
0.001768
0.001318
0.001051
0.000830
0.000276
0.000465
0.000429
0.000231
0.000270
0.000197
0.000443
0.000235
0.000133
0.000054
0.000074
0.000094
0.000026
0.000076
0.000147
0.000020
0.000023
0.000024
0.000002
0.000015
0.000000
0.000000
0.000010
0.000010
0.000009
0.000000
0.000000
0.000002
0.000000
0.000000
0.000000
0.000000
0.000001
0.000000
0.000000
0.000000
0.000000
0.000000
0.000000
0.000000
0.000001
0.000000
0.000001
0.000000
0.000000
0.000000
0.000000
0.000000
0.000000
0.000000
0.000000
0.000000
0.000000
0.000000
0.000000
0.000000
0.000000
0.000000
0.000000
0.000000
0.000000
0.000000
0.000000
0.000000
0.000000
0.000000
0.000000
0.000000
0.000000
0.000000
0.000000
0.000000
0.000000
0.000000
0.000000
0.000000
0.000000
0.000000
0.000000
0.000000
0.000000
0.000000
0.000000
0.000000
0.000000
0.000000
0.000000
0.000000
0.000000
0.000000
0.000000
0.000000
0.000000
0.000000
0.000000
0.000000
0.000000
0.000000
0.000000
0.000000
0.000000
0.000000
0.000000
0.000000
0.000000
0.000000
0.000000
0.000000
0.000000
0.000000
0.000000
0.000000
0.000000
0.000000
0.000000
0.000000
0.000000
0.000000
0.000000
0.000000
0.000000
0.000000
0.000000
0.000000
0.000000
0.000000
0.000000
0.000000
0.000000
0.000000
0.000000
0.000000
0.000000
0.000000
0.000000
0.000000
0.000000
0.000000
0.000000
0.000000
0.000000
0.000000
0.000000
0.000000
0.000000
0.000000
0.000000
0.000000
0.000000
0.000000
0.000000
0.000000
0.000000
0.000000
0.000000
