69.017000
43.967600
887.760000
173.170000
72.211000
37.533000
24.620000
16.296000
10.461000
7.155700
4.534000
3.375200
2.392000
1.730700
1.473300
0.930780
0.690200
0.489510
0.431600
0.305690
0.221090
0.194430
0.128400
0.095092
0.082763
0.071689
0.043417
0.042166
0.024982
0.024213
0.012876
0.013949
0.011124
0.009894
0.005598
0.003682
0.002562
0.004767
0.001850
0.001580
0.001827
0.002139
0.000621
0.000758
0.000227
0.000879
0.000269
0.000140
0.000167
0.000020
0.000098
0.000081
0.000129
0.000074
0.000056
0.000015
0.000007
0.000030
0.000001
0.000009
0.000003
0.000001
0.000030
0.000004
0.000000
0.000000
0.000010
0.000000
0.000008
0.000000
0.000000
0.000000
0.000000
0.000003
0.000000
0.000000
0.000000
0.000000
0.000000
0.000000
0.000000
0.000000
0.000000
0.000000
0.000000
0.000000
0.000000
0.000000
0.000000
0.000000
0.000000
0.000000
0.000000
0.000000
0.000000
0.000000
0.000000
0.000000
0.000000
0.000000
0.000000
0.000000
0.000000
0.000000
0.000000
0.000000
0.000000
0.000000
0.000000
0.000000
0.000000
0.000000
0.000000
0.000000
0.000000
0.000000
0.000000
0.000000
0.000000
0.000000
0.000000
0.000000
0.000000
0.000000
0.000000
0.000000
0.000000
0.000000
0.000000
0.000000
0.000000
0.000000
0.000000
0.000000
0.000000
0.000000
0.000000
0.000000
0.000000
0.000000
0.000000
0.000000
0.000000
0.000000
0.000000
0.000000
0.000000
0.000000
0.000000
0.000000
0.000000
0.000000
0.000000
0.000000
0.000000
0.000000
0.000000
0.000000
0.000000
0.000000
0.000000
0.000000
0.000000
0.000000
0.000000
0.000000
0.000000
0.000000
0.000000
0.000000
0.000000
0.000000
0.000000
0.000000
0.000000
0.000000
0.000000
0.000000
0.000000
0.000000
0.000000
0.000000
0.000000
0.000000
0.000000
0.000000
0.000000
0.000000
0.000000
0.000000
0.000000
0.000000
0.000000
0.000000
0.000000
0.000000
0.000000
0.000000
0.000000
0.000000
0.000000
0.000000
