55.813900
21.415300
980.860000
202.740000
86.686000
51.411000
32.858000
21.824000
16.675000
12.089000
8.358400
6.934200
5.493100
4.294100
3.113100
2.557300
2.050300
1.743600
1.301300
0.975170
0.894300
0.687400
0.567170
0.463920
0.330650
0.310100
0.262890
0.218640
0.185520
0.156230
0.146350
0.120800
0.075636
0.073129
0.047594
0.059060
0.040705
0.032212
0.034223
0.020868
0.019561
0.025566
0.012130
0.013833
0.015412
0.011015
0.012847
0.004176
0.006136
0.005374
0.002259
0.001671
0.003911
0.003171
0.002673
0.001324
0.000988
0.001708
0.000434
0.000857
0.000487
0.000602
0.000492
0.000090
0.000294
0.000118
0.000242
0.000267
0.000027
0.000045
0.000074
0.000219
0.000044
0.000014
0.000088
0.000055
0.000034
0.000010
0.000000
0.000083
0.000000
0.000036
0.000001
0.000008
0.000000
0.000000
0.000010
0.000032
0.000028
0.000000
0.000000
0.000005
0.000000
0.000000
0.000000
0.000009
0.000000
0.000000
0.000000
0.000000
0.000000
0.000001
0.000000
0.000000
0.000000
0.000000
0.000000
0.000000
0.000000
0.000000
0.000000
0.000000
0.000000
0.000000
0.000000
0.000000
0.000000
0.000000
0.000000
0.000000
0.000000
0.000000
0.000000
0.000000
0.000000
0.000000
0.000000
0.000000
0.000000
0.000000
0.000000
0.000000
0.000000
0.000000
0.000000
0.000000
0.000000
0.000000
0.000000
0.000000
0.000000
0.000000
0.000000
0.000000
0.000000
0.000000
0.000000
0.000000
0.000000
0.000000
0.000000
0.000000
0.000000
0.000000
0.000000
0.000000
0.000000
0.000000
0.000000
0.000000
0.000000
0.000000
0.000000
0.000000
0.000000
0.000000
0.000000
0.000000
0.000000
0.000000
0.000000
0.000000
0.000000
0.000000
0.000000
0.000000
0.000000
0.000000
0.000000
0.000000
0.000000
0.000000
0.000000
0.000000
0.000000
0.000000
0.000000
0.000000
0.000000
0.000000
0.000000
0.000000
0.000000
0.000000
0.000000
0.000000
0.000000
0.000000
0.000000
0.000000
0.000000
0.000000
