73.977000
16.253100
852.910000
156.270000
66.993000
40.200000
25.810000
16.153000
10.967000
7.432100
5.930100
4.496700
3.653000
2.425700
2.021000
1.658300
1.373100
1.143800
0.886840
0.739900
0.619390
0.567690
0.459770
0.386120
0.264810
0.264520
0.222710
0.185810
0.147460
0.131500
0.106680
0.087837
0.106320
0.067793
0.055200
0.039644
0.046768
0.033576
0.026029
0.022898
0.018282
0.021758
0.020227
0.009651
0.010951
0.012490
0.002303
0.006681
0.005874
0.009237
0.001933
0.002300
0.001853
0.001447
0.000346
0.001099
0.001067
0.000726
0.002123
0.000477
0.000499
0.000377
0.000657
0.000049
0.000398
0.000205
0.000370
0.000448
0.000203
0.000304
0.000046
0.000021
0.000070
0.000011
0.000009
0.000012
0.000041
0.000037
0.000279
0.000003
0.000012
0.000009
0.000000
0.000015
0.000016
0.000004
0.000000
0.000005
0.000000
0.000000
0.000001
0.000001
0.000003
0.000000
0.000000
0.000000
0.000000
0.000000
0.000000
0.000000
0.000000
0.000000
0.000000
0.000000
0.000000
0.000000
0.000000
0.000000
0.000000
0.000000
0.000000
0.000000
0.000000
0.000000
0.000000
0.000000
0.000000
0.000000
0.000000
0.000000
0.000000
0.000000
0.000000
0.000000
0.000000
0.000000
0.000000
0.000000
0.000000
0.000000
0.000000
0.000000
0.000000
0.000000
0.000000
0.000000
0.000000
0.000000
0.000000
0.000000
0.000000
0.000000
0.000000
0.000000
0.000000
0.000000
0.000000
0.000000
0.000000
0.000000
0.000000
0.000000
0.000000
0.000000
0.000000
0.000000
0.000000
0.000000
0.000000
0.000000
0.000000
0.000000
0.000000
0.000000
0.000000
0.000000
0.000000
0.000000
0.000000
0.000000
0.000000
0.000000
0.000000
0.000000
0.000000
0.000000
0.000000
0.000000
0.000000
0.000000
0.000000
0.000000
0.000000
0.000000
0.000000
0.000000
0.000000
0.000000
0.000000
0.000000
0.000000
0.000000
0.000000
0.000000
0.000000
0.000000
0.000000
0.000000
0.000000
0.000000
0.000000
0.000000
