82.576200
14.989900
834.780000
164.530000
60.910000
35.115000
21.490000
13.097000
9.783700
6.334500
4.818200
3.936600
2.674700
1.919800
1.652300
1.504300
1.089000
0.948060
0.670040
0.584880
0.567170
0.432970
0.425000
0.231270
0.261610
0.172190
0.160960
0.125400
0.156210
0.112530
0.108380
0.059005
0.065348
0.066887
0.041936
0.034144
0.032860
0.042373
0.027325
0.020972
0.019288
0.018620
0.009407
0.009729
0.009477
0.007870
0.008284
0.007765
0.005109
0.002475
0.001713
0.002181
0.002309
0.002647
0.001520
0.001326
0.001108
0.001563
0.001521
0.001617
0.000729
0.000780
0.000291
0.000247
0.000898
0.000078
0.000009
0.000115
0.000151
0.000073
0.000108
0.000329
0.000045
0.000090
0.000056
0.000019
0.000001
0.000000
0.000016
0.000002
0.000002
0.000008
0.000000
0.000002
0.000000
0.000025
0.000004
0.000000
0.000000
0.000000
0.000000
0.000000
0.000000
0.000000
0.000011
0.000000
0.000000
0.000001
0.000002
0.000000
0.000000
0.000000
0.000000
0.000000
0.000000
0.000000
0.000000
0.000000
0.000000
0.000000
0.000000
0.000000
0.000000
0.000000
0.000000
0.000000
0.000000
0.000000
0.000000
0.000000
0.000013
0.000000
0.000000
0.000000
0.000000
0.000000
0.000000
0.000000
0.000000
0.000000
0.000000
0.000000
0.000000
0.000000
0.000000
0.000000
0.000000
0.000000
0.000000
0.000000
0.000000
0.000000
0.000000
0.000000
0.000000
0.000000
0.000000
0.000000
0.000000
0.000000
0.000000
0.000000
0.000000
0.000000
0.000000
0.000000
0.000000
0.000000
0.000000
0.000000
0.000000
0.000000
0.000000
0.000000
0.000000
0.000000
0.000000
0.000000
0.000000
0.000000
0.000000
0.000000
0.000000
0.000000
0.000000
0.000000
0.000000
0.000000
0.000000
0.000000
0.000000
0.000000
0.000000
0.000000
0.000000
0.000000
0.000000
0.000000
0.000000
0.000000
0.000000
0.000000
0.000000
0.000000
0.000000
0.000000
0.000000
0.000000
0.000000
0.000000
0.000000
0.000000
