41.941000
51.585700
982.580000
227.860000
101.910000
60.495000
41.938000
25.733000
19.753000
13.703000
10.045000
7.853800
5.539600
4.697300
3.093400
2.443400
1.756300
1.276100
1.053700
0.725630
0.571910
0.452950
0.371120
0.289190
0.202420
0.154630
0.119300
0.084148
0.085657
0.064601
0.062303
0.039005
0.027227
0.024661
0.017770
0.010175
0.009698
0.010837
0.008972
0.006738
0.004135
0.001802
0.003115
0.001548
0.001782
0.000998
0.001386
0.000603
0.000156
0.000244
0.000338
0.000313
0.000634
0.000184
0.000089
0.000036
0.000020
0.000038
0.000011
0.000009
0.000000
0.000274
0.000017
0.000009
0.000000
0.000024
0.000003
0.000000
0.000000
0.000000
0.000000
0.000015
0.000000
0.000000
0.000000
0.000000
0.000003
0.000000
0.000000
0.000000
0.000000
0.000000
0.000000
0.000000
0.000000
0.000000
0.000000
0.000000
0.000000
0.000000
0.000000
0.000000
0.000000
0.000000
0.000000
0.000000
0.000000
0.000000
0.000000
0.000000
0.000000
0.000000
0.000000
0.000000
0.000000
0.000000
0.000000
0.000000
0.000000
0.000000
0.000000
0.000000
0.000000
0.000000
0.000000
0.000000
0.000000
0.000000
0.000000
0.000000
0.000000
0.000000
0.000000
0.000000
0.000000
0.000000
0.000000
0.000000
0.000000
0.000000
0.000000
0.000000
0.000000
0.000000
0.000000
0.000000
0.000000
0.000000
0.000000
0.000000
0.000000
0.000000
0.000000
0.000000
0.000000
0.000000
0.000000
0.000000
0.000000
0.000000
0.000000
0.000000
0.000000
0.000000
0.000000
0.000000
0.000000
0.000000
0.000000
0.000000
0.000000
0.000000
0.000000
0.000000
0.000000
0.000000
0.000000
0.000000
0.000000
0.000000
0.000000
0.000000
0.000000
0.000000
0.000000
0.000000
0.000000
0.000000
0.000000
0.000000
0.000000
0.000000
0.000000
0.000000
0.000000
0.000000
0.000000
0.000000
0.000000
0.000000
0.000000
0.000000
0.000000
0.000000
0.000000
0.000000
0.000000
0.000000
0.000000
0.000000
0.000000
0.000000
