88.498600
22.717400
786.570000
142.220000
57.149000
31.664000
18.486000
11.616000
7.889100
5.113800
3.910700
2.573700
1.680700
1.632800
1.163100
0.789470
0.699900
0.569390
0.389480
0.326530
0.271220
0.282820
0.180020
0.163400
0.117060
0.120160
0.084374
0.056979
0.078458
0.046840
0.043699
0.027334
0.031563
0.017079
0.012183
0.018228
0.013289
0.007342
0.011556
0.012415
0.005180
0.007923
0.004122
0.004621
0.001795
0.003075
0.001897
0.001684
0.001236
0.001504
0.000792
0.001528
0.000361
0.000859
0.000320
0.000779
0.000415
0.000297
0.000535
0.000214
0.000073
0.000038
0.000047
0.000091
0.000061
0.000000
0.000025
0.000000
0.000003
0.000075
0.000101
0.000002
0.000006
0.000023
0.000001
0.000000
0.000026
0.000018
0.000003
0.000000
0.000000
0.000012
0.000000
0.000009
0.000000
0.000000
0.000000
0.000000
0.000000
0.000000
0.000000
0.000000
0.000000
0.000000
0.000000
0.000000
0.000000
0.000000
0.000000
0.000000
0.000002
0.000000
0.000000
0.000000
0.000000
0.000000
0.000000
0.000000
0.000000
0.000000
0.000000
0.000000
0.000000
0.000000
0.000000
0.000000
0.000000
0.000000
0.000000
0.000000
0.000000
0.000000
0.000000
0.000000
0.000000
0.000000
0.000000
0.000000
0.000000
0.000000
0.000000
0.000000
0.000000
0.000000
0.000000
0.000000
0.000000
0.000000
0.000000
0.000000
0.000000
0.000000
0.000000
0.000000
0.000000
0.000000
0.000000
0.000000
0.000000
0.000000
0.000000
0.000000
0.000000
0.000000
0.000000
0.000000
0.000000
0.000000
0.000000
0.000000
0.000000
0.000000
0.000000
0.000000
0.000000
0.000000
0.000000
0.000000
0.000000
0.000000
0.000000
0.000000
0.000000
0.000000
0.000000
0.000000
0.000000
0.000000
0.000000
0.000000
0.000000
0.000000
0.000000
0.000000
0.000000
0.000000
0.000000
0.000000
0.000000
0.000000
0.000000
0.000000
0.000000
0.000000
0.000000
0.000000
0.000000
0.000000
0.000000
0.000000
0.000000
0.000000
