86.070200
21.347100
809.160000
135.690000
58.006000
29.953000
16.708000
12.216000
8.542700
5.651900
3.877700
2.938600
2.082400
1.639300
1.248100
0.976710
0.852080
0.692270
0.507990
0.447720
0.286850
0.229400
0.214850
0.169860
0.176300
0.098607
0.087998
0.085456
0.058251
0.053189
0.056766
0.038875
0.044290
0.026404
0.022006
0.019106
0.014370
0.008981
0.012762
0.010617
0.005906
0.004498
0.005676
0.002518
0.007423
0.002670
0.001845
0.003414
0.000847
0.000680
0.004543
0.000830
0.000704
0.001028
0.000534
0.000397
0.000926
0.000505
0.000048
0.000665
0.000022
0.000170
0.000064
0.000016
0.000073
0.000018
0.000175
0.000021
0.000002
0.000014
0.000002
0.000003
0.000002
0.000015
0.000000
0.000007
0.000000
0.000001
0.000032
0.000000
0.000004
0.000005
0.000000
0.000000
0.000000
0.000000
0.000000
0.000000
0.000056
0.000000
0.000000
0.000000
0.000000
0.000000
0.000000
0.000000
0.000000
0.000000
0.000000
0.000000
0.000000
0.000000
0.000000
0.000000
0.000000
0.000000
0.000000
0.000000
0.000000
0.000000
0.000000
0.000000
0.000000
0.000000
0.000000
0.000000
0.000000
0.000000
0.000000
0.000000
0.000000
0.000000
0.000000
0.000000
0.000000
0.000000
0.000000
0.000000
0.000000
0.000000
0.000000
0.000000
0.000000
0.000000
0.000000
0.000000
0.000000
0.000000
0.000000
0.000000
0.000000
0.000000
0.000000
0.000000
0.000000
0.000000
0.000000
0.000000
0.000000
0.000000
0.000000
0.000000
0.000000
0.000000
0.000000
0.000000
0.000000
0.000000
0.000000
0.000000
0.000000
0.000000
0.000000
0.000000
0.000000
0.000000
0.000000
0.000000
0.000000
0.000000
0.000000
0.000000
0.000000
0.000000
0.000000
0.000000
0.000000
0.000000
0.000000
0.000000
0.000000
0.000000
0.000000
0.000000
0.000000
0.000000
0.000000
0.000000
0.000000
0.000000
0.000000
0.000000
0.000000
0.000000
0.000000
0.000000
0.000000
0.000000
0.000000
0.000000
0.000000
0.000000
