81.706200
20.927100
837.450000
156.610000
61.491000
34.474000
20.986000
12.948000
8.595400
6.046100
4.341900
3.098900
2.664900
1.907100
1.609800
1.076600
0.820520
0.839920
0.561930
0.449280
0.333230
0.295220
0.239800
0.159640
0.131660
0.138840
0.119590
0.080530
0.088999
0.086447
0.056824
0.030838
0.025496
0.026546
0.028179
0.024626
0.018169
0.020338
0.008820
0.011150
0.010179
0.005056
0.009525
0.008178
0.006228
0.003330
0.003256
0.003336
0.001087
0.001552
0.004496
0.001643
0.000744
0.000331
0.000376
0.000674
0.000440
0.000530
0.000570
0.000091
0.000292
0.000245
0.000169
0.000002
0.000348
0.000174
0.000186
0.000224
0.000306
0.000028
0.000106
0.000013
0.000005
0.000068
0.000076
0.000108
0.000000
0.000005
0.000002
0.000000
0.000000
0.000000
0.000000
0.000000
0.000000
0.000000
0.000000
0.000000
0.000000
0.000063
0.000000
0.000000
0.000000
0.000000
0.000001
0.000000
0.000000
0.000000
0.000000
0.000000
0.000000
0.000008
0.000000
0.000001
0.000000
0.000000
0.000000
0.000000
0.000000
0.000000
0.000000
0.000000
0.000000
0.000000
0.000000
0.000000
0.000000
0.000000
0.000000
0.000000
0.000000
0.000000
0.000000
0.000000
0.000000
0.000000
0.000000
0.000000
0.000000
0.000000
0.000000
0.000000
0.000000
0.000000
0.000000
0.000000
0.000000
0.000000
0.000000
0.000000
0.000000
0.000000
0.000000
0.000000
0.000000
0.000000
0.000000
0.000000
0.000000
0.000000
0.000000
0.000000
0.000000
0.000000
0.000000
0.000000
0.000000
0.000000
0.000000
0.000000
0.000000
0.000000
0.000000
0.000000
0.000000
0.000000
0.000000
0.000000
0.000000
0.000000
0.000000
0.000000
0.000000
0.000000
0.000000
0.000000
0.000000
0.000000
0.000000
0.000000
0.000000
0.000000
0.000000
0.000000
0.000000
0.000000
0.000000
0.000000
0.000000
0.000000
0.000000
0.000000
0.000000
0.000000
0.000000
0.000000
0.000000
0.000000
0.000000
0.000000
0.000000
0.000000
