48.000200
43.845700
935.260000
213.020000
101.630000
58.200000
38.317000
22.006000
17.296000
12.926000
8.637400
6.501500
5.056100
3.755000
3.232800
2.069800
1.892200
1.279300
1.072700
0.818390
0.456160
0.398710
0.339570
0.258740
0.188500
0.139890
0.117240
0.085768
0.084982
0.058180
0.047585
0.038761
0.026769
0.030397
0.017619
0.012891
0.009356
0.009398
0.006356
0.006799
0.002933
0.003593
0.001971
0.000792
0.001687
0.001467
0.000695
0.000916
0.000596
0.000566
0.000699
0.000296
0.000321
0.000229
0.000071
0.000172
0.000138
0.000314
0.000033
0.000010
0.000088
0.000013
0.000048
0.000010
0.000002
0.000039
0.000010
0.000000
0.000003
0.000000
0.000001
0.000009
0.000000
0.000000
0.000002
0.000000
0.000000
0.000000
0.000000
0.000000
0.000000
0.000000
0.000000
0.000000
0.000000
0.000002
0.000000
0.000000
0.000000
0.000000
0.000000
0.000000
0.000000
0.000000
0.000000
0.000000
0.000000
0.000000
0.000000
0.000000
0.000000
0.000000
0.000000
0.000000
0.000000
0.000000
0.000000
0.000000
0.000000
0.000000
0.000000
0.000000
0.000000
0.000000
0.000000
0.000000
0.000000
0.000000
0.000000
0.000000
0.000000
0.000000
0.000000
0.000000
0.000000
0.000000
0.000000
0.000000
0.000000
0.000000
0.000000
0.000000
0.000000
0.000000
0.000000
0.000000
0.000000
0.000000
0.000000
0.000000
0.000000
0.000000
0.000000
0.000000
0.000000
0.000000
0.000000
0.000000
0.000000
0.000000
0.000000
0.000000
0.000000
0.000000
0.000000
0.000000
0.000000
0.000000
0.000000
0.000000
0.000000
0.000000
0.000000
0.000000
0.000000
0.000000
0.000000
0.000000
0.000000
0.000000
0.000000
0.000000
0.000000
0.000000
0.000000
0.000000
0.000000
0.000000
0.000000
0.000000
0.000000
0.000000
0.000000
0.000000
0.000000
0.000000
0.000000
0.000000
0.000000
0.000000
0.000000
0.000000
0.000000
0.000000
0.000000
0.000000
0.000000
0.000000
0.000000
0.000000
0.000000
0.000000
