44.399100
20.286800
945.810000
229.830000
109.660000
64.754000
43.479000
31.884000
20.748000
15.513000
12.337000
9.730600
7.431400
6.171300
4.978200
3.719300
3.138600
2.300600
2.258000
1.766400
1.147900
1.052600
0.898340
0.718010
0.589790
0.575580
0.389760
0.345330
0.304320
0.256780
0.235410
0.218360
0.133740
0.128380
0.100410
0.116360
0.071161
0.049723
0.045186
0.048597
0.035174
0.034063
0.018974
0.028351
0.016826
0.017266
0.011349
0.008827
0.007608
0.005825
0.007306
0.003657
0.003672
0.004216
0.002938
0.001371
0.003183
0.001566
0.002878
0.000924
0.001349
0.000582
0.000353
0.000402
0.000568
0.000323
0.000202
0.000264
0.000696
0.000294
0.000137
0.000120
0.000164
0.000039
0.000048
0.000314
0.000007
0.000011
0.000060
0.000177
0.000026
0.000011
0.000015
0.000006
0.000015
0.000015
0.000002
0.000001
0.000001
0.000033
0.000008
0.000005
0.000003
0.000001
0.000000
0.000000
0.000001
0.000000
0.000002
0.000001
0.000000
0.000000
0.000000
0.000000
0.000000
0.000000
0.000000
0.000000
0.000000
0.000000
0.000000
0.000000
0.000000
0.000000
0.000000
0.000000
0.000000
0.000000
0.000000
0.000000
0.000000
0.000000
0.000000
0.000000
0.000000
0.000000
0.000000
0.000000
0.000000
0.000000
0.000000
0.000000
0.000000
0.000000
0.000000
0.000000
0.000000
0.000000
0.000000
0.000000
0.000000
0.000000
0.000000
0.000000
0.000000
0.000000
0.000000
0.000000
0.000000
0.000000
0.000000
0.000000
0.000000
0.000000
0.000000
0.000000
0.000000
0.000000
0.000000
0.000000
0.000000
0.000000
0.000000
0.000000
0.000000
0.000000
0.000000
0.000000
0.000000
0.000000
0.000000
0.000000
0.000000
0.000000
0.000000
0.000000
0.000000
0.000000
0.000000
0.000000
0.000000
0.000000
0.000000
0.000000
0.000000
0.000000
0.000000
0.000000
0.000000
0.000000
0.000000
0.000000
0.000000
0.000000
0.000000
0.000000
0.000000
0.000000
0.000000
0.000000
0.000000
0.000000
