65.872800
49.624700
861.740000
194.500000
75.672000
39.189000
26.218000
16.970000
11.285000
7.198000
5.013400
3.959900
2.832300
2.124200
1.346300
1.081800
0.722570
0.580590
0.419000
0.280960
0.240840
0.217270
0.131020
0.125020
0.073713
0.056729
0.036057
0.041103
0.022946
0.020761
0.012615
0.010502
0.008382
0.005702
0.004228
0.005204
0.003250
0.001492
0.001440
0.000791
0.000980
0.000319
0.000578
0.000432
0.000201
0.000850
0.000211
0.000038
0.000133
0.000038
0.000071
0.000022
0.000123
0.000020
0.000053
0.000033
0.000007
0.000015
0.000006
0.000013
0.000000
0.000000
0.000000
0.000004
0.000002
0.000000
0.000006
0.000000
0.000006
0.000003
0.000000
0.000003
0.000000
0.000000
0.000000
0.000000
0.000000
0.000000
0.000000
0.000000
0.000000
0.000000
0.000000
0.000000
0.000000
0.000000
0.000000
0.000000
0.000000
0.000000
0.000000
0.000000
0.000000
0.000000
0.000000
0.000000
0.000000
0.000000
0.000000
0.000000
0.000000
0.000000
0.000000
0.000000
0.000000
0.000000
0.000000
0.000000
0.000000
0.000000
0.000000
0.000000
0.000000
0.000000
0.000000
0.000000
0.000000
0.000000
0.000000
0.000000
0.000000
0.000000
0.000000
0.000000
0.000000
0.000000
0.000000
0.000000
0.000000
0.000000
0.000000
0.000000
0.000000
0.000000
0.000000
0.000000
0.000000
0.000000
0.000000
0.000000
0.000000
0.000000
0.000000
0.000000
0.000000
0.000000
0.000000
0.000000
0.000000
0.000000
0.000000
0.000000
0.000000
0.000000
0.000000
0.000000
0.000000
0.000000
0.000000
0.000000
0.000000
0.000000
0.000000
0.000000
0.000000
0.000000
0.000000
0.000000
0.000000
0.000000
0.000000
0.000000
0.000000
0.000000
0.000000
0.000000
0.000000
0.000000
0.000000
0.000000
0.000000
0.000000
0.000000
0.000000
0.000000
0.000000
0.000000
0.000000
0.000000
0.000000
0.000000
0.000000
0.000000
0.000000
0.000000
0.000000
0.000000
0.000000
0.000000
0.000000
0.000000
0.000000
