74.443200
25.963900
846.180000
165.260000
67.744000
38.606000
23.168000
15.929000
9.973400
6.692300
5.300700
4.242100
2.420300
2.099000
1.795900
1.133400
0.840170
0.826990
0.564840
0.442880
0.387960
0.309050
0.208550
0.201230
0.150660
0.118000
0.107280
0.084879
0.074491
0.030911
0.029179
0.038960
0.026925
0.025286
0.033556
0.016226
0.017614
0.009476
0.009469
0.009192
0.008397
0.012262
0.005084
0.003519
0.002683
0.001250
0.002280
0.002443
0.001827
0.000290
0.001309
0.000222
0.000645
0.000780
0.000375
0.000358
0.000122
0.000109
0.000222
0.000126
0.000239
0.000049
0.000064
0.000051
0.000021
0.000015
0.000000
0.000000
0.000000
0.000045
0.000021
0.000009
0.000015
0.000002
0.000000
0.000000
0.000000
0.000000
0.000002
0.000000
0.000000
0.000000
0.000000
0.000000
0.000000
0.000000
0.000000
0.000005
0.000000
0.000000
0.000000
0.000000
0.000000
0.000000
0.000000
0.000002
0.000000
0.000000
0.000000
0.000000
0.000000
0.000000
0.000000
0.000000
0.000000
0.000000
0.000000
0.000000
0.000000
0.000000
0.000000
0.000000
0.000000
0.000000
0.000000
0.000000
0.000000
0.000000
0.000000
0.000000
0.000000
0.000000
0.000000
0.000000
0.000000
0.000000
0.000000
0.000000
0.000000
0.000000
0.000000
0.000000
0.000000
0.000000
0.000000
0.000000
0.000000
0.000000
0.000000
0.000000
0.000000
0.000000
0.000000
0.000000
0.000000
0.000000
0.000000
0.000000
0.000000
0.000000
0.000000
0.000000
0.000000
0.000000
0.000000
0.000000
0.000000
0.000000
0.000000
0.000000
0.000000
0.000000
0.000000
0.000000
0.000000
0.000000
0.000000
0.000000
0.000000
0.000000
0.000000
0.000000
0.000000
0.000000
0.000000
0.000000
0.000000
0.000000
0.000000
0.000000
0.000000
0.000000
0.000000
0.000000
0.000000
0.000000
0.000000
0.000000
0.000000
0.000000
0.000000
0.000000
0.000000
0.000000
0.000000
0.000000
0.000000
0.000000
0.000000
0.000000
0.000000
0.000000
