82.032600
21.381900
815.600000
162.170000
68.227000
32.614000
20.252000
13.223000
8.956000
6.687800
4.362800
3.585600
2.226000
1.681400
1.429800
1.220000
0.915000
0.645430
0.490200
0.438760
0.368330
0.360540
0.301180
0.201820
0.178280
0.146630
0.103410
0.102490
0.054220
0.074644
0.046663
0.036762
0.053105
0.035059
0.027275
0.021603
0.015520
0.015103
0.011910
0.006599
0.007142
0.009380
0.006633
0.005368
0.003974
0.001723
0.003395
0.001638
0.002337
0.000549
0.000790
0.000615
0.000245
0.001199
0.000238
0.000360
0.000333
0.000241
0.000200
0.000021
0.000128
0.000819
0.000306
0.000079
0.000148
0.000027
0.000032
0.000029
0.000060
0.000033
0.000058
0.000027
0.000004
0.000065
0.000047
0.000000
0.000006
0.000000
0.000033
0.000003
0.000000
0.000000
0.000000
0.000018
0.000022
0.000000
0.000000
0.000011
0.000000
0.000000
0.000000
0.000000
0.000001
0.000000
0.000000
0.000000
0.000000
0.000000
0.000000
0.000000
0.000000
0.000000
0.000000
0.000000
0.000000
0.000000
0.000000
0.000000
0.000000
0.000000
0.000000
0.000000
0.000000
0.000000
0.000000
0.000000
0.000000
0.000000
0.000000
0.000000
0.000000
0.000000
0.000000
0.000000
0.000000
0.000000
0.000000
0.000000
0.000000
0.000000
0.000000
0.000000
0.000000
0.000000
0.000000
0.000000
0.000000
0.000000
0.000000
0.000000
0.000000
0.000000
0.000000
0.000000
0.000000
0.000000
0.000000
0.000000
0.000000
0.000000
0.000000
0.000000
0.000000
0.000000
0.000000
0.000000
0.000000
0.000000
0.000000
0.000000
0.000000
0.000000
0.000000
0.000000
0.000000
0.000000
0.000000
0.000000
0.000000
0.000000
0.000000
0.000000
0.000000
0.000000
0.000000
0.000000
0.000000
0.000000
0.000000
0.000000
0.000000
0.000000
0.000000
0.000000
0.000000
0.000000
0.000000
0.000000
0.000000
0.000000
0.000000
0.000000
0.000000
0.000000
0.000000
0.000000
0.000000
0.000000
0.000000
0.000000
0.000000
0.000000
