46.055000
31.412700
978.040000
225.550000
104.480000
58.315000
39.180000
27.728000
18.151000
13.275000
11.131000
7.506900
5.594000
4.660500
3.576600
3.011500
1.968700
1.586700
1.361500
1.130700
0.829300
0.594890
0.501700
0.408000
0.348640
0.260250
0.227050
0.171980
0.152200
0.105040
0.095599
0.100620
0.051865
0.050495
0.044753
0.029597
0.040956
0.026244
0.021781
0.011893
0.017831
0.007239
0.008927
0.006786
0.006216
0.007517
0.004343
0.004564
0.003484
0.001317
0.001208
0.001346
0.000917
0.000654
0.000315
0.000705
0.000331
0.000712
0.000256
0.000115
0.000355
0.000046
0.000180
0.000220
0.000029
0.000029
0.000128
0.000022
0.000034
0.000070
0.000014
0.000009
0.000000
0.000005
0.000032
0.000002
0.000000
0.000001
0.000000
0.000010
0.000006
0.000015
0.000000
0.000000
0.000003
0.000000
0.000000
0.000000
0.000000
0.000000
0.000000
0.000000
0.000000
0.000000
0.000000
0.000000
0.000000
0.000000
0.000000
0.000000
0.000000
0.000000
0.000000
0.000000
0.000000
0.000000
0.000000
0.000000
0.000000
0.000000
0.000000
0.000000
0.000000
0.000000
0.000000
0.000000
0.000000
0.000000
0.000000
0.000000
0.000000
0.000000
0.000000
0.000000
0.000000
0.000000
0.000000
0.000000
0.000000
0.000000
0.000000
0.000000
0.000000
0.000000
0.000000
0.000000
0.000000
0.000000
0.000000
0.000000
0.000000
0.000000
0.000000
0.000000
0.000000
0.000000
0.000000
0.000000
0.000000
0.000000
0.000000
0.000000
0.000000
0.000000
0.000000
0.000000
0.000000
0.000000
0.000000
0.000000
0.000000
0.000000
0.000000
0.000000
0.000000
0.000000
0.000000
0.000000
0.000000
0.000000
0.000000
0.000000
0.000000
0.000000
0.000000
0.000000
0.000000
0.000000
0.000000
0.000000
0.000000
0.000000
0.000000
0.000000
0.000000
0.000000
0.000000
0.000000
0.000000
0.000000
0.000000
0.000000
0.000000
0.000000
0.000000
0.000000
0.000000
0.000000
0.000000
0.000000
0.000000
0.000000
