65.691200
11.338400
909.930000
178.490000
81.740000
44.851000
28.401000
20.196000
15.738000
10.941000
7.633100
6.159300
4.517100
4.354500
3.148400
2.288700
2.128200
1.917100
1.497500
1.228800
1.020900
0.878840
0.764680
0.642780
0.531920
0.416060
0.445460
0.266650
0.259730
0.232560
0.219250
0.224760
0.204120
0.109310
0.111850
0.091237
0.091094
0.081922
0.049589
0.041535
0.051952
0.041258
0.038342
0.022653
0.026256
0.028168
0.019150
0.013151
0.009375
0.013543
0.012419
0.008334
0.008449
0.006343
0.006202
0.008667
0.003197
0.006079
0.003801
0.001277
0.003254
0.000644
0.001714
0.003514
0.001113
0.000692
0.001865
0.000590
0.000753
0.001183
0.000435
0.001845
0.000538
0.000559
0.000320
0.000044
0.000127
0.000065
0.000109
0.000031
0.000107
0.000001
0.000045
0.000031
0.000381
0.000004
0.000044
0.000000
0.000028
0.000418
0.000007
0.000000
0.000002
0.000014
0.000000
0.000000
0.000024
0.000000
0.000000
0.000001
0.000000
0.000001
0.000012
0.000001
0.000000
0.000000
0.000000
0.000000
0.000004
0.000000
0.000000
0.000000
0.000000
0.000000
0.000000
0.000000
0.000000
0.000000
0.000000
0.000006
0.000000
0.000000
0.000000
0.000000
0.000000
0.000000
0.000000
0.000000
0.000000
0.000000
0.000000
0.000000
0.000000
0.000000
0.000000
0.000000
0.000000
0.000000
0.000000
0.000000
0.000000
0.000000
0.000000
0.000000
0.000000
0.000000
0.000000
0.000000
0.000000
0.000000
0.000000
0.000000
0.000000
0.000000
0.000000
0.000000
0.000000
0.000000
0.000000
0.000000
0.000000
0.000000
0.000000
0.000000
0.000000
0.000000
0.000000
0.000000
0.000000
0.000000
0.000000
0.000000
0.000000
0.000000
0.000000
0.000000
0.000000
0.000000
0.000000
0.000000
0.000000
0.000000
0.000000
0.000000
0.000000
0.000000
0.000000
0.000000
0.000000
0.000000
0.000000
0.000000
0.000000
0.000000
0.000000
0.000000
0.000000
0.000000
0.000000
0.000000
0.000000
0.000000
