57.856400
45.511100
895.560000
189.150000
83.774000
46.709000
29.173000
17.562000
12.720000
9.276100
6.505600
5.084600
3.647700
2.750100
2.010500
1.406900
1.017800
0.808890
0.668610
0.517830
0.364340
0.253650
0.211400
0.158970
0.139420
0.094982
0.086778
0.062054
0.046395
0.031885
0.028174
0.017027
0.016659
0.013209
0.006084
0.009150
0.004080
0.003404
0.003668
0.003132
0.002091
0.001098
0.001647
0.001392
0.000275
0.000689
0.001158
0.000142
0.000322
0.000166
0.000308
0.000049
0.000075
0.000059
0.000126
0.000041
0.000006
0.000040
0.000056
0.000013
0.000012
0.000010
0.000014
0.000012
0.000016
0.000004
0.000000
0.000034
0.000002
0.000000
0.000002
0.000000
0.000000
0.000000
0.000000
0.000000
0.000000
0.000000
0.000000
0.000000
0.000000
0.000000
0.000000
0.000000
0.000000
0.000000
0.000000
0.000000
0.000000
0.000000
0.000000
0.000000
0.000000
0.000000
0.000000
0.000000
0.000000
0.000000
0.000000
0.000000
0.000000
0.000000
0.000000
0.000000
0.000000
0.000000
0.000000
0.000000
0.000000
0.000000
0.000000
0.000000
0.000000
0.000000
0.000000
0.000000
0.000000
0.000000
0.000000
0.000000
0.000000
0.000000
0.000000
0.000000
0.000000
0.000000
0.000000
0.000000
0.000000
0.000000
0.000000
0.000000
0.000000
0.000000
0.000000
0.000000
0.000000
0.000000
0.000000
0.000000
0.000000
0.000000
0.000000
0.000000
0.000000
0.000000
0.000000
0.000000
0.000000
0.000000
0.000000
0.000000
0.000000
0.000000
0.000000
0.000000
0.000000
0.000000
0.000000
0.000000
0.000000
0.000000
0.000000
0.000000
0.000000
0.000000
0.000000
0.000000
0.000000
0.000000
0.000000
0.000000
0.000000
0.000000
0.000000
0.000000
0.000000
0.000000
0.000000
0.000000
0.000000
0.000000
0.000000
0.000000
0.000000
0.000000
0.000000
0.000000
0.000000
0.000000
0.000000
0.000000
0.000000
0.000000
0.000000
0.000000
0.000000
0.000000
0.000000
0.000000
0.000000
0.000000
