63.415400
38.578100
880.250000
177.270000
80.532000
43.905000
26.933000
16.286000
11.900000
8.065600
6.410600
4.333200
3.215800
2.520600
1.710600
1.323800
1.060900
0.683480
0.650730
0.434610
0.312090
0.232700
0.235770
0.141550
0.138250
0.102880
0.079356
0.059313
0.037705
0.033828
0.024229
0.034011
0.015766
0.016610
0.014074
0.011979
0.007761
0.004942
0.006209
0.002446
0.003885
0.004905
0.001695
0.002150
0.002320
0.001034
0.000742
0.000537
0.000288
0.000809
0.000295
0.000195
0.000143
0.000044
0.000017
0.000061
0.000103
0.000058
0.000028
0.000020
0.000007
0.000027
0.000002
0.000021
0.000005
0.000001
0.000002
0.000002
0.000003
0.000000
0.000000
0.000000
0.000002
0.000000
0.000002
0.000002
0.000000
0.000000
0.000000
0.000000
0.000000
0.000000
0.000000
0.000000
0.000000
0.000000
0.000000
0.000000
0.000000
0.000000
0.000000
0.000000
0.000000
0.000000
0.000000
0.000000
0.000000
0.000000
0.000000
0.000000
0.000000
0.000000
0.000000
0.000000
0.000000
0.000000
0.000000
0.000000
0.000000
0.000000
0.000000
0.000000
0.000000
0.000000
0.000000
0.000000
0.000000
0.000000
0.000000
0.000000
0.000000
0.000000
0.000000
0.000000
0.000000
0.000000
0.000000
0.000000
0.000000
0.000000
0.000000
0.000000
0.000000
0.000000
0.000000
0.000000
0.000000
0.000000
0.000000
0.000000
0.000000
0.000000
0.000000
0.000000
0.000000
0.000000
0.000000
0.000000
0.000000
0.000000
0.000000
0.000000
0.000000
0.000000
0.000000
0.000000
0.000000
0.000000
0.000000
0.000000
0.000000
0.000000
0.000000
0.000000
0.000000
0.000000
0.000000
0.000000
0.000000
0.000000
0.000000
0.000000
0.000000
0.000000
0.000000
0.000000
0.000000
0.000000
0.000000
0.000000
0.000000
0.000000
0.000000
0.000000
0.000000
0.000000
0.000000
0.000000
0.000000
0.000000
0.000000
0.000000
0.000000
0.000000
0.000000
0.000000
0.000000
0.000000
0.000000
0.000000
0.000000
0.000000
