88.715600
28.036200
788.710000
144.630000
59.066000
29.334000
17.293000
10.955000
6.772300
4.287500
3.379600
2.634000
1.700800
1.288200
1.022400
0.716370
0.654080
0.358790
0.348090
0.242790
0.217270
0.214820
0.136110
0.133890
0.087149
0.059009
0.076336
0.051132
0.037174
0.033656
0.035646
0.017752
0.017760
0.013693
0.016113
0.011021
0.007147
0.009728
0.004774
0.006611
0.002863
0.002012
0.000980
0.002190
0.001029
0.000513
0.000656
0.000693
0.000304
0.000213
0.000327
0.000702
0.000228
0.000241
0.000102
0.000109
0.000070
0.000062
0.000011
0.000055
0.000142
0.000152
0.000006
0.000017
0.000019
0.000010
0.000188
0.000000
0.000002
0.000096
0.000006
0.000000
0.000008
0.000053
0.000002
0.000000
0.000004
0.000003
0.000000
0.000000
0.000000
0.000000
0.000001
0.000000
0.000000
0.000000
0.000000
0.000000
0.000002
0.000000
0.000000
0.000000
0.000000
0.000000
0.000000
0.000000
0.000000
0.000000
0.000000
0.000000
0.000000
0.000000
0.000000
0.000000
0.000000
0.000000
0.000000
0.000000
0.000000
0.000000
0.000000
0.000000
0.000000
0.000000
0.000000
0.000000
0.000000
0.000000
0.000000
0.000000
0.000000
0.000000
0.000000
0.000000
0.000000
0.000000
0.000000
0.000000
0.000000
0.000000
0.000000
0.000000
0.000000
0.000000
0.000000
0.000000
0.000000
0.000000
0.000000
0.000000
0.000000
0.000000
0.000000
0.000000
0.000000
0.000000
0.000000
0.000000
0.000000
0.000000
0.000000
0.000000
0.000000
0.000000
0.000000
0.000000
0.000000
0.000000
0.000000
0.000000
0.000000
0.000000
0.000000
0.000000
0.000000
0.000000
0.000000
0.000000
0.000000
0.000000
0.000000
0.000000
0.000000
0.000000
0.000000
0.000000
0.000000
0.000000
0.000000
0.000000
0.000000
0.000000
0.000000
0.000000
0.000000
0.000000
0.000000
0.000000
0.000000
0.000000
0.000000
0.000000
0.000000
0.000000
0.000000
0.000000
0.000000
0.000000
0.000000
0.000000
0.000000
0.000000
