86.785300
26.172600
807.590000
145.230000
63.096000
30.758000
18.107000
11.487000
7.270300
5.731600
3.668200
2.751300
1.972800
1.331200
1.091100
0.708690
0.563440
0.463610
0.416110
0.376460
0.242330
0.204340
0.151310
0.144110
0.090479
0.097589
0.069964
0.060790
0.047879
0.039562
0.027268
0.029280
0.021084
0.016813
0.010746
0.013784
0.010199
0.008463
0.007271
0.004816
0.003801
0.002095
0.004791
0.000999
0.000884
0.001571
0.002690
0.000841
0.001484
0.000633
0.000628
0.000531
0.000149
0.000201
0.000358
0.000215
0.000299
0.000136
0.000316
0.000024
0.000161
0.000011
0.000038
0.000042
0.000022
0.000053
0.000006
0.000011
0.000009
0.000000
0.000013
0.000008
0.000004
0.000002
0.000002
0.000000
0.000000
0.000000
0.000001
0.000000
0.000108
0.000000
0.000000
0.000000
0.000000
0.000000
0.000000
0.000000
0.000000
0.000000
0.000000
0.000000
0.000000
0.000000
0.000000
0.000000
0.000000
0.000000
0.000000
0.000000
0.000000
0.000001
0.000000
0.000000
0.000000
0.000000
0.000000
0.000000
0.000000
0.000000
0.000000
0.000000
0.000000
0.000000
0.000000
0.000000
0.000000
0.000000
0.000000
0.000000
0.000000
0.000000
0.000000
0.000000
0.000000
0.000000
0.000000
0.000000
0.000000
0.000000
0.000000
0.000000
0.000000
0.000000
0.000000
0.000000
0.000000
0.000000
0.000000
0.000000
0.000000
0.000000
0.000000
0.000000
0.000000
0.000000
0.000000
0.000000
0.000000
0.000000
0.000000
0.000000
0.000000
0.000000
0.000000
0.000000
0.000000
0.000000
0.000000
0.000000
0.000000
0.000000
0.000000
0.000000
0.000000
0.000000
0.000000
0.000000
0.000000
0.000000
0.000000
0.000000
0.000000
0.000000
0.000000
0.000000
0.000000
0.000000
0.000000
0.000000
0.000000
0.000000
0.000000
0.000000
0.000000
0.000000
0.000000
0.000000
0.000000
0.000000
0.000000
0.000000
0.000000
0.000000
0.000000
0.000000
0.000000
0.000000
0.000000
0.000000
0.000000
0.000000
