52.455500
18.043200
972.700000
214.790000
90.841000
56.744000
36.660000
23.911000
19.129000
13.348000
10.223000
7.413500
6.139300
4.557500
4.099100
3.263300
2.770900
2.030900
1.913000
1.327900
1.051900
1.092300
0.710670
0.588250
0.561340
0.390310
0.403470
0.354640
0.257320
0.203220
0.206720
0.162750
0.118400
0.113130
0.077973
0.097081
0.039217
0.064229
0.059375
0.037123
0.030597
0.027047
0.022146
0.011754
0.012337
0.010070
0.015194
0.007834
0.011445
0.005780
0.004869
0.007705
0.008622
0.004051
0.003316
0.004095
0.002244
0.001520
0.002587
0.001096
0.002342
0.000439
0.000743
0.000176
0.000565
0.000275
0.000237
0.000126
0.000093
0.000501
0.000033
0.000387
0.000025
0.000265
0.000027
0.000116
0.000071
0.000252
0.000200
0.000014
0.000104
0.000011
0.000005
0.000000
0.000000
0.000002
0.000009
0.000003
0.000004
0.000000
0.000005
0.000003
0.000002
0.000000
0.000000
0.000000
0.000000
0.000000
0.000000
0.000000
0.000000
0.000020
0.000000
0.000000
0.000000
0.000000
0.000002
0.000000
0.000000
0.000000
0.000000
0.000000
0.000000
0.000000
0.000000
0.000000
0.000000
0.000000
0.000000
0.000000
0.000000
0.000000
0.000000
0.000000
0.000000
0.000000
0.000000
0.000000
0.000000
0.000000
0.000000
0.000003
0.000000
0.000000
0.000000
0.000000
0.000000
0.000000
0.000000
0.000000
0.000000
0.000000
0.000000
0.000000
0.000000
0.000000
0.000000
0.000000
0.000000
0.000000
0.000000
0.000000
0.000000
0.000000
0.000000
0.000000
0.000000
0.000000
0.000000
0.000000
0.000000
0.000000
0.000000
0.000000
0.000000
0.000000
0.000000
0.000000
0.000000
0.000000
0.000000
0.000000
0.000000
0.000000
0.000000
0.000000
0.000000
0.000000
0.000000
0.000000
0.000000
0.000000
0.000000
0.000000
0.000000
0.000000
0.000000
0.000000
0.000000
0.000000
0.000000
0.000000
0.000000
0.000000
0.000000
0.000000
0.000000
0.000000
0.000000
0.000000
0.000000
0.000000
