45.416500
12.620100
976.550000
232.900000
115.060000
67.537000
43.159000
31.402000
22.385000
17.515000
13.933000
10.970000
7.875000
6.734000
5.569800
5.088500
3.773900
3.438200
2.626600
2.108900
1.796700
1.545500
1.334700
1.173400
1.054900
0.867970
0.642290
0.637730
0.558550
0.519620
0.393710
0.315500
0.241450
0.212080
0.217860
0.159620
0.127730
0.093789
0.094550
0.109880
0.065785
0.082371
0.047965
0.047540
0.038997
0.033375
0.041104
0.037342
0.027448
0.015631
0.021661
0.011874
0.017099
0.008371
0.004784
0.009522
0.004886
0.004273
0.002247
0.004193
0.004600
0.003753
0.002871
0.000948
0.001608
0.002807
0.002260
0.001413
0.000643
0.000922
0.000554
0.000242
0.000917
0.000929
0.000254
0.000666
0.000261
0.000280
0.000197
0.000489
0.000321
0.000297
0.000029
0.000358
0.000215
0.000002
0.000352
0.000098
0.000000
0.000067
0.000001
0.000026
0.000010
0.000017
0.000006
0.000041
0.000000
0.000000
0.000028
0.000015
0.000038
0.000003
0.000000
0.000000
0.000000
0.000000
0.000000
0.000000
0.000000
0.000000
0.000000
0.000000
0.000000
0.000000
0.000000
0.000000
0.000000
0.000001
0.000000
0.000000
0.000000
0.000000
0.000000
0.000000
0.000000
0.000000
0.000000
0.000000
0.000000
0.000000
0.000000
0.000000
0.000000
0.000000
0.000000
0.000000
0.000000
0.000000
0.000000
0.000000
0.000004
0.000000
0.000000
0.000000
0.000000
0.000000
0.000000
0.000000
0.000000
0.000000
0.000000
0.000000
0.000000
0.000000
0.000000
0.000000
0.000000
0.000000
0.000000
0.000000
0.000000
0.000000
0.000000
0.000000
0.000000
0.000000
0.000000
0.000000
0.000000
0.000000
0.000000
0.000000
0.000000
0.000000
0.000000
0.000000
0.000000
0.000000
0.000000
0.000000
0.000000
0.000000
0.000000
0.000000
0.000000
0.000000
0.000000
0.000000
0.000000
0.000000
0.000000
0.000000
0.000000
0.000000
0.000000
0.000000
0.000000
0.000000
0.000000
0.000000
0.000000
0.000000
