53.320500
25.720700
876.790000
206.230000
88.660000
55.842000
34.003000
23.947000
17.404000
12.312000
8.964700
6.996900
4.924600
4.154900
3.006600
2.478600
1.967000
1.423800
1.097800
1.043100
0.737010
0.603300
0.582580
0.424160
0.349180
0.294420
0.247230
0.201440
0.176660
0.136670
0.084420
0.085984
0.070296
0.049321
0.045160
0.039610
0.024002
0.023617
0.025320
0.016005
0.013216
0.013024
0.005712
0.006223
0.005934
0.003948
0.004785
0.004206
0.004630
0.001309
0.001730
0.001914
0.000801
0.000500
0.001600
0.000575
0.000340
0.000562
0.000496
0.000110
0.000205
0.000031
0.000153
0.000126
0.000196
0.000299
0.000110
0.000048
0.000123
0.000152
0.000043
0.000002
0.000001
0.000031
0.000049
0.000006
0.000002
0.000064
0.000002
0.000013
0.000013
0.000011
0.000000
0.000002
0.000000
0.000000
0.000000
0.000000
0.000000
0.000007
0.000000
0.000002
0.000005
0.000000
0.000000
0.000000
0.000000
0.000000
0.000000
0.000000
0.000000
0.000000
0.000000
0.000000
0.000000
0.000000
0.000000
0.000000
0.000000
0.000000
0.000000
0.000000
0.000000
0.000000
0.000000
0.000000
0.000000
0.000000
0.000000
0.000000
0.000000
0.000000
0.000000
0.000000
0.000000
0.000000
0.000000
0.000000
0.000000
0.000000
0.000000
0.000000
0.000000
0.000000
0.000000
0.000000
0.000000
0.000000
0.000000
0.000000
0.000000
0.000000
0.000000
0.000000
0.000000
0.000000
0.000000
0.000000
0.000000
0.000000
0.000000
0.000000
0.000000
0.000000
0.000000
0.000000
0.000000
0.000000
0.000000
0.000000
0.000000
0.000000
0.000000
0.000000
0.000000
0.000000
0.000000
0.000000
0.000000
0.000000
0.000000
0.000000
0.000000
0.000000
0.000000
0.000000
0.000000
0.000000
0.000000
0.000000
0.000000
0.000000
0.000000
0.000000
0.000000
0.000000
0.000000
0.000000
0.000000
0.000000
0.000000
0.000000
0.000000
0.000000
0.000000
0.000000
0.000000
0.000000
0.000000
0.000000
0.000000
0.000000
