48.263900
40.326500
972.290000
211.760000
101.260000
52.935000
34.473000
24.939000
17.310000
12.206000
8.879000
6.775900
5.046100
3.725000
2.833000
2.034300
1.571600
1.148700
0.891480
0.697920
0.652130
0.522600
0.325120
0.270800
0.230670
0.189950
0.137780
0.084978
0.088402
0.066018
0.063081
0.040200
0.040798
0.024371
0.024734
0.022399
0.013598
0.010832
0.005881
0.003636
0.002962
0.003022
0.005050
0.004135
0.002224
0.001492
0.001263
0.002530
0.000925
0.001115
0.000287
0.000366
0.001437
0.000152
0.000083
0.000105
0.000073
0.000237
0.000106
0.000137
0.000086
0.000055
0.000094
0.000009
0.000028
0.000002
0.000015
0.000000
0.000000
0.000005
0.000176
0.000005
0.000000
0.000011
0.000000
0.000000
0.000000
0.000000
0.000000
0.000000
0.000000
0.000000
0.000000
0.000000
0.000000
0.000000
0.000000
0.000000
0.000000
0.000000
0.000000
0.000000
0.000000
0.000003
0.000000
0.000000
0.000000
0.000000
0.000000
0.000000
0.000000
0.000000
0.000000
0.000000
0.000000
0.000000
0.000000
0.000000
0.000000
0.000000
0.000000
0.000000
0.000000
0.000000
0.000000
0.000000
0.000000
0.000000
0.000000
0.000000
0.000000
0.000000
0.000000
0.000000
0.000000
0.000000
0.000000
0.000000
0.000000
0.000000
0.000000
0.000000
0.000000
0.000000
0.000000
0.000000
0.000000
0.000000
0.000000
0.000000
0.000000
0.000000
0.000000
0.000000
0.000000
0.000000
0.000000
0.000000
0.000000
0.000000
0.000000
0.000000
0.000000
0.000000
0.000000
0.000000
0.000000
0.000000
0.000000
0.000000
0.000000
0.000000
0.000000
0.000000
0.000000
0.000000
0.000000
0.000000
0.000000
0.000000
0.000000
0.000000
0.000000
0.000000
0.000000
0.000000
0.000000
0.000000
0.000000
0.000000
0.000000
0.000000
0.000000
0.000000
0.000000
0.000000
0.000000
0.000000
0.000000
0.000000
0.000000
0.000000
0.000000
0.000000
0.000000
0.000000
0.000000
0.000000
0.000000
0.000000
0.000000
0.000000
