77.103700
41.838400
841.130000
165.520000
65.487000
36.818000
20.005000
13.257000
9.267900
5.761400
3.924000
2.756800
2.144800
1.439000
1.074600
0.711280
0.672370
0.519330
0.365220
0.240990
0.173040
0.163680
0.110770
0.094955
0.069736
0.056630
0.048445
0.050014
0.019808
0.018354
0.012700
0.010591
0.007199
0.009557
0.005101
0.002706
0.003832
0.001818
0.000909
0.002893
0.001747
0.003135
0.000885
0.002546
0.000289
0.000157
0.000193
0.000418
0.000288
0.000098
0.000754
0.000199
0.000136
0.000273
0.000023
0.000045
0.000021
0.000004
0.000004
0.000000
0.000015
0.000013
0.000004
0.000000
0.000000
0.000000
0.000000
0.000007
0.000000
0.000000
0.000008
0.000002
0.000000
0.000000
0.000000
0.000000
0.000006
0.000000
0.000000
0.000000
0.000000
0.000000
0.000000
0.000000
0.000000
0.000000
0.000000
0.000000
0.000000
0.000000
0.000000
0.000000
0.000000
0.000000
0.000000
0.000000
0.000000
0.000000
0.000000
0.000000
0.000000
0.000000
0.000000
0.000000
0.000000
0.000000
0.000000
0.000000
0.000000
0.000000
0.000000
0.000000
0.000000
0.000000
0.000000
0.000000
0.000000
0.000000
0.000000
0.000000
0.000000
0.000000
0.000000
0.000000
0.000000
0.000000
0.000000
0.000000
0.000000
0.000000
0.000000
0.000000
0.000000
0.000000
0.000000
0.000000
0.000000
0.000000
0.000000
0.000000
0.000000
0.000000
0.000000
0.000000
0.000000
0.000000
0.000000
0.000000
0.000000
0.000000
0.000000
0.000000
0.000000
0.000000
0.000000
0.000000
0.000000
0.000000
0.000000
0.000000
0.000000
0.000000
0.000000
0.000000
0.000000
0.000000
0.000000
0.000000
0.000000
0.000000
0.000000
0.000000
0.000000
0.000000
0.000000
0.000000
0.000000
0.000000
0.000000
0.000000
0.000000
0.000000
0.000000
0.000000
0.000000
0.000000
0.000000
0.000000
0.000000
0.000000
0.000000
0.000000
0.000000
0.000000
0.000000
0.000000
0.000000
0.000000
0.000000
0.000000
0.000000
0.000000
