68.161000
33.477600
873.580000
180.130000
71.052000
38.483000
25.453000
18.072000
10.835000
7.242000
5.676200
4.212500
2.813900
2.305200
1.824700
1.380400
0.892590
0.736320
0.616790
0.572220
0.310850
0.237660
0.216470
0.178270
0.152080
0.108820
0.083316
0.067645
0.056901
0.049620
0.040839
0.026358
0.019556
0.020806
0.017703
0.016539
0.007325
0.005130
0.005259
0.006078
0.003520
0.002685
0.002990
0.000810
0.001294
0.003473
0.001704
0.000909
0.000333
0.001044
0.000167
0.000273
0.001116
0.000231
0.000229
0.000055
0.000052
0.000115
0.000085
0.000328
0.000070
0.000020
0.000007
0.000009
0.000082
0.000021
0.000018
0.000002
0.000002
0.000009
0.000003
0.000002
0.000000
0.000007
0.000008
0.000008
0.000014
0.000000
0.000000
0.000000
0.000000
0.000000
0.000000
0.000000
0.000000
0.000000
0.000000
0.000000
0.000000
0.000000
0.000000
0.000000
0.000000
0.000000
0.000000
0.000000
0.000000
0.000000
0.000000
0.000000
0.000000
0.000000
0.000000
0.000000
0.000000
0.000000
0.000000
0.000000
0.000000
0.000000
0.000000
0.000000
0.000000
0.000000
0.000000
0.000000
0.000000
0.000000
0.000000
0.000000
0.000000
0.000000
0.000000
0.000000
0.000000
0.000000
0.000000
0.000000
0.000000
0.000000
0.000000
0.000000
0.000000
0.000000
0.000000
0.000000
0.000000
0.000000
0.000000
0.000000
0.000000
0.000000
0.000000
0.000000
0.000000
0.000000
0.000000
0.000000
0.000000
0.000000
0.000000
0.000000
0.000000
0.000000
0.000000
0.000000
0.000000
0.000000
0.000000
0.000000
0.000000
0.000000
0.000000
0.000000
0.000000
0.000000
0.000000
0.000000
0.000000
0.000000
0.000000
0.000000
0.000000
0.000000
0.000000
0.000000
0.000000
0.000000
0.000000
0.000000
0.000000
0.000000
0.000000
0.000000
0.000000
0.000000
0.000000
0.000000
0.000000
0.000000
0.000000
0.000000
0.000000
0.000000
0.000000
0.000000
0.000000
0.000000
0.000000
0.000000
0.000000
0.000000
