53.803500
41.805200
934.330000
202.370000
96.929000
53.373000
31.788000
21.690000
15.261000
10.254000
7.788500
5.650300
3.909300
2.973200
2.561200
1.688200
1.335300
1.033300
0.724750
0.567280
0.471170
0.379320
0.236900
0.191330
0.144350
0.122280
0.084770
0.067766
0.069568
0.041258
0.039378
0.036317
0.024717
0.019689
0.019483
0.010914
0.006485
0.007490
0.009299
0.005467
0.005193
0.004525
0.002205
0.000906
0.000997
0.000463
0.000664
0.000760
0.000390
0.000240
0.000314
0.000445
0.000205
0.000098
0.000099
0.000048
0.000059
0.000491
0.000056
0.000080
0.000054
0.000062
0.000021
0.000042
0.000005
0.000006
0.000067
0.000000
0.000012
0.000000
0.000000
0.000001
0.000000
0.000000
0.000000
0.000000
0.000000
0.000000
0.000000
0.000000
0.000000
0.000000
0.000000
0.000000
0.000000
0.000000
0.000000
0.000002
0.000000
0.000000
0.000000
0.000000
0.000000
0.000000
0.000000
0.000000
0.000000
0.000000
0.000000
0.000000
0.000000
0.000000
0.000000
0.000000
0.000000
0.000000
0.000000
0.000000
0.000000
0.000000
0.000000
0.000000
0.000000
0.000000
0.000000
0.000000
0.000000
0.000000
0.000000
0.000000
0.000000
0.000000
0.000000
0.000000
0.000000
0.000000
0.000000
0.000000
0.000000
0.000000
0.000000
0.000000
0.000000
0.000000
0.000000
0.000000
0.000000
0.000000
0.000000
0.000000
0.000000
0.000000
0.000000
0.000000
0.000000
0.000000
0.000000
0.000000
0.000000
0.000000
0.000000
0.000000
0.000000
0.000000
0.000000
0.000000
0.000000
0.000000
0.000000
0.000000
0.000000
0.000000
0.000000
0.000000
0.000000
0.000000
0.000000
0.000000
0.000000
0.000000
0.000000
0.000000
0.000000
0.000000
0.000000
0.000000
0.000000
0.000000
0.000000
0.000000
0.000000
0.000000
0.000000
0.000000
0.000000
0.000000
0.000000
0.000000
0.000000
0.000000
0.000000
0.000000
0.000000
0.000000
0.000000
0.000000
0.000000
0.000000
0.000000
0.000000
0.000000
0.000000
