42.594100
47.667300
974.600000
230.010000
108.880000
60.499000
37.226000
26.701000
18.167000
13.762000
10.545000
6.897000
5.646400
4.345400
3.129400
2.098400
1.728500
1.481000
1.232900
0.976810
0.612010
0.517320
0.327290
0.266580
0.249090
0.174980
0.178670
0.096852
0.066520
0.061924
0.039102
0.045810
0.033957
0.023149
0.020962
0.018162
0.009055
0.011458
0.007501
0.004809
0.003815
0.003912
0.002087
0.002466
0.002234
0.002847
0.000688
0.000474
0.000722
0.000579
0.000481
0.000432
0.000403
0.000088
0.000616
0.000042
0.000071
0.000049
0.000032
0.000142
0.000025
0.000110
0.000021
0.000000
0.000015
0.000003
0.000002
0.000000
0.000002
0.000000
0.000000
0.000000
0.000007
0.000005
0.000000
0.000000
0.000000
0.000000
0.000000
0.000000
0.000000
0.000000
0.000000
0.000000
0.000000
0.000000
0.000000
0.000000
0.000000
0.000000
0.000000
0.000000
0.000000
0.000000
0.000000
0.000000
0.000000
0.000000
0.000000
0.000000
0.000000
0.000000
0.000000
0.000000
0.000000
0.000000
0.000000
0.000000
0.000000
0.000000
0.000000
0.000000
0.000000
0.000000
0.000000
0.000000
0.000000
0.000000
0.000000
0.000000
0.000000
0.000000
0.000000
0.000000
0.000000
0.000000
0.000000
0.000000
0.000000
0.000000
0.000000
0.000000
0.000000
0.000000
0.000000
0.000000
0.000000
0.000000
0.000000
0.000000
0.000000
0.000000
0.000000
0.000000
0.000000
0.000000
0.000000
0.000000
0.000000
0.000000
0.000000
0.000000
0.000000
0.000000
0.000000
0.000000
0.000000
0.000000
0.000000
0.000000
0.000000
0.000000
0.000000
0.000000
0.000000
0.000000
0.000000
0.000000
0.000000
0.000000
0.000000
0.000000
0.000000
0.000000
0.000000
0.000000
0.000000
0.000000
0.000000
0.000000
0.000000
0.000000
0.000000
0.000000
0.000000
0.000000
0.000000
0.000000
0.000000
0.000000
0.000000
0.000000
0.000000
0.000000
0.000000
0.000000
0.000000
0.000000
0.000000
0.000000
0.000000
0.000000
