57.686400
37.750900
897.010000
198.700000
94.144000
51.570000
30.526000
20.254000
13.212000
9.851200
6.345100
4.911300
4.026400
2.845500
2.223900
1.830200
1.299300
0.992870
0.722650
0.581680
0.425540
0.351350
0.263200
0.224780
0.168820
0.123300
0.092570
0.081312
0.065551
0.048374
0.039670
0.032561
0.028223
0.025306
0.022425
0.015138
0.011420
0.007695
0.004497
0.004632
0.003719
0.005250
0.003350
0.002027
0.001994
0.001367
0.000541
0.001004
0.000339
0.000510
0.000661
0.000142
0.000516
0.000315
0.000106
0.000212
0.000079
0.000245
0.000145
0.000037
0.000042
0.000026
0.000020
0.000011
0.000005
0.000002
0.000241
0.000009
0.000006
0.000003
0.000000
0.000000
0.000000
0.000008
0.000000
0.000001
0.000000
0.000000
0.000000
0.000000
0.000000
0.000000
0.000000
0.000000
0.000000
0.000000
0.000000
0.000000
0.000000
0.000000
0.000000
0.000000
0.000000
0.000000
0.000000
0.000000
0.000000
0.000000
0.000000
0.000000
0.000000
0.000000
0.000000
0.000000
0.000000
0.000000
0.000000
0.000000
0.000000
0.000000
0.000000
0.000000
0.000000
0.000000
0.000000
0.000000
0.000000
0.000000
0.000000
0.000000
0.000000
0.000000
0.000000
0.000000
0.000000
0.000000
0.000000
0.000000
0.000000
0.000000
0.000000
0.000000
0.000000
0.000000
0.000000
0.000000
0.000000
0.000000
0.000000
0.000000
0.000000
0.000000
0.000000
0.000000
0.000000
0.000000
0.000000
0.000000
0.000000
0.000000
0.000000
0.000000
0.000000
0.000000
0.000000
0.000000
0.000000
0.000000
0.000000
0.000000
0.000000
0.000000
0.000000
0.000000
0.000000
0.000000
0.000000
0.000000
0.000000
0.000000
0.000000
0.000000
0.000000
0.000000
0.000000
0.000000
0.000000
0.000000
0.000000
0.000000
0.000000
0.000000
0.000000
0.000000
0.000000
0.000000
0.000000
0.000000
0.000000
0.000000
0.000000
0.000000
0.000000
0.000000
0.000000
0.000000
0.000000
0.000000
0.000000
0.000000
0.000000
0.000000
