61.196000
42.407200
900.470000
184.510000
82.446000
46.868000
30.127000
17.707000
12.608000
8.660100
6.451800
4.365200
3.047600
2.553500
1.768600
1.299400
1.010400
0.743780
0.534830
0.468870
0.295550
0.245470
0.230810
0.163480
0.123490
0.081510
0.073854
0.046217
0.054031
0.038032
0.023212
0.014332
0.014447
0.011414
0.014716
0.006351
0.004511
0.006236
0.004788
0.004161
0.002368
0.002121
0.001813
0.000995
0.001103
0.000473
0.000518
0.000444
0.000223
0.000333
0.000180
0.000670
0.000256
0.000158
0.000045
0.000109
0.000060
0.000211
0.000017
0.000017
0.000014
0.000037
0.000035
0.000000
0.000005
0.000003
0.000006
0.000000
0.000000
0.000016
0.000000
0.000000
0.000000
0.000000
0.000000
0.000000
0.000000
0.000000
0.000000
0.000000
0.000000
0.000000
0.000000
0.000000
0.000000
0.000000
0.000000
0.000000
0.000000
0.000000
0.000000
0.000000
0.000000
0.000000
0.000000
0.000000
0.000000
0.000000
0.000000
0.000000
0.000000
0.000000
0.000000
0.000000
0.000000
0.000000
0.000000
0.000000
0.000000
0.000000
0.000000
0.000000
0.000000
0.000000
0.000000
0.000000
0.000000
0.000000
0.000000
0.000000
0.000000
0.000000
0.000000
0.000000
0.000000
0.000000
0.000000
0.000000
0.000000
0.000000
0.000000
0.000000
0.000000
0.000000
0.000000
0.000000
0.000000
0.000000
0.000000
0.000000
0.000000
0.000000
0.000000
0.000000
0.000000
0.000000
0.000000
0.000000
0.000000
0.000000
0.000000
0.000000
0.000000
0.000000
0.000000
0.000000
0.000000
0.000000
0.000000
0.000000
0.000000
0.000000
0.000000
0.000000
0.000000
0.000000
0.000000
0.000000
0.000000
0.000000
0.000000
0.000000
0.000000
0.000000
0.000000
0.000000
0.000000
0.000000
0.000000
0.000000
0.000000
0.000000
0.000000
0.000000
0.000000
0.000000
0.000000
0.000000
0.000000
0.000000
0.000000
0.000000
0.000000
0.000000
0.000000
0.000000
0.000000
0.000000
0.000000
0.000000
0.000000
0.000000
