55.710700
34.973000
910.600000
204.790000
91.352000
46.333000
35.003000
21.047000
14.732000
9.944500
8.203200
6.168700
3.966300
3.202600
2.418500
1.766700
1.404000
1.109500
0.907180
0.712810
0.530180
0.353040
0.339310
0.288410
0.203170
0.156090
0.120570
0.133160
0.082199
0.055353
0.046289
0.037421
0.029688
0.022272
0.021008
0.020626
0.014431
0.009114
0.008963
0.003005
0.003805
0.002206
0.004241
0.003301
0.001756
0.001556
0.001471
0.000826
0.000771
0.000689
0.000941
0.000632
0.000550
0.000573
0.000149
0.000159
0.000130
0.000136
0.000137
0.000096
0.000030
0.000083
0.000002
0.000009
0.000022
0.000024
0.000052
0.000009
0.000094
0.000008
0.000000
0.000002
0.000001
0.000000
0.000001
0.000000
0.000000
0.000000
0.000000
0.000000
0.000000
0.000004
0.000000
0.000000
0.000000
0.000000
0.000000
0.000000
0.000000
0.000000
0.000000
0.000000
0.000000
0.000000
0.000000
0.000000
0.000000
0.000000
0.000000
0.000000
0.000000
0.000000
0.000000
0.000000
0.000000
0.000000
0.000000
0.000000
0.000000
0.000000
0.000000
0.000000
0.000000
0.000000
0.000000
0.000000
0.000000
0.000000
0.000000
0.000000
0.000000
0.000000
0.000000
0.000000
0.000000
0.000000
0.000000
0.000000
0.000000
0.000000
0.000000
0.000000
0.000000
0.000000
0.000000
0.000000
0.000000
0.000000
0.000000
0.000000
0.000000
0.000000
0.000000
0.000000
0.000000
0.000000
0.000000
0.000000
0.000000
0.000000
0.000000
0.000000
0.000000
0.000000
0.000000
0.000000
0.000000
0.000000
0.000000
0.000000
0.000000
0.000000
0.000000
0.000000
0.000000
0.000000
0.000000
0.000000
0.000000
0.000000
0.000000
0.000000
0.000000
0.000000
0.000000
0.000000
0.000000
0.000000
0.000000
0.000000
0.000000
0.000000
0.000000
0.000000
0.000000
0.000000
0.000000
0.000000
0.000000
0.000000
0.000000
0.000000
0.000000
0.000000
0.000000
0.000000
0.000000
0.000000
0.000000
0.000000
0.000000
0.000000
