73.325600
36.351500
859.940000
166.920000
71.384000
38.175000
22.164000
14.667000
9.754600
7.007100
4.886200
3.410500
2.581800
1.900200
1.273500
0.987060
0.747240
0.526970
0.396760
0.366780
0.252150
0.167710
0.164330
0.159410
0.096489
0.076380
0.056899
0.049004
0.036362
0.025553
0.039297
0.019222
0.012121
0.016868
0.010689
0.010761
0.005678
0.002655
0.002333
0.002679
0.001254
0.001149
0.001359
0.002277
0.001770
0.001404
0.001636
0.000287
0.000870
0.000232
0.000781
0.000297
0.000162
0.000064
0.000107
0.000045
0.000109
0.000034
0.000057
0.000104
0.000018
0.000002
0.000223
0.000007
0.000023
0.000003
0.000025
0.000009
0.000000
0.000006
0.000000
0.000000
0.000000
0.000000
0.000000
0.000000
0.000000
0.000000
0.000000
0.000000
0.000000
0.000000
0.000000
0.000000
0.000000
0.000000
0.000000
0.000000
0.000000
0.000000
0.000000
0.000000
0.000000
0.000000
0.000000
0.000000
0.000000
0.000000
0.000000
0.000000
0.000000
0.000000
0.000000
0.000000
0.000000
0.000000
0.000000
0.000000
0.000000
0.000000
0.000000
0.000000
0.000000
0.000000
0.000000
0.000000
0.000000
0.000000
0.000000
0.000000
0.000000
0.000000
0.000000
0.000000
0.000000
0.000000
0.000000
0.000000
0.000000
0.000000
0.000000
0.000000
0.000000
0.000000
0.000000
0.000000
0.000000
0.000000
0.000000
0.000000
0.000000
0.000000
0.000000
0.000000
0.000000
0.000000
0.000000
0.000000
0.000000
0.000000
0.000000
0.000000
0.000000
0.000000
0.000000
0.000000
0.000000
0.000000
0.000000
0.000000
0.000000
0.000000
0.000000
0.000000
0.000000
0.000000
0.000000
0.000000
0.000000
0.000000
0.000000
0.000000
0.000000
0.000000
0.000000
0.000000
0.000000
0.000000
0.000000
0.000000
0.000000
0.000000
0.000000
0.000000
0.000000
0.000000
0.000000
0.000000
0.000000
0.000000
0.000000
0.000000
0.000000
0.000000
0.000000
0.000000
0.000000
0.000000
0.000000
0.000000
0.000000
0.000000
