58.989100
29.518200
933.330000
195.430000
81.778000
51.127000
33.605000
20.670000
13.199000
11.194000
7.280900
5.814800
4.379300
3.006300
2.415300
1.702800
1.485000
1.146400
0.931890
0.771520
0.506900
0.470260
0.372780
0.302470
0.230170
0.187780
0.129290
0.128570
0.097598
0.055774
0.058473
0.050594
0.047045
0.035236
0.030084
0.017034
0.024392
0.015232
0.009460
0.005799
0.009706
0.004175
0.003273
0.003634
0.003746
0.003443
0.003560
0.003108
0.001721
0.001233
0.000755
0.001158
0.000296
0.000815
0.000175
0.000461
0.000119
0.000398
0.000161
0.000622
0.000586
0.000412
0.000064
0.000030
0.000071
0.000001
0.000014
0.000051
0.000138
0.000021
0.000007
0.000020
0.000017
0.000003
0.000002
0.000001
0.000004
0.000005
0.000008
0.000002
0.000002
0.000000
0.000000
0.000000
0.000000
0.000000
0.000004
0.000000
0.000000
0.000000
0.000000
0.000009
0.000000
0.000000
0.000000
0.000000
0.000000
0.000000
0.000000
0.000000
0.000000
0.000000
0.000000
0.000000
0.000000
0.000000
0.000000
0.000000
0.000000
0.000000
0.000000
0.000000
0.000000
0.000000
0.000000
0.000000
0.000000
0.000000
0.000000
0.000000
0.000000
0.000000
0.000000
0.000000
0.000000
0.000000
0.000000
0.000000
0.000000
0.000000
0.000000
0.000000
0.000000
0.000000
0.000000
0.000000
0.000000
0.000000
0.000000
0.000000
0.000000
0.000000
0.000000
0.000000
0.000000
0.000000
0.000000
0.000000
0.000000
0.000000
0.000000
0.000000
0.000000
0.000000
0.000000
0.000000
0.000000
0.000000
0.000000
0.000000
0.000000
0.000000
0.000000
0.000000
0.000000
0.000000
0.000000
0.000000
0.000000
0.000000
0.000000
0.000000
0.000000
0.000000
0.000000
0.000000
0.000000
0.000000
0.000000
0.000000
0.000000
0.000000
0.000000
0.000000
0.000000
0.000000
0.000000
0.000000
0.000000
0.000000
0.000000
0.000000
0.000000
0.000000
0.000000
0.000000
0.000000
0.000000
0.000000
0.000000
0.000000
0.000000
