58.491000
20.736600
891.490000
198.010000
85.709000
48.699000
31.516000
22.576000
16.680000
11.253000
8.384300
6.621600
4.969600
3.972800
2.694600
2.488200
1.699100
1.570700
1.274300
1.058200
0.813140
0.719870
0.610700
0.428480
0.388170
0.326920
0.291280
0.188010
0.197670
0.166390
0.105050
0.090098
0.076265
0.088429
0.060983
0.053174
0.039770
0.026867
0.028149
0.021731
0.022868
0.020064
0.009546
0.010060
0.007674
0.007564
0.005893
0.004170
0.005002
0.004828
0.004539
0.002526
0.001626
0.002389
0.001796
0.001124
0.001641
0.000993
0.000489
0.000778
0.000251
0.000363
0.000272
0.000397
0.000037
0.000516
0.000353
0.000022
0.000229
0.000002
0.000092
0.000068
0.000049
0.000112
0.000052
0.000029
0.000039
0.000004
0.000150
0.000002
0.000009
0.000000
0.000006
0.000042
0.000000
0.000006
0.000031
0.000056
0.000004
0.000000
0.000000
0.000000
0.000000
0.000002
0.000000
0.000000
0.000000
0.000004
0.000000
0.000000
0.000006
0.000000
0.000000
0.000000
0.000000
0.000000
0.000000
0.000000
0.000000
0.000000
0.000000
0.000000
0.000000
0.000000
0.000000
0.000000
0.000000
0.000000
0.000000
0.000000
0.000000
0.000000
0.000000
0.000000
0.000000
0.000000
0.000000
0.000000
0.000000
0.000000
0.000000
0.000000
0.000000
0.000000
0.000000
0.000000
0.000000
0.000000
0.000000
0.000000
0.000000
0.000000
0.000000
0.000000
0.000000
0.000000
0.000000
0.000000
0.000000
0.000000
0.000000
0.000000
0.000000
0.000000
0.000000
0.000000
0.000000
0.000000
0.000000
0.000000
0.000000
0.000000
0.000000
0.000000
0.000000
0.000000
0.000000
0.000000
0.000000
0.000000
0.000000
0.000000
0.000000
0.000000
0.000000
0.000000
0.000000
0.000000
0.000000
0.000000
0.000000
0.000000
0.000000
0.000000
0.000000
0.000000
0.000000
0.000000
0.000000
0.000000
0.000000
0.000000
0.000000
0.000000
0.000000
0.000000
0.000000
0.000000
0.000000
0.000000
0.000000
0.000000
