41.475200
43.594500
929.180000
233.780000
106.380000
61.700000
43.649000
27.920000
20.680000
14.326000
10.331000
7.379900
5.966000
4.766800
3.581800
2.462300
2.186800
1.660900
1.288300
0.971940
0.715800
0.561940
0.479130
0.352950
0.250020
0.212570
0.225550
0.123120
0.122750
0.082931
0.076129
0.050919
0.051725
0.033009
0.026551
0.021943
0.021162
0.013573
0.009925
0.007644
0.004677
0.006660
0.003881
0.004513
0.003922
0.003629
0.002050
0.001767
0.001062
0.000764
0.000226
0.000372
0.000429
0.000239
0.000121
0.001085
0.000278
0.000065
0.000015
0.000228
0.000088
0.000115
0.000016
0.000013
0.000023
0.000017
0.000006
0.000013
0.000028
0.000000
0.000027
0.000024
0.000007
0.000003
0.000002
0.000003
0.000002
0.000000
0.000000
0.000000
0.000002
0.000000
0.000000
0.000000
0.000000
0.000000
0.000000
0.000000
0.000000
0.000000
0.000000
0.000000
0.000000
0.000000
0.000000
0.000000
0.000000
0.000000
0.000000
0.000000
0.000000
0.000000
0.000000
0.000000
0.000000
0.000000
0.000000
0.000000
0.000000
0.000000
0.000000
0.000000
0.000000
0.000000
0.000000
0.000000
0.000000
0.000000
0.000000
0.000000
0.000000
0.000000
0.000000
0.000000
0.000000
0.000000
0.000000
0.000000
0.000000
0.000000
0.000000
0.000000
0.000000
0.000000
0.000000
0.000000
0.000000
0.000000
0.000000
0.000000
0.000000
0.000000
0.000000
0.000000
0.000000
0.000000
0.000000
0.000000
0.000000
0.000000
0.000000
0.000000
0.000000
0.000000
0.000000
0.000000
0.000000
0.000000
0.000000
0.000000
0.000000
0.000000
0.000000
0.000000
0.000000
0.000000
0.000000
0.000000
0.000000
0.000000
0.000000
0.000000
0.000000
0.000000
0.000000
0.000000
0.000000
0.000000
0.000000
0.000000
0.000000
0.000000
0.000000
0.000000
0.000000
0.000000
0.000000
0.000000
0.000000
0.000000
0.000000
0.000000
0.000000
0.000000
0.000000
0.000000
0.000000
0.000000
0.000000
0.000000
0.000000
0.000000
