73.571400
34.885100
821.520000
160.670000
70.327000
37.526000
24.621000
13.589000
9.374600
6.772500
4.947200
3.485500
2.491700
1.863800
1.183100
1.125200
0.777530
0.633110
0.378750
0.372220
0.237610
0.215630
0.180160
0.116960
0.087093
0.075970
0.058433
0.058599
0.043412
0.030935
0.026245
0.016110
0.017530
0.011469
0.009463
0.013812
0.006064
0.006433
0.004591
0.003726
0.002644
0.002704
0.002595
0.001781
0.000787
0.000620
0.000726
0.000717
0.000647
0.000231
0.000083
0.000154
0.000611
0.000370
0.000151
0.000090
0.000422
0.000131
0.000057
0.000135
0.000072
0.000019
0.000011
0.000022
0.000000
0.000000
0.000002
0.000004
0.000000
0.000009
0.000046
0.000005
0.000003
0.000000
0.000003
0.000000
0.000000
0.000000
0.000031
0.000000
0.000000
0.000000
0.000000
0.000000
0.000000
0.000000
0.000000
0.000000
0.000000
0.000000
0.000000
0.000001
0.000000
0.000000
0.000000
0.000000
0.000000
0.000000
0.000000
0.000000
0.000000
0.000000
0.000000
0.000000
0.000000
0.000000
0.000000
0.000000
0.000000
0.000000
0.000000
0.000000
0.000000
0.000000
0.000000
0.000000
0.000000
0.000000
0.000000
0.000000
0.000000
0.000000
0.000000
0.000000
0.000000
0.000000
0.000000
0.000000
0.000000
0.000000
0.000000
0.000000
0.000000
0.000000
0.000000
0.000000
0.000000
0.000000
0.000000
0.000000
0.000000
0.000000
0.000000
0.000000
0.000000
0.000000
0.000000
0.000000
0.000000
0.000000
0.000000
0.000000
0.000000
0.000000
0.000000
0.000000
0.000000
0.000000
0.000000
0.000000
0.000000
0.000000
0.000000
0.000000
0.000000
0.000000
0.000000
0.000000
0.000000
0.000000
0.000000
0.000000
0.000000
0.000000
0.000000
0.000000
0.000000
0.000000
0.000000
0.000000
0.000000
0.000000
0.000000
0.000000
0.000000
0.000000
0.000000
0.000000
0.000000
0.000000
0.000000
0.000000
0.000000
0.000000
0.000000
0.000000
0.000000
0.000000
0.000000
0.000000
0.000000
0.000000
