42.315100
25.210000
977.850000
231.000000
112.730000
68.639000
43.081000
30.879000
20.837000
17.673000
11.697000
8.775800
7.262300
5.641500
4.246500
3.430100
3.209200
2.172900
1.796500
1.478700
1.159900
0.967340
0.728060
0.680400
0.559050
0.407300
0.295420
0.298810
0.268710
0.214800
0.181320
0.125620
0.114930
0.084771
0.078715
0.071529
0.047650
0.051417
0.044894
0.028618
0.026896
0.018393
0.021299
0.010481
0.013008
0.009570
0.006624
0.002857
0.004962
0.003938
0.004341
0.003083
0.002318
0.001522
0.001338
0.002261
0.002154
0.001632
0.000181
0.000440
0.000369
0.000351
0.000338
0.000289
0.000131
0.001317
0.000089
0.000366
0.000076
0.000266
0.000143
0.000084
0.000053
0.000075
0.000002
0.000045
0.000252
0.000012
0.000005
0.000008
0.000011
0.000000
0.000000
0.000017
0.000002
0.000008
0.000000
0.000002
0.000005
0.000001
0.000000
0.000021
0.000000
0.000000
0.000001
0.000001
0.000005
0.000000
0.000000
0.000000
0.000000
0.000000
0.000000
0.000000
0.000000
0.000000
0.000000
0.000000
0.000000
0.000000
0.000000
0.000000
0.000000
0.000000
0.000000
0.000000
0.000000
0.000000
0.000000
0.000000
0.000000
0.000000
0.000000
0.000000
0.000000
0.000000
0.000000
0.000000
0.000000
0.000000
0.000000
0.000000
0.000000
0.000000
0.000000
0.000000
0.000000
0.000000
0.000000
0.000000
0.000000
0.000000
0.000000
0.000000
0.000000
0.000000
0.000000
0.000000
0.000000
0.000000
0.000000
0.000000
0.000000
0.000000
0.000000
0.000000
0.000000
0.000000
0.000000
0.000000
0.000000
0.000000
0.000000
0.000000
0.000000
0.000000
0.000000
0.000000
0.000000
0.000000
0.000000
0.000000
0.000000
0.000000
0.000000
0.000000
0.000000
0.000000
0.000000
0.000000
0.000000
0.000000
0.000000
0.000000
0.000000
0.000000
0.000000
0.000000
0.000000
0.000000
0.000000
0.000000
0.000000
0.000000
0.000000
0.000000
0.000000
0.000000
0.000000
0.000000
0.000000
0.000000
