85.360500
33.930600
828.600000
146.550000
59.987000
33.026000
17.568000
11.667000
7.422400
5.039900
3.644100
2.229300
1.674400
1.186900
0.988980
0.763690
0.582310
0.362820
0.292830
0.280060
0.215530
0.125430
0.102180
0.094436
0.085353
0.070384
0.038317
0.039200
0.022926
0.027851
0.018076
0.018513
0.009190
0.009906
0.006746
0.002809
0.006269
0.008751
0.008257
0.003588
0.000834
0.001541
0.001520
0.000786
0.001020
0.000208
0.000329
0.000994
0.000235
0.000067
0.000261
0.000501
0.000176
0.000203
0.000048
0.000045
0.000009
0.000031
0.000004
0.000035
0.000010
0.000030
0.000009
0.000006
0.000002
0.000001
0.000026
0.000000
0.000002
0.000004
0.000005
0.000000
0.000000
0.000000
0.000006
0.000006
0.000004
0.000000
0.000000
0.000000
0.000000
0.000000
0.000000
0.000000
0.000000
0.000000
0.000000
0.000000
0.000000
0.000000
0.000000
0.000000
0.000000
0.000000
0.000000
0.000000
0.000000
0.000000
0.000000
0.000000
0.000000
0.000000
0.000000
0.000000
0.000000
0.000000
0.000000
0.000000
0.000000
0.000000
0.000000
0.000000
0.000000
0.000000
0.000000
0.000000
0.000000
0.000000
0.000000
0.000000
0.000000
0.000000
0.000000
0.000000
0.000000
0.000000
0.000000
0.000000
0.000000
0.000000
0.000000
0.000000
0.000000
0.000000
0.000000
0.000000
0.000000
0.000000
0.000000
0.000000
0.000000
0.000000
0.000000
0.000000
0.000000
0.000000
0.000000
0.000000
0.000000
0.000000
0.000000
0.000000
0.000000
0.000000
0.000000
0.000000
0.000000
0.000000
0.000000
0.000000
0.000000
0.000000
0.000000
0.000000
0.000000
0.000000
0.000000
0.000000
0.000000
0.000000
0.000000
0.000000
0.000000
0.000000
0.000000
0.000000
0.000000
0.000000
0.000000
0.000000
0.000000
0.000000
0.000000
0.000000
0.000000
0.000000
0.000000
0.000000
0.000000
0.000000
0.000000
0.000000
0.000000
0.000000
0.000000
0.000000
0.000000
0.000000
0.000000
0.000000
0.000000
0.000000
