54.371900
39.077200
926.030000
199.930000
84.981000
50.852000
32.305000
21.680000
14.176000
10.672000
7.086700
5.686200
4.485200
3.213100
2.223000
1.719200
1.331100
1.038800
0.882720
0.582100
0.491350
0.381820
0.278250
0.211300
0.152130
0.126360
0.121660
0.100330
0.059596
0.037038
0.051582
0.033210
0.019795
0.021405
0.014419
0.011521
0.015770
0.009437
0.008490
0.006610
0.004288
0.002803
0.004486
0.001443
0.001390
0.002226
0.000803
0.000624
0.001099
0.000947
0.000543
0.000190
0.000201
0.000737
0.000155
0.000200
0.000146
0.000129
0.000246
0.000024
0.000033
0.000030
0.000047
0.000022
0.000000
0.000000
0.000004
0.000000
0.000003
0.000004
0.000002
0.000000
0.000003
0.000004
0.000000
0.000000
0.000000
0.000000
0.000003
0.000000
0.000000
0.000000
0.000000
0.000000
0.000000
0.000000
0.000000
0.000000
0.000000
0.000000
0.000000
0.000000
0.000000
0.000000
0.000000
0.000000
0.000000
0.000000
0.000000
0.000000
0.000000
0.000000
0.000000
0.000000
0.000000
0.000000
0.000000
0.000000
0.000000
0.000000
0.000000
0.000000
0.000000
0.000000
0.000000
0.000000
0.000000
0.000000
0.000000
0.000000
0.000000
0.000000
0.000000
0.000000
0.000000
0.000000
0.000000
0.000000
0.000000
0.000000
0.000000
0.000000
0.000000
0.000000
0.000000
0.000000
0.000000
0.000000
0.000000
0.000000
0.000000
0.000000
0.000000
0.000000
0.000000
0.000000
0.000000
0.000000
0.000000
0.000000
0.000000
0.000000
0.000000
0.000000
0.000000
0.000000
0.000000
0.000000
0.000000
0.000000
0.000000
0.000000
0.000000
0.000000
0.000000
0.000000
0.000000
0.000000
0.000000
0.000000
0.000000
0.000000
0.000000
0.000000
0.000000
0.000000
0.000000
0.000000
0.000000
0.000000
0.000000
0.000000
0.000000
0.000000
0.000000
0.000000
0.000000
0.000000
0.000000
0.000000
0.000000
0.000000
0.000000
0.000000
0.000000
0.000000
0.000000
0.000000
0.000000
0.000000
0.000000
0.000000
