61.954000
31.215800
915.560000
185.580000
83.941000
45.169000
29.418000
18.687000
11.981000
9.360000
6.746400
5.089000
3.692100
3.026400
1.994500
1.536300
1.344500
1.072900
0.792770
0.612560
0.490110
0.362470
0.319320
0.216810
0.168340
0.161850
0.120600
0.093400
0.076500
0.090364
0.067521
0.040656
0.034178
0.023404
0.019504
0.016639
0.020246
0.009470
0.010258
0.012005
0.006875
0.004107
0.006950
0.002612
0.001174
0.001518
0.001841
0.000978
0.001009
0.000628
0.000519
0.000558
0.000400
0.000513
0.000591
0.000845
0.000231
0.000158
0.000257
0.000122
0.000039
0.000007
0.000099
0.000017
0.000032
0.000036
0.000022
0.000007
0.000036
0.000007
0.000013
0.000045
0.000041
0.000000
0.000002
0.000000
0.000000
0.000000
0.000003
0.000013
0.000000
0.000000
0.000000
0.000000
0.000000
0.000000
0.000000
0.000000
0.000002
0.000000
0.000000
0.000000
0.000000
0.000000
0.000000
0.000000
0.000000
0.000000
0.000000
0.000000
0.000000
0.000000
0.000000
0.000000
0.000000
0.000000
0.000000
0.000000
0.000000
0.000000
0.000000
0.000000
0.000000
0.000000
0.000000
0.000000
0.000000
0.000000
0.000000
0.000000
0.000000
0.000000
0.000000
0.000000
0.000000
0.000000
0.000000
0.000000
0.000000
0.000000
0.000000
0.000000
0.000000
0.000000
0.000000
0.000000
0.000000
0.000000
0.000000
0.000000
0.000000
0.000000
0.000000
0.000000
0.000000
0.000000
0.000000
0.000000
0.000000
0.000000
0.000000
0.000000
0.000000
0.000000
0.000000
0.000000
0.000000
0.000000
0.000000
0.000000
0.000000
0.000000
0.000000
0.000000
0.000000
0.000000
0.000000
0.000000
0.000000
0.000000
0.000000
0.000000
0.000000
0.000000
0.000000
0.000000
0.000000
0.000000
0.000000
0.000000
0.000000
0.000000
0.000000
0.000000
0.000000
0.000000
0.000000
0.000000
0.000000
0.000000
0.000000
0.000000
0.000000
0.000000
0.000000
0.000000
0.000000
0.000000
0.000000
0.000000
0.000000
0.000000
