67.080700
30.604900
853.910000
170.780000
79.424000
45.453000
26.531000
16.403000
11.300000
8.444300
6.202700
3.916800
3.208200
2.520700
1.925400
1.561900
1.068000
0.878460
0.597100
0.523240
0.351650
0.272710
0.245880
0.183600
0.154480
0.117530
0.107150
0.086259
0.074944
0.058207
0.053831
0.031272
0.030900
0.020810
0.024312
0.012075
0.018389
0.008665
0.012217
0.007567
0.005465
0.004642
0.002725
0.003803
0.002287
0.002480
0.001512
0.001542
0.001349
0.001402
0.000691
0.000283
0.000547
0.000167
0.000350
0.000188
0.000649
0.000024
0.000202
0.000099
0.000015
0.000018
0.000070
0.000054
0.000022
0.000001
0.000024
0.000007
0.000029
0.000000
0.000000
0.000002
0.000000
0.000012
0.000013
0.000000
0.000004
0.000000
0.000003
0.000000
0.000009
0.000000
0.000000
0.000000
0.000000
0.000000
0.000000
0.000000
0.000000
0.000000
0.000000
0.000000
0.000000
0.000000
0.000000
0.000000
0.000000
0.000000
0.000000
0.000000
0.000000
0.000000
0.000000
0.000000
0.000000
0.000000
0.000000
0.000000
0.000000
0.000000
0.000000
0.000000
0.000000
0.000000
0.000000
0.000000
0.000000
0.000000
0.000000
0.000000
0.000000
0.000000
0.000000
0.000000
0.000000
0.000000
0.000000
0.000000
0.000000
0.000000
0.000000
0.000000
0.000000
0.000000
0.000000
0.000000
0.000000
0.000000
0.000000
0.000000
0.000000
0.000000
0.000000
0.000000
0.000000
0.000000
0.000000
0.000000
0.000000
0.000000
0.000000
0.000000
0.000000
0.000000
0.000000
0.000000
0.000000
0.000000
0.000000
0.000000
0.000000
0.000000
0.000000
0.000000
0.000000
0.000000
0.000000
0.000000
0.000000
0.000000
0.000000
0.000000
0.000000
0.000000
0.000000
0.000000
0.000000
0.000000
0.000000
0.000000
0.000000
0.000000
0.000000
0.000000
0.000000
0.000000
0.000000
0.000000
0.000000
0.000000
0.000000
0.000000
0.000000
0.000000
0.000000
0.000000
0.000000
0.000000
0.000000
0.000000
0.000000
0.000000
