83.078600
46.584000
800.460000
149.400000
63.490000
30.587000
17.427000
12.107000
7.779500
4.844700
3.187300
2.366300
1.633400
1.137200
0.878260
0.572940
0.384110
0.230260
0.216440
0.190980
0.103560
0.084608
0.069842
0.053854
0.040503
0.039781
0.023107
0.029754
0.014693
0.009603
0.008871
0.004529
0.007265
0.005735
0.002501
0.001913
0.003158
0.001649
0.000481
0.000917
0.001331
0.000362
0.000302
0.000364
0.000259
0.000210
0.000099
0.000081
0.000013
0.000075
0.000015
0.000000
0.000020
0.000018
0.000000
0.000028
0.000011
0.000002
0.000002
0.000012
0.000007
0.000000
0.000000
0.000002
0.000000
0.000000
0.000000
0.000003
0.000006
0.000000
0.000000
0.000005
0.000000
0.000000
0.000000
0.000000
0.000000
0.000000
0.000000
0.000000
0.000000
0.000000
0.000000
0.000000
0.000000
0.000000
0.000000
0.000000
0.000000
0.000000
0.000000
0.000000
0.000000
0.000000
0.000000
0.000000
0.000000
0.000000
0.000000
0.000000
0.000000
0.000000
0.000000
0.000000
0.000000
0.000000
0.000000
0.000000
0.000000
0.000000
0.000000
0.000000
0.000000
0.000000
0.000000
0.000000
0.000000
0.000000
0.000000
0.000000
0.000000
0.000000
0.000000
0.000000
0.000000
0.000000
0.000000
0.000000
0.000000
0.000000
0.000000
0.000000
0.000000
0.000000
0.000000
0.000000
0.000000
0.000000
0.000000
0.000000
0.000000
0.000000
0.000000
0.000000
0.000000
0.000000
0.000000
0.000000
0.000000
0.000000
0.000000
0.000000
0.000000
0.000000
0.000000
0.000000
0.000000
0.000000
0.000000
0.000000
0.000000
0.000000
0.000000
0.000000
0.000000
0.000000
0.000000
0.000000
0.000000
0.000000
0.000000
0.000000
0.000000
0.000000
0.000000
0.000000
0.000000
0.000000
0.000000
0.000000
0.000000
0.000000
0.000000
0.000000
0.000000
0.000000
0.000000
0.000000
0.000000
0.000000
0.000000
0.000000
0.000000
0.000000
0.000000
0.000000
0.000000
0.000000
0.000000
0.000000
0.000000
0.000000
