62.931600
44.525500
878.240000
177.590000
84.103000
46.306000
26.212000
16.984000
11.157000
8.118800
5.657400
4.177600
2.940100
2.154200
1.831600
1.395500
1.023000
0.601200
0.547760
0.409810
0.294100
0.266590
0.164990
0.132440
0.101860
0.058273
0.066982
0.033877
0.035465
0.033294
0.019974
0.019256
0.011159
0.011187
0.017744
0.007008
0.005758
0.002852
0.001889
0.002452
0.001698
0.001805
0.000872
0.000493
0.000337
0.000358
0.000122
0.000611
0.000350
0.000063
0.000188
0.000044
0.000076
0.000074
0.000229
0.000075
0.000004
0.000029
0.000016
0.000007
0.000028
0.000005
0.000001
0.000000
0.000005
0.000000
0.000008
0.000000
0.000000
0.000002
0.000000
0.000000
0.000000
0.000000
0.000000
0.000000
0.000000
0.000000
0.000000
0.000000
0.000000
0.000000
0.000000
0.000000
0.000000
0.000000
0.000000
0.000000
0.000000
0.000000
0.000000
0.000000
0.000000
0.000000
0.000000
0.000000
0.000000
0.000000
0.000000
0.000000
0.000000
0.000000
0.000000
0.000000
0.000000
0.000000
0.000000
0.000000
0.000000
0.000000
0.000000
0.000000
0.000000
0.000000
0.000000
0.000000
0.000000
0.000000
0.000000
0.000000
0.000000
0.000000
0.000000
0.000000
0.000000
0.000000
0.000000
0.000000
0.000000
0.000000
0.000000
0.000000
0.000000
0.000000
0.000000
0.000000
0.000000
0.000000
0.000000
0.000000
0.000000
0.000000
0.000000
0.000000
0.000000
0.000000
0.000000
0.000000
0.000000
0.000000
0.000000
0.000000
0.000000
0.000000
0.000000
0.000000
0.000000
0.000000
0.000000
0.000000
0.000000
0.000000
0.000000
0.000000
0.000000
0.000000
0.000000
0.000000
0.000000
0.000000
0.000000
0.000000
0.000000
0.000000
0.000000
0.000000
0.000000
0.000000
0.000000
0.000000
0.000000
0.000000
0.000000
0.000000
0.000000
0.000000
0.000000
0.000000
0.000000
0.000000
0.000000
0.000000
0.000000
0.000000
0.000000
0.000000
0.000000
0.000000
0.000000
0.000000
0.000000
0.000000
