65.969200
21.413600
864.820000
180.920000
81.666000
42.481000
27.521000
17.675000
13.846000
10.028000
6.727400
5.058000
4.301800
3.018900
2.254400
1.635900
1.352300
1.164100
1.007700
0.771210
0.663170
0.584320
0.478970
0.331710
0.208870
0.319600
0.151000
0.171460
0.140540
0.106370
0.057877
0.060427
0.067564
0.049578
0.043635
0.042398
0.034075
0.033033
0.015027
0.015720
0.023333
0.010676
0.007456
0.006760
0.006314
0.008955
0.005976
0.003648
0.005086
0.002284
0.003450
0.001438
0.000594
0.001072
0.001115
0.001156
0.001165
0.000454
0.000473
0.000197
0.000082
0.000590
0.000279
0.000192
0.000082
0.000060
0.000115
0.000084
0.000181
0.000024
0.000005
0.000043
0.000016
0.000035
0.000023
0.000053
0.000054
0.000001
0.000000
0.000077
0.000018
0.000015
0.000024
0.000006
0.000004
0.000000
0.000006
0.000000
0.000000
0.000000
0.000000
0.000000
0.000000
0.000000
0.000000
0.000005
0.000000
0.000000
0.000000
0.000001
0.000000
0.000000
0.000000
0.000000
0.000000
0.000000
0.000000
0.000000
0.000000
0.000000
0.000000
0.000000
0.000000
0.000000
0.000000
0.000000
0.000000
0.000000
0.000000
0.000016
0.000000
0.000000
0.000000
0.000000
0.000000
0.000000
0.000000
0.000000
0.000000
0.000000
0.000000
0.000000
0.000000
0.000000
0.000000
0.000000
0.000000
0.000000
0.000000
0.000000
0.000000
0.000000
0.000000
0.000000
0.000000
0.000000
0.000000
0.000000
0.000000
0.000000
0.000000
0.000000
0.000000
0.000000
0.000000
0.000000
0.000000
0.000000
0.000000
0.000000
0.000000
0.000000
0.000000
0.000000
0.000000
0.000000
0.000000
0.000000
0.000000
0.000000
0.000000
0.000000
0.000000
0.000000
0.000000
0.000000
0.000000
0.000000
0.000000
0.000000
0.000000
0.000000
0.000000
0.000000
0.000000
0.000000
0.000000
0.000000
0.000000
0.000000
0.000000
0.000000
0.000000
0.000000
0.000000
0.000000
0.000000
0.000000
0.000000
0.000000
0.000000
0.000000
