84.612600
41.777400
827.460000
143.050000
62.187000
31.070000
17.886000
11.962000
7.315200
4.233700
3.125600
2.405900
1.497500
1.067900
0.913510
0.619440
0.393560
0.334860
0.229480
0.188990
0.147570
0.094461
0.118980
0.065842
0.075239
0.028505
0.025117
0.026999
0.018234
0.009034
0.009171
0.009062
0.004018
0.006168
0.003962
0.004234
0.001769
0.002136
0.002285
0.000820
0.000835
0.000257
0.000396
0.000913
0.000183
0.000325
0.000327
0.000239
0.000248
0.000086
0.000141
0.000093
0.000086
0.000065
0.000104
0.000145
0.000002
0.000005
0.000006
0.000011
0.000000
0.000000
0.000002
0.000000
0.000031
0.000013
0.000000
0.000000
0.000000
0.000000
0.000000
0.000000
0.000000
0.000002
0.000000
0.000000
0.000000
0.000000
0.000000
0.000000
0.000000
0.000000
0.000000
0.000000
0.000000
0.000000
0.000000
0.000000
0.000000
0.000000
0.000000
0.000000
0.000000
0.000000
0.000000
0.000000
0.000000
0.000000
0.000000
0.000000
0.000000
0.000000
0.000000
0.000000
0.000000
0.000000
0.000000
0.000000
0.000000
0.000000
0.000000
0.000000
0.000000
0.000000
0.000000
0.000000
0.000000
0.000000
0.000000
0.000000
0.000000
0.000000
0.000000
0.000000
0.000000
0.000000
0.000000
0.000000
0.000000
0.000000
0.000000
0.000000
0.000000
0.000000
0.000000
0.000000
0.000000
0.000000
0.000000
0.000000
0.000000
0.000000
0.000000
0.000000
0.000000
0.000000
0.000000
0.000000
0.000000
0.000000
0.000000
0.000000
0.000000
0.000000
0.000000
0.000000
0.000000
0.000000
0.000000
0.000000
0.000000
0.000000
0.000000
0.000000
0.000000
0.000000
0.000000
0.000000
0.000000
0.000000
0.000000
0.000000
0.000000
0.000000
0.000000
0.000000
0.000000
0.000000
0.000000
0.000000
0.000000
0.000000
0.000000
0.000000
0.000000
0.000000
0.000000
0.000000
0.000000
0.000000
0.000000
0.000000
0.000000
0.000000
0.000000
0.000000
0.000000
0.000000
0.000000
0.000000
0.000000
0.000000
