62.479500
23.780900
938.710000
181.370000
83.614000
48.363000
28.950000
19.216000
13.352000
9.422200
7.442400
5.276900
4.029400
2.979700
2.378200
1.918500
1.629600
1.400600
1.033500
0.794310
0.647340
0.463100
0.397680
0.370090
0.332420
0.192340
0.151230
0.178220
0.144150
0.094507
0.092481
0.052956
0.061171
0.037985
0.041154
0.030897
0.021421
0.027227
0.016223
0.019225
0.014226
0.019204
0.009279
0.007177
0.004742
0.006239
0.006257
0.002253
0.002078
0.003155
0.002153
0.003506
0.001209
0.001143
0.001968
0.001082
0.000638
0.000329
0.000398
0.000106
0.000134
0.000193
0.000559
0.000081
0.000013
0.000006
0.000285
0.000032
0.000016
0.000028
0.000028
0.000058
0.000016
0.000064
0.000002
0.000015
0.000000
0.000036
0.000003
0.000000
0.000022
0.000004
0.000014
0.000001
0.000006
0.000005
0.000000
0.000000
0.000000
0.000000
0.000010
0.000000
0.000000
0.000000
0.000000
0.000000
0.000000
0.000000
0.000000
0.000000
0.000000
0.000000
0.000000
0.000000
0.000000
0.000000
0.000000
0.000000
0.000000
0.000000
0.000000
0.000000
0.000000
0.000002
0.000000
0.000000
0.000000
0.000000
0.000000
0.000000
0.000000
0.000000
0.000000
0.000000
0.000000
0.000000
0.000000
0.000000
0.000000
0.000000
0.000000
0.000000
0.000000
0.000000
0.000000
0.000000
0.000000
0.000000
0.000000
0.000000
0.000000
0.000000
0.000000
0.000000
0.000000
0.000000
0.000000
0.000000
0.000000
0.000000
0.000000
0.000000
0.000000
0.000000
0.000000
0.000000
0.000000
0.000000
0.000000
0.000000
0.000000
0.000000
0.000000
0.000000
0.000000
0.000000
0.000000
0.000000
0.000000
0.000000
0.000000
0.000000
0.000000
0.000000
0.000000
0.000000
0.000000
0.000000
0.000000
0.000000
0.000000
0.000000
0.000000
0.000000
0.000000
0.000000
0.000000
0.000000
0.000000
0.000000
0.000000
0.000000
0.000000
0.000000
0.000000
0.000000
0.000000
0.000000
0.000000
0.000000
0.000000
0.000000
