57.709800
23.455900
970.540000
193.670000
89.178000
55.589000
33.933000
21.926000
16.243000
11.116000
8.111500
6.139300
4.826400
3.610900
2.869800
2.164200
1.686100
1.531100
1.072500
0.971960
0.708100
0.513750
0.463490
0.387330
0.334090
0.260810
0.191500
0.172860
0.132730
0.105430
0.135300
0.066549
0.071081
0.071750
0.048252
0.038742
0.036228
0.018949
0.020056
0.012742
0.015248
0.012350
0.008951
0.008992
0.006884
0.005645
0.006157
0.002785
0.004709
0.004339
0.002011
0.001639
0.002307
0.000590
0.000856
0.000960
0.001052
0.001587
0.000357
0.000220
0.000711
0.000103
0.000117
0.000287
0.000138
0.000143
0.000063
0.000006
0.000234
0.000013
0.000016
0.000286
0.000198
0.000188
0.000010
0.000010
0.000053
0.000001
0.000010
0.000084
0.000005
0.000002
0.000000
0.000000
0.000000
0.000000
0.000000
0.000015
0.000000
0.000000
0.000000
0.000000
0.000000
0.000000
0.000000
0.000000
0.000000
0.000000
0.000001
0.000000
0.000000
0.000000
0.000000
0.000000
0.000001
0.000000
0.000000
0.000000
0.000000
0.000000
0.000000
0.000000
0.000000
0.000000
0.000000
0.000000
0.000000
0.000000
0.000000
0.000000
0.000000
0.000000
0.000000
0.000000
0.000000
0.000000
0.000000
0.000000
0.000000
0.000000
0.000000
0.000000
0.000000
0.000000
0.000000
0.000000
0.000000
0.000000
0.000000
0.000000
0.000000
0.000000
0.000000
0.000000
0.000000
0.000000
0.000000
0.000000
0.000000
0.000000
0.000000
0.000000
0.000000
0.000000
0.000000
0.000000
0.000000
0.000000
0.000000
0.000000
0.000000
0.000000
0.000000
0.000000
0.000000
0.000000
0.000000
0.000000
0.000000
0.000000
0.000000
0.000000
0.000000
0.000000
0.000000
0.000000
0.000000
0.000000
0.000000
0.000000
0.000000
0.000000
0.000000
0.000000
0.000000
0.000000
0.000000
0.000000
0.000000
0.000000
0.000000
0.000000
0.000000
0.000000
0.000000
0.000000
0.000000
0.000000
0.000000
0.000000
0.000000
0.000000
