54.151600
14.779200
889.140000
206.580000
93.004000
56.659000
36.938000
23.698000
18.605000
13.037000
9.618400
7.736800
5.997100
5.018600
4.446800
3.292400
2.520200
2.211100
1.961000
1.335100
1.282700
1.119200
0.901070
0.688090
0.551970
0.499720
0.513130
0.297270
0.351870
0.259960
0.235830
0.217880
0.190340
0.147980
0.132790
0.102940
0.098415
0.086650
0.053259
0.056641
0.040502
0.034746
0.022064
0.030087
0.025955
0.016273
0.024784
0.012455
0.010127
0.005974
0.009584
0.007340
0.005901
0.007463
0.003534
0.002630
0.004024
0.001932
0.002564
0.002018
0.001853
0.001333
0.001186
0.000582
0.002328
0.000157
0.000566
0.001676
0.000351
0.000663
0.000153
0.000306
0.001424
0.000193
0.000309
0.000207
0.000096
0.000076
0.000059
0.000045
0.000071
0.000042
0.000585
0.000132
0.000067
0.000015
0.000199
0.000057
0.000001
0.000000
0.000036
0.000055
0.000003
0.000004
0.000042
0.000002
0.000000
0.000002
0.000002
0.000009
0.000000
0.000000
0.000000
0.000000
0.000019
0.000000
0.000000
0.000000
0.000011
0.000000
0.000000
0.000004
0.000006
0.000000
0.000000
0.000000
0.000000
0.000002
0.000000
0.000000
0.000000
0.000000
0.000000
0.000000
0.000000
0.000000
0.000000
0.000000
0.000000
0.000000
0.000000
0.000000
0.000000
0.000000
0.000000
0.000000
0.000000
0.000000
0.000000
0.000000
0.000000
0.000000
0.000000
0.000000
0.000000
0.000000
0.000000
0.000000
0.000000
0.000000
0.000000
0.000000
0.000000
0.000000
0.000000
0.000000
0.000000
0.000000
0.000000
0.000000
0.000000
0.000000
0.000000
0.000000
0.000000
0.000000
0.000000
0.000000
0.000000
0.000000
0.000000
0.000000
0.000000
0.000000
0.000000
0.000000
0.000000
0.000000
0.000000
0.000000
0.000000
0.000000
0.000000
0.000000
0.000000
0.000000
0.000000
0.000000
0.000000
0.000000
0.000000
0.000000
0.000000
0.000000
0.000000
0.000000
0.000000
0.000000
0.000000
0.000000
0.000000
0.000000
