70.849500
19.211000
864.770000
172.110000
71.146000
42.837000
24.239000
15.508000
11.695000
8.034100
5.892400
4.991100
3.239700
2.572200
2.219600
1.488700
1.204800
1.040800
0.931240
0.641330
0.642840
0.549760
0.346000
0.344180
0.259880
0.241610
0.200500
0.156040
0.142290
0.111750
0.102980
0.086379
0.052458
0.050343
0.046978
0.044554
0.031488
0.028338
0.021784
0.026198
0.012802
0.011183
0.008866
0.007012
0.008170
0.006199
0.005476
0.005178
0.002662
0.003740
0.001747
0.002232
0.001947
0.003194
0.001588
0.000820
0.000441
0.000335
0.001873
0.000916
0.000884
0.000222
0.000478
0.000761
0.000268
0.000171
0.000031
0.000058
0.000098
0.000090
0.000249
0.000157
0.000102
0.000000
0.000054
0.000024
0.000000
0.000002
0.000085
0.000000
0.000025
0.000000
0.000011
0.000000
0.000053
0.000000
0.000000
0.000000
0.000000
0.000002
0.000000
0.000000
0.000000
0.000000
0.000000
0.000000
0.000000
0.000000
0.000015
0.000000
0.000000
0.000000
0.000000
0.000000
0.000000
0.000000
0.000000
0.000000
0.000000
0.000000
0.000000
0.000000
0.000000
0.000000
0.000000
0.000000
0.000000
0.000000
0.000000
0.000000
0.000000
0.000000
0.000000
0.000000
0.000000
0.000000
0.000000
0.000000
0.000000
0.000000
0.000000
0.000000
0.000000
0.000000
0.000000
0.000000
0.000005
0.000000
0.000000
0.000000
0.000000
0.000000
0.000000
0.000000
0.000000
0.000000
0.000000
0.000000
0.000000
0.000000
0.000000
0.000000
0.000000
0.000000
0.000000
0.000000
0.000000
0.000000
0.000000
0.000000
0.000000
0.000000
0.000000
0.000000
0.000000
0.000000
0.000000
0.000000
0.000000
0.000000
0.000000
0.000000
0.000000
0.000000
0.000000
0.000000
0.000000
0.000000
0.000000
0.000000
0.000000
0.000000
0.000000
0.000000
0.000000
0.000000
0.000000
0.000000
0.000000
0.000000
0.000000
0.000000
0.000000
0.000000
0.000000
0.000000
0.000000
0.000000
0.000000
0.000000
0.000000
0.000000
