40.933700
46.762400
1009.100000
237.660000
114.550000
61.229000
45.745000
29.451000
20.820000
15.705000
10.136000
8.219100
5.912400
4.399900
3.010900
2.405300
1.776900
1.675700
1.013800
1.014100
0.663960
0.627880
0.420480
0.336070
0.257340
0.257880
0.163080
0.123410
0.102980
0.074529
0.072134
0.058517
0.035388
0.031313
0.022923
0.016771
0.017974
0.010025
0.007664
0.007735
0.004237
0.003897
0.002383
0.002735
0.001743
0.001096
0.001770
0.000572
0.001125
0.000655
0.000268
0.000240
0.000166
0.000055
0.000676
0.000127
0.000081
0.000015
0.000018
0.000033
0.000035
0.000012
0.000004
0.000015
0.000025
0.000004
0.000000
0.000007
0.000000
0.000000
0.000000
0.000002
0.000002
0.000008
0.000000
0.000001
0.000007
0.000001
0.000000
0.000000
0.000000
0.000000
0.000000
0.000003
0.000000
0.000000
0.000000
0.000000
0.000000
0.000000
0.000000
0.000000
0.000000
0.000000
0.000000
0.000000
0.000000
0.000000
0.000000
0.000000
0.000000
0.000000
0.000000
0.000000
0.000000
0.000000
0.000000
0.000000
0.000000
0.000000
0.000000
0.000000
0.000000
0.000000
0.000000
0.000000
0.000000
0.000000
0.000000
0.000000
0.000000
0.000000
0.000000
0.000000
0.000000
0.000000
0.000000
0.000000
0.000000
0.000000
0.000000
0.000000
0.000000
0.000000
0.000000
0.000000
0.000000
0.000000
0.000000
0.000000
0.000000
0.000000
0.000000
0.000000
0.000000
0.000000
0.000000
0.000000
0.000000
0.000000
0.000000
0.000000
0.000000
0.000000
0.000000
0.000000
0.000000
0.000000
0.000000
0.000000
0.000000
0.000000
0.000000
0.000000
0.000000
0.000000
0.000000
0.000000
0.000000
0.000000
0.000000
0.000000
0.000000
0.000000
0.000000
0.000000
0.000000
0.000000
0.000000
0.000000
0.000000
0.000000
0.000000
0.000000
0.000000
0.000000
0.000000
0.000000
0.000000
0.000000
0.000000
0.000000
0.000000
0.000000
0.000000
0.000000
0.000000
0.000000
0.000000
0.000000
0.000000
0.000000
