78.942500
11.486400
843.050000
157.060000
68.000000
37.546000
21.808000
15.531000
9.628600
7.238900
4.962200
4.275600
3.521400
2.568700
2.196500
1.687700
1.366100
1.207600
1.140700
0.869530
0.555940
0.572630
0.591640
0.456650
0.425480
0.308260
0.244520
0.219170
0.161380
0.188800
0.145040
0.144430
0.101770
0.080513
0.063647
0.057581
0.063420
0.033515
0.040970
0.034954
0.033749
0.017626
0.022293
0.010558
0.018344
0.011316
0.006112
0.006864
0.016489
0.006715
0.003576
0.006313
0.003334
0.003595
0.003960
0.003680
0.001879
0.000606
0.005491
0.000641
0.000827
0.001865
0.000443
0.003355
0.001333
0.000542
0.001299
0.000280
0.000273
0.000100
0.000827
0.000266
0.000962
0.000035
0.000340
0.000214
0.000146
0.000000
0.000021
0.000006
0.000038
0.000008
0.000004
0.000206
0.000011
0.000004
0.000000
0.000001
0.000163
0.000009
0.000000
0.000002
0.000000
0.000000
0.000003
0.000002
0.000000
0.000002
0.000000
0.000000
0.000000
0.000000
0.000000
0.000000
0.000000
0.000000
0.000000
0.000000
0.000008
0.000000
0.000000
0.000000
0.000001
0.000000
0.000000
0.000000
0.000000
0.000000
0.000000
0.000010
0.000000
0.000000
0.000000
0.000000
0.000000
0.000000
0.000000
0.000002
0.000000
0.000000
0.000000
0.000000
0.000000
0.000000
0.000000
0.000000
0.000000
0.000000
0.000000
0.000000
0.000000
0.000000
0.000000
0.000000
0.000000
0.000000
0.000000
0.000000
0.000000
0.000000
0.000000
0.000000
0.000000
0.000000
0.000000
0.000000
0.000000
0.000000
0.000000
0.000000
0.000000
0.000000
0.000000
0.000000
0.000000
0.000000
0.000000
0.000000
0.000000
0.000000
0.000000
0.000000
0.000000
0.000000
0.000000
0.000000
0.000000
0.000000
0.000000
0.000000
0.000000
0.000000
0.000000
0.000000
0.000000
0.000000
0.000000
0.000000
0.000000
0.000000
0.000000
0.000000
0.000000
0.000000
0.000000
0.000000
0.000000
0.000000
0.000000
0.000000
0.000000
0.000000
