62.794200
31.182100
872.600000
183.660000
81.607000
44.444000
25.802000
18.727000
12.502000
9.250300
6.917300
5.020300
3.489800
2.921900
2.195200
1.360500
1.324400
0.961880
0.741810
0.648480
0.472780
0.418980
0.284440
0.170670
0.177980
0.126210
0.109810
0.091809
0.093728
0.060964
0.056188
0.048686
0.045790
0.023187
0.024357
0.017083
0.022637
0.015082
0.008879
0.007371
0.006747
0.005580
0.003321
0.002293
0.002502
0.003164
0.001672
0.004101
0.001984
0.001005
0.001450
0.000431
0.000134
0.000469
0.000196
0.000168
0.000135
0.000154
0.000634
0.000566
0.000025
0.000023
0.000094
0.000247
0.000237
0.000000
0.000137
0.000038
0.000000
0.000010
0.000027
0.000018
0.000011
0.000003
0.000003
0.000006
0.000000
0.000002
0.000000
0.000003
0.000000
0.000001
0.000000
0.000003
0.000000
0.000000
0.000000
0.000000
0.000000
0.000000
0.000000
0.000000
0.000000
0.000000
0.000000
0.000000
0.000000
0.000000
0.000000
0.000000
0.000000
0.000000
0.000000
0.000000
0.000000
0.000000
0.000000
0.000000
0.000000
0.000000
0.000000
0.000000
0.000000
0.000000
0.000000
0.000000
0.000000
0.000000
0.000000
0.000000
0.000000
0.000000
0.000000
0.000000
0.000000
0.000000
0.000000
0.000000
0.000000
0.000000
0.000000
0.000000
0.000000
0.000000
0.000000
0.000000
0.000000
0.000000
0.000000
0.000000
0.000000
0.000000
0.000000
0.000000
0.000000
0.000000
0.000000
0.000000
0.000000
0.000000
0.000000
0.000000
0.000000
0.000000
0.000000
0.000000
0.000000
0.000000
0.000000
0.000000
0.000000
0.000000
0.000000
0.000000
0.000000
0.000000
0.000000
0.000000
0.000000
0.000000
0.000000
0.000000
0.000000
0.000000
0.000000
0.000000
0.000000
0.000000
0.000000
0.000000
0.000000
0.000000
0.000000
0.000000
0.000000
0.000000
0.000000
0.000000
0.000000
0.000000
0.000000
0.000000
0.000000
0.000000
0.000000
0.000000
0.000000
0.000000
0.000000
0.000000
0.000000
0.000000
