72.721700
35.063200
889.050000
174.580000
71.161000
36.996000
22.408000
13.279000
9.983700
6.562700
5.013400
3.357300
2.501200
1.913800
1.406200
0.952160
0.811980
0.603510
0.425730
0.357680
0.271080
0.240660
0.169590
0.142170
0.126380
0.120410
0.073588
0.062507
0.044608
0.031795
0.031764
0.019449
0.016660
0.013071
0.008114
0.010039
0.003620
0.003391
0.005513
0.003731
0.001492
0.002436
0.002735
0.000939
0.000827
0.000927
0.000419
0.000544
0.000195
0.000138
0.000124
0.000383
0.000085
0.000138
0.000033
0.000026
0.000124
0.000075
0.000169
0.000124
0.000087
0.000173
0.000013
0.000001
0.000059
0.000003
0.000009
0.000000
0.000022
0.000022
0.000001
0.000001
0.000005
0.000000
0.000000
0.000003
0.000000
0.000000
0.000000
0.000003
0.000000
0.000000
0.000000
0.000000
0.000000
0.000000
0.000000
0.000000
0.000000
0.000000
0.000000
0.000000
0.000000
0.000000
0.000000
0.000000
0.000000
0.000000
0.000000
0.000000
0.000000
0.000000
0.000000
0.000000
0.000000
0.000000
0.000000
0.000000
0.000000
0.000000
0.000000
0.000000
0.000000
0.000000
0.000000
0.000000
0.000000
0.000000
0.000000
0.000000
0.000000
0.000000
0.000000
0.000000
0.000000
0.000000
0.000000
0.000000
0.000000
0.000000
0.000000
0.000000
0.000000
0.000000
0.000000
0.000000
0.000000
0.000000
0.000000
0.000000
0.000000
0.000000
0.000000
0.000000
0.000000
0.000000
0.000000
0.000000
0.000000
0.000000
0.000000
0.000000
0.000000
0.000000
0.000000
0.000000
0.000000
0.000000
0.000000
0.000000
0.000000
0.000000
0.000000
0.000000
0.000000
0.000000
0.000000
0.000000
0.000000
0.000000
0.000000
0.000000
0.000000
0.000000
0.000000
0.000000
0.000000
0.000000
0.000000
0.000000
0.000000
0.000000
0.000000
0.000000
0.000000
0.000000
0.000000
0.000000
0.000000
0.000000
0.000000
0.000000
0.000000
0.000000
0.000000
0.000000
0.000000
0.000000
0.000000
0.000000
0.000000
0.000000
