51.740000
27.917000
922.430000
197.920000
95.804000
54.770000
35.224000
25.748000
17.013000
12.227000
9.297400
6.837100
5.112600
4.114000
3.143800
2.398100
2.007200
1.566300
1.249500
0.890750
0.801860
0.584250
0.480550
0.390710
0.318190
0.247500
0.220080
0.164630
0.139550
0.117220
0.101950
0.082942
0.061182
0.049257
0.034803
0.035171
0.029030
0.022162
0.018828
0.014045
0.013111
0.010227
0.007810
0.004504
0.008795
0.003517
0.005174
0.002751
0.002501
0.002112
0.001833
0.000595
0.000899
0.001365
0.002716
0.001075
0.000530
0.000675
0.000307
0.000793
0.000240
0.000255
0.000147
0.000021
0.000104
0.000171
0.000251
0.000108
0.000046
0.000073
0.000037
0.000005
0.000030
0.000014
0.000016
0.000007
0.000065
0.000004
0.000007
0.000000
0.000007
0.000000
0.000000
0.000000
0.000007
0.000000
0.000000
0.000000
0.000000
0.000001
0.000000
0.000000
0.000000
0.000000
0.000000
0.000002
0.000000
0.000000
0.000000
0.000000
0.000000
0.000000
0.000000
0.000000
0.000000
0.000000
0.000000
0.000000
0.000000
0.000000
0.000000
0.000000
0.000000
0.000000
0.000000
0.000000
0.000000
0.000000
0.000000
0.000000
0.000000
0.000000
0.000000
0.000000
0.000000
0.000000
0.000000
0.000000
0.000000
0.000000
0.000000
0.000000
0.000000
0.000000
0.000000
0.000000
0.000000
0.000000
0.000000
0.000000
0.000000
0.000000
0.000000
0.000000
0.000000
0.000000
0.000000
0.000000
0.000000
0.000000
0.000000
0.000000
0.000000
0.000000
0.000000
0.000000
0.000000
0.000000
0.000000
0.000000
0.000000
0.000000
0.000000
0.000000
0.000000
0.000000
0.000000
0.000000
0.000000
0.000000
0.000000
0.000000
0.000000
0.000000
0.000000
0.000000
0.000000
0.000000
0.000000
0.000000
0.000000
0.000000
0.000000
0.000000
0.000000
0.000000
0.000000
0.000000
0.000000
0.000000
0.000000
0.000000
0.000000
0.000000
0.000000
0.000000
0.000000
0.000000
0.000000
0.000000
0.000000
0.000000
