42.352200
45.627400
973.500000
220.320000
110.600000
68.019000
39.653000
27.424000
17.969000
14.631000
10.086000
7.482500
5.750000
4.329500
3.009300
2.355100
1.864600
1.343700
1.035100
0.759640
0.698040
0.561340
0.433810
0.301260
0.256380
0.199440
0.163950
0.122970
0.086894
0.063764
0.054858
0.028865
0.037104
0.034207
0.015617
0.022154
0.015710
0.013312
0.009137
0.006310
0.006050
0.003278
0.003349
0.003222
0.001979
0.001097
0.001209
0.000696
0.000724
0.000675
0.000436
0.000211
0.000742
0.000321
0.000181
0.000043
0.000124
0.000137
0.000027
0.000026
0.000043
0.000009
0.000026
0.000158
0.000030
0.000026
0.000017
0.000012
0.000019
0.000003
0.000000
0.000003
0.000022
0.000000
0.000001
0.000000
0.000000
0.000000
0.000000
0.000000
0.000000
0.000000
0.000000
0.000000
0.000000
0.000000
0.000000
0.000000
0.000000
0.000000
0.000000
0.000000
0.000000
0.000000
0.000000
0.000000
0.000000
0.000000
0.000000
0.000000
0.000000
0.000000
0.000000
0.000000
0.000000
0.000000
0.000000
0.000000
0.000000
0.000000
0.000000
0.000000
0.000000
0.000000
0.000000
0.000000
0.000000
0.000000
0.000000
0.000000
0.000000
0.000000
0.000000
0.000000
0.000000
0.000000
0.000000
0.000000
0.000000
0.000000
0.000000
0.000000
0.000000
0.000000
0.000000
0.000000
0.000000
0.000000
0.000000
0.000000
0.000000
0.000000
0.000000
0.000000
0.000000
0.000000
0.000000
0.000000
0.000000
0.000000
0.000000
0.000000
0.000000
0.000000
0.000000
0.000000
0.000000
0.000000
0.000000
0.000000
0.000000
0.000000
0.000000
0.000000
0.000000
0.000000
0.000000
0.000000
0.000000
0.000000
0.000000
0.000000
0.000000
0.000000
0.000000
0.000000
0.000000
0.000000
0.000000
0.000000
0.000000
0.000000
0.000000
0.000000
0.000000
0.000000
0.000000
0.000000
0.000000
0.000000
0.000000
0.000000
0.000000
0.000000
0.000000
0.000000
0.000000
0.000000
0.000000
0.000000
0.000000
0.000000
