51.998300
12.813000
933.890000
214.910000
95.726000
59.623000
41.569000
26.493000
17.352000
14.463000
11.343000
8.564800
6.846700
6.072800
4.171100
3.660300
2.762400
2.484800
2.119200
1.851900
1.340100
1.318600
1.335600
0.815080
0.804830
0.584480
0.490520
0.502890
0.405630
0.284950
0.292110
0.220280
0.208080
0.199410
0.156470
0.122590
0.104390
0.098126
0.055043
0.082625
0.061482
0.052711
0.049945
0.037484
0.048045
0.035490
0.016791
0.021914
0.018975
0.017474
0.015107
0.012234
0.011247
0.007508
0.006046
0.008402
0.004462
0.004092
0.006096
0.003810
0.004021
0.006947
0.001540
0.001700
0.002261
0.002667
0.000877
0.000586
0.000269
0.001349
0.001879
0.000045
0.000254
0.000455
0.000765
0.000700
0.000048
0.000087
0.000082
0.000033
0.000083
0.000051
0.000064
0.000048
0.000520
0.000033
0.000065
0.000004
0.000002
0.000032
0.000009
0.000142
0.000259
0.000030
0.000008
0.000000
0.000030
0.000000
0.000009
0.000001
0.000007
0.000000
0.000000
0.000092
0.000000
0.000000
0.000000
0.000006
0.000002
0.000000
0.000005
0.000000
0.000005
0.000000
0.000000
0.000000
0.000000
0.000000
0.000000
0.000000
0.000000
0.000000
0.000000
0.000000
0.000000
0.000000
0.000000
0.000000
0.000000
0.000000
0.000000
0.000000
0.000000
0.000000
0.000000
0.000000
0.000000
0.000000
0.000000
0.000000
0.000000
0.000000
0.000000
0.000000
0.000000
0.000000
0.000000
0.000000
0.000000
0.000000
0.000000
0.000000
0.000000
0.000000
0.000000
0.000000
0.000000
0.000000
0.000000
0.000000
0.000000
0.000000
0.000000
0.000000
0.000000
0.000000
0.000000
0.000000
0.000000
0.000000
0.000000
0.000000
0.000000
0.000000
0.000000
0.000000
0.000000
0.000000
0.000000
0.000000
0.000000
0.000000
0.000000
0.000000
0.000000
0.000000
0.000000
0.000000
0.000000
0.000000
0.000000
0.000000
0.000000
0.000000
0.000000
0.000000
0.000000
0.000000
0.000000
0.000000
0.000000
0.000000
