89.114600
17.075500
816.460000
148.830000
59.852000
31.752000
17.916000
11.545000
7.333700
5.385200
4.008600
3.013300
2.291900
1.681600
1.268500
0.897310
0.863650
0.807390
0.449900
0.508470
0.415660
0.308360
0.258950
0.224380
0.164560
0.176030
0.122230
0.108560
0.096326
0.075344
0.073410
0.051409
0.042042
0.029629
0.036353
0.026017
0.020650
0.011369
0.016130
0.024514
0.005459
0.005983
0.009095
0.005803
0.007466
0.005356
0.006188
0.002704
0.001808
0.001023
0.002448
0.001813
0.000715
0.000761
0.001616
0.000866
0.000609
0.000236
0.000241
0.000299
0.000998
0.000246
0.000405
0.000210
0.000307
0.000054
0.000088
0.000127
0.000081
0.000015
0.000092
0.000003
0.000003
0.000296
0.000015
0.000042
0.000000
0.000000
0.000026
0.000029
0.000012
0.000008
0.000002
0.000024
0.000000
0.000000
0.000000
0.000000
0.000006
0.000000
0.000003
0.000000
0.000000
0.000000
0.000000
0.000004
0.000000
0.000005
0.000000
0.000000
0.000000
0.000000
0.000000
0.000000
0.000000
0.000000
0.000000
0.000000
0.000000
0.000000
0.000000
0.000000
0.000000
0.000000
0.000000
0.000000
0.000000
0.000000
0.000000
0.000000
0.000000
0.000000
0.000000
0.000000
0.000000
0.000000
0.000000
0.000000
0.000000
0.000000
0.000000
0.000000
0.000000
0.000000
0.000000
0.000000
0.000000
0.000000
0.000000
0.000000
0.000000
0.000000
0.000000
0.000000
0.000000
0.000000
0.000000
0.000000
0.000000
0.000000
0.000000
0.000000
0.000000
0.000000
0.000000
0.000000
0.000000
0.000000
0.000000
0.000000
0.000000
0.000000
0.000000
0.000000
0.000000
0.000000
0.000000
0.000000
0.000000
0.000000
0.000000
0.000000
0.000000
0.000000
0.000000
0.000000
0.000000
0.000000
0.000000
0.000000
0.000000
0.000000
0.000000
0.000000
0.000000
0.000000
0.000000
0.000000
0.000000
0.000000
0.000000
0.000000
0.000000
0.000000
0.000000
0.000000
0.000000
0.000000
0.000000
0.000000
0.000000
0.000000
