70.178000
27.910100
915.220000
171.380000
76.720000
39.813000
25.277000
16.933000
11.723000
7.694700
5.563500
4.216900
3.101100
2.316400
1.861500
1.319300
1.053100
0.856630
0.619590
0.512200
0.465590
0.329860
0.226580
0.175870
0.173920
0.135050
0.128180
0.095920
0.081473
0.055067
0.049815
0.040866
0.029594
0.028839
0.019023
0.018605
0.016331
0.008614
0.010208
0.004569
0.008622
0.006384
0.005060
0.003101
0.002622
0.002854
0.001434
0.001733
0.000967
0.001254
0.001275
0.000709
0.000786
0.000275
0.000336
0.000193
0.000052
0.000192
0.000354
0.000022
0.000088
0.000058
0.000232
0.000055
0.000040
0.000029
0.000051
0.000000
0.000022
0.000061
0.000002
0.000013
0.000004
0.000002
0.000003
0.000000
0.000003
0.000000
0.000011
0.000005
0.000005
0.000007
0.000004
0.000000
0.000000
0.000000
0.000000
0.000000
0.000000
0.000000
0.000000
0.000000
0.000000
0.000000
0.000000
0.000000
0.000000
0.000000
0.000000
0.000000
0.000000
0.000000
0.000000
0.000000
0.000000
0.000000
0.000000
0.000000
0.000000
0.000000
0.000000
0.000000
0.000000
0.000000
0.000000
0.000000
0.000000
0.000000
0.000000
0.000000
0.000000
0.000000
0.000000
0.000000
0.000000
0.000000
0.000000
0.000000
0.000000
0.000000
0.000000
0.000000
0.000000
0.000000
0.000000
0.000000
0.000000
0.000000
0.000000
0.000000
0.000000
0.000000
0.000000
0.000000
0.000000
0.000000
0.000000
0.000000
0.000000
0.000000
0.000000
0.000000
0.000000
0.000000
0.000000
0.000000
0.000000
0.000000
0.000000
0.000000
0.000000
0.000000
0.000000
0.000000
0.000000
0.000000
0.000000
0.000000
0.000000
0.000000
0.000000
0.000000
0.000000
0.000000
0.000000
0.000000
0.000000
0.000000
0.000000
0.000000
0.000000
0.000000
0.000000
0.000000
0.000000
0.000000
0.000000
0.000000
0.000000
0.000000
0.000000
0.000000
0.000000
0.000000
0.000000
0.000000
0.000000
0.000000
0.000000
0.000000
0.000000
0.000000
