59.267900
22.515200
908.470000
181.880000
82.547000
51.381000
34.392000
22.976000
14.752000
10.097000
8.354600
6.020200
4.629600
3.680900
2.622000
2.099500
1.704900
1.262300
1.165700
0.853520
0.792940
0.648910
0.589740
0.442480
0.307860
0.280090
0.201010
0.199270
0.155340
0.160920
0.101350
0.078857
0.056272
0.064576
0.050614
0.043038
0.044054
0.038920
0.020222
0.021729
0.014438
0.009863
0.008614
0.012570
0.007099
0.008776
0.004140
0.006051
0.002368
0.004345
0.002676
0.000905
0.001840
0.001837
0.000833
0.000913
0.001870
0.000548
0.000910
0.000563
0.000110
0.000204
0.000171
0.000064
0.000170
0.000075
0.000067
0.000044
0.000198
0.000101
0.000175
0.000017
0.000070
0.000108
0.000025
0.000065
0.000031
0.000054
0.000004
0.000007
0.000084
0.000002
0.000002
0.000000
0.000000
0.000000
0.000001
0.000000
0.000000
0.000000
0.000002
0.000000
0.000000
0.000000
0.000000
0.000000
0.000000
0.000000
0.000000
0.000000
0.000000
0.000000
0.000000
0.000000
0.000000
0.000000
0.000000
0.000000
0.000000
0.000000
0.000005
0.000000
0.000000
0.000000
0.000000
0.000000
0.000000
0.000000
0.000000
0.000000
0.000000
0.000000
0.000000
0.000000
0.000000
0.000000
0.000000
0.000000
0.000000
0.000000
0.000000
0.000000
0.000000
0.000000
0.000000
0.000000
0.000000
0.000000
0.000000
0.000000
0.000000
0.000000
0.000000
0.000000
0.000000
0.000000
0.000000
0.000000
0.000000
0.000000
0.000000
0.000000
0.000000
0.000000
0.000000
0.000000
0.000000
0.000000
0.000000
0.000000
0.000000
0.000000
0.000000
0.000000
0.000000
0.000000
0.000000
0.000000
0.000000
0.000000
0.000000
0.000000
0.000000
0.000000
0.000000
0.000000
0.000000
0.000000
0.000000
0.000000
0.000000
0.000000
0.000000
0.000000
0.000000
0.000000
0.000000
0.000000
0.000000
0.000000
0.000000
0.000000
0.000000
0.000000
0.000000
0.000000
0.000000
0.000000
0.000000
0.000000
0.000000
0.000000
