66.520200
23.043000
897.260000
179.180000
82.055000
43.451000
28.597000
18.241000
12.432000
9.069000
6.630100
4.902600
3.899800
2.513200
2.036700
1.670200
1.314900
1.169900
0.972740
0.696520
0.505860
0.490620
0.375320
0.296060
0.267790
0.204990
0.151130
0.119770
0.113960
0.093428
0.066313
0.067683
0.063232
0.043676
0.028327
0.030699
0.034873
0.022197
0.023021
0.008107
0.015484
0.006951
0.007388
0.006728
0.007995
0.005142
0.005684
0.002581
0.003632
0.001796
0.001869
0.000587
0.001358
0.002271
0.000111
0.000503
0.000851
0.000432
0.000123
0.000717
0.000229
0.000456
0.000048
0.000151
0.000021
0.000075
0.000098
0.000282
0.000001
0.000014
0.000015
0.000013
0.000086
0.000027
0.000027
0.000143
0.000000
0.000100
0.000031
0.000000
0.000000
0.000000
0.000000
0.000005
0.000003
0.000000
0.000000
0.000000
0.000000
0.000002
0.000000
0.000000
0.000001
0.000002
0.000005
0.000000
0.000000
0.000000
0.000000
0.000006
0.000000
0.000000
0.000000
0.000000
0.000000
0.000000
0.000000
0.000000
0.000000
0.000000
0.000000
0.000000
0.000000
0.000000
0.000000
0.000000
0.000000
0.000000
0.000000
0.000000
0.000000
0.000000
0.000000
0.000000
0.000000
0.000000
0.000000
0.000000
0.000000
0.000000
0.000000
0.000000
0.000000
0.000000
0.000000
0.000000
0.000000
0.000000
0.000000
0.000000
0.000000
0.000000
0.000000
0.000000
0.000000
0.000000
0.000000
0.000000
0.000000
0.000000
0.000000
0.000000
0.000000
0.000000
0.000000
0.000000
0.000000
0.000000
0.000000
0.000000
0.000000
0.000000
0.000000
0.000000
0.000000
0.000000
0.000000
0.000000
0.000000
0.000000
0.000000
0.000000
0.000000
0.000000
0.000000
0.000000
0.000000
0.000000
0.000000
0.000000
0.000000
0.000000
0.000000
0.000000
0.000000
0.000000
0.000000
0.000000
0.000000
0.000000
0.000000
0.000000
0.000000
0.000000
0.000000
0.000000
0.000000
0.000000
0.000000
0.000000
0.000000
0.000000
