58.559500
35.445300
935.100000
204.820000
85.200000
47.842000
29.863000
20.600000
12.801000
9.261300
8.454100
5.350200
3.973300
2.904400
2.425800
1.492900
1.140400
0.881920
0.726230
0.649110
0.520360
0.375510
0.321580
0.181620
0.184110
0.122230
0.123080
0.070441
0.073004
0.060251
0.055993
0.037688
0.034377
0.021130
0.024746
0.017194
0.015126
0.008142
0.012883
0.004032
0.007207
0.002467
0.001905
0.002365
0.001472
0.001932
0.001791
0.001250
0.000641
0.001307
0.000410
0.000199
0.000228
0.000336
0.000164
0.000194
0.000134
0.000034
0.000057
0.000232
0.000057
0.000060
0.000016
0.000019
0.000024
0.000008
0.000017
0.000081
0.000000
0.000000
0.000000
0.000000
0.000009
0.000000
0.000000
0.000006
0.000001
0.000000
0.000000
0.000000
0.000000
0.000000
0.000000
0.000001
0.000000
0.000000
0.000000
0.000000
0.000000
0.000000
0.000000
0.000000
0.000000
0.000000
0.000000
0.000000
0.000000
0.000005
0.000000
0.000000
0.000000
0.000000
0.000000
0.000000
0.000000
0.000000
0.000000
0.000000
0.000000
0.000000
0.000000
0.000000
0.000000
0.000000
0.000000
0.000000
0.000000
0.000000
0.000000
0.000000
0.000000
0.000000
0.000000
0.000000
0.000000
0.000000
0.000000
0.000000
0.000000
0.000000
0.000000
0.000000
0.000000
0.000000
0.000000
0.000000
0.000000
0.000000
0.000000
0.000000
0.000000
0.000000
0.000000
0.000000
0.000000
0.000000
0.000000
0.000000
0.000000
0.000000
0.000000
0.000000
0.000000
0.000000
0.000000
0.000000
0.000000
0.000000
0.000000
0.000000
0.000000
0.000000
0.000000
0.000000
0.000000
0.000000
0.000000
0.000000
0.000000
0.000000
0.000000
0.000000
0.000000
0.000000
0.000000
0.000000
0.000000
0.000000
0.000000
0.000000
0.000000
0.000000
0.000000
0.000000
0.000000
0.000000
0.000000
0.000000
0.000000
0.000000
0.000000
0.000000
0.000000
0.000000
0.000000
0.000000
0.000000
0.000000
0.000000
0.000000
0.000000
0.000000
