68.865300
19.610200
890.650000
179.270000
75.023000
43.154000
25.485000
16.313000
11.954000
8.916500
6.101300
4.818500
3.329700
2.873100
1.915300
1.623800
1.350700
1.065100
0.874590
0.767670
0.600870
0.528380
0.419550
0.384080
0.313440
0.240920
0.184590
0.155580
0.136660
0.119930
0.110860
0.073697
0.076700
0.053494
0.043325
0.031798
0.028745
0.025216
0.012680
0.017729
0.009114
0.015083
0.008173
0.007441
0.008214
0.003716
0.006129
0.007942
0.003763
0.003298
0.002727
0.001148
0.003858
0.001642
0.002141
0.000611
0.000515
0.001109
0.000527
0.000424
0.000085
0.000169
0.000262
0.000040
0.000373
0.000122
0.000125
0.000237
0.000066
0.000018
0.000000
0.000001
0.000000
0.000019
0.000034
0.000014
0.000023
0.000010
0.000040
0.000021
0.000000
0.000015
0.000000
0.000008
0.000026
0.000007
0.000001
0.000000
0.000000
0.000002
0.000000
0.000009
0.000002
0.000000
0.000000
0.000000
0.000000
0.000000
0.000010
0.000000
0.000000
0.000000
0.000000
0.000000
0.000000
0.000000
0.000000
0.000000
0.000000
0.000000
0.000000
0.000000
0.000000
0.000000
0.000000
0.000000
0.000000
0.000000
0.000000
0.000000
0.000000
0.000000
0.000000
0.000000
0.000000
0.000000
0.000000
0.000000
0.000000
0.000000
0.000000
0.000000
0.000000
0.000000
0.000000
0.000000
0.000000
0.000000
0.000000
0.000000
0.000000
0.000000
0.000000
0.000000
0.000000
0.000000
0.000000
0.000000
0.000000
0.000000
0.000000
0.000000
0.000000
0.000000
0.000000
0.000000
0.000000
0.000000
0.000000
0.000000
0.000000
0.000000
0.000000
0.000000
0.000000
0.000000
0.000000
0.000000
0.000000
0.000000
0.000000
0.000000
0.000000
0.000000
0.000000
0.000000
0.000000
0.000000
0.000000
0.000000
0.000000
0.000000
0.000000
0.000000
0.000000
0.000000
0.000000
0.000000
0.000000
0.000000
0.000000
0.000000
0.000000
0.000000
0.000000
0.000000
0.000000
0.000000
0.000000
0.000000
0.000000
0.000000
