49.889200
30.891100
957.360000
223.220000
103.040000
57.701000
32.734000
25.557000
18.168000
11.809000
8.901100
7.033400
5.685600
4.429700
3.161600
2.737900
1.870400
1.623600
1.188200
0.889000
0.734520
0.678540
0.484080
0.400490
0.270650
0.290830
0.212480
0.148220
0.128640
0.118730
0.090068
0.060972
0.050023
0.039274
0.033939
0.026428
0.024299
0.022105
0.012657
0.009912
0.007461
0.010685
0.009410
0.006050
0.003846
0.007632
0.004040
0.002212
0.001592
0.001281
0.002221
0.002450
0.000964
0.000812
0.000358
0.000787
0.000145
0.000091
0.000180
0.000201
0.000150
0.000178
0.000077
0.000112
0.000102
0.000002
0.000047
0.000032
0.000000
0.000023
0.000073
0.000007
0.000015
0.000000
0.000002
0.000000
0.000009
0.000000
0.000024
0.000000
0.000000
0.000000
0.000000
0.000004
0.000000
0.000000
0.000000
0.000000
0.000002
0.000000
0.000000
0.000000
0.000000
0.000000
0.000000
0.000000
0.000000
0.000000
0.000000
0.000000
0.000000
0.000000
0.000000
0.000000
0.000000
0.000000
0.000000
0.000000
0.000000
0.000000
0.000000
0.000000
0.000000
0.000000
0.000000
0.000000
0.000000
0.000000
0.000000
0.000000
0.000000
0.000000
0.000000
0.000000
0.000000
0.000000
0.000000
0.000000
0.000000
0.000000
0.000000
0.000000
0.000000
0.000000
0.000000
0.000000
0.000000
0.000000
0.000000
0.000000
0.000000
0.000000
0.000000
0.000000
0.000000
0.000000
0.000000
0.000000
0.000000
0.000000
0.000000
0.000000
0.000000
0.000000
0.000000
0.000000
0.000000
0.000000
0.000000
0.000000
0.000000
0.000000
0.000000
0.000000
0.000000
0.000000
0.000000
0.000000
0.000000
0.000000
0.000000
0.000000
0.000000
0.000000
0.000000
0.000000
0.000000
0.000000
0.000000
0.000000
0.000000
0.000000
0.000000
0.000000
0.000000
0.000000
0.000000
0.000000
0.000000
0.000000
0.000000
0.000000
0.000000
0.000000
0.000000
0.000000
0.000000
0.000000
0.000000
0.000000
0.000000
0.000000
