49.066400
59.262400
947.110000
212.530000
103.930000
54.632000
35.184000
23.689000
15.584000
11.686000
8.007500
5.301500
4.427400
2.843600
2.066100
1.846400
1.234600
1.021900
0.684980
0.420210
0.390900
0.352130
0.214490
0.184880
0.108740
0.084039
0.061818
0.063530
0.050593
0.040375
0.015930
0.020245
0.015656
0.013924
0.014258
0.005077
0.010851
0.005279
0.002211
0.001665
0.001735
0.000712
0.000664
0.000673
0.000316
0.000488
0.000213
0.001542
0.000052
0.000117
0.000065
0.000043
0.000051
0.000068
0.000151
0.000000
0.000004
0.000006
0.000002
0.000001
0.000000
0.000000
0.000021
0.000006
0.000000
0.000000
0.000000
0.000001
0.000001
0.000009
0.000000
0.000047
0.000000
0.000002
0.000000
0.000000
0.000000
0.000000
0.000000
0.000000
0.000000
0.000000
0.000000
0.000000
0.000000
0.000000
0.000000
0.000000
0.000000
0.000000
0.000000
0.000000
0.000000
0.000000
0.000000
0.000000
0.000000
0.000000
0.000000
0.000000
0.000000
0.000000
0.000000
0.000000
0.000000
0.000000
0.000000
0.000000
0.000000
0.000000
0.000000
0.000000
0.000000
0.000000
0.000000
0.000000
0.000000
0.000000
0.000000
0.000000
0.000000
0.000000
0.000000
0.000000
0.000000
0.000000
0.000000
0.000000
0.000000
0.000000
0.000000
0.000000
0.000000
0.000000
0.000000
0.000000
0.000000
0.000000
0.000000
0.000000
0.000000
0.000000
0.000000
0.000000
0.000000
0.000000
0.000000
0.000000
0.000000
0.000000
0.000000
0.000000
0.000000
0.000000
0.000000
0.000000
0.000000
0.000000
0.000000
0.000000
0.000000
0.000000
0.000000
0.000000
0.000000
0.000000
0.000000
0.000000
0.000000
0.000000
0.000000
0.000000
0.000000
0.000000
0.000000
0.000000
0.000000
0.000000
0.000000
0.000000
0.000000
0.000000
0.000000
0.000000
0.000000
0.000000
0.000000
0.000000
0.000000
0.000000
0.000000
0.000000
0.000000
0.000000
0.000000
0.000000
0.000000
0.000000
0.000000
0.000000
0.000000
0.000000
