67.439400
54.367500
876.730000
175.230000
76.141000
39.005000
23.477000
15.439000
10.577000
7.107700
4.705100
3.655100
2.083500
1.760800
1.292600
0.817310
0.642070
0.459470
0.350440
0.276850
0.169710
0.154100
0.091017
0.090182
0.050094
0.044751
0.039881
0.015284
0.020560
0.012501
0.010391
0.007732
0.006457
0.005359
0.004781
0.002910
0.001131
0.001043
0.000455
0.000796
0.000946
0.000636
0.000378
0.000209
0.000679
0.000275
0.000338
0.000054
0.000231
0.000036
0.000002
0.000140
0.000011
0.000023
0.000003
0.000000
0.000006
0.000004
0.000005
0.000010
0.000000
0.000000
0.000000
0.000005
0.000000
0.000003
0.000003
0.000000
0.000000
0.000000
0.000000
0.000000
0.000000
0.000000
0.000000
0.000000
0.000000
0.000000
0.000000
0.000000
0.000000
0.000000
0.000000
0.000000
0.000000
0.000000
0.000000
0.000000
0.000000
0.000000
0.000000
0.000000
0.000000
0.000000
0.000000
0.000000
0.000000
0.000000
0.000000
0.000000
0.000000
0.000000
0.000000
0.000000
0.000000
0.000000
0.000000
0.000000
0.000000
0.000000
0.000000
0.000000
0.000000
0.000000
0.000000
0.000000
0.000000
0.000000
0.000000
0.000000
0.000000
0.000000
0.000000
0.000000
0.000000
0.000000
0.000000
0.000000
0.000000
0.000000
0.000000
0.000000
0.000000
0.000000
0.000000
0.000000
0.000000
0.000000
0.000000
0.000000
0.000000
0.000000
0.000000
0.000000
0.000000
0.000000
0.000000
0.000000
0.000000
0.000000
0.000000
0.000000
0.000000
0.000000
0.000000
0.000000
0.000000
0.000000
0.000000
0.000000
0.000000
0.000000
0.000000
0.000000
0.000000
0.000000
0.000000
0.000000
0.000000
0.000000
0.000000
0.000000
0.000000
0.000000
0.000000
0.000000
0.000000
0.000000
0.000000
0.000000
0.000000
0.000000
0.000000
0.000000
0.000000
0.000000
0.000000
0.000000
0.000000
0.000000
0.000000
0.000000
0.000000
0.000000
0.000000
0.000000
0.000000
0.000000
0.000000
0.000000
0.000000
0.000000
