47.449400
53.393900
932.950000
220.140000
96.476000
55.542000
37.174000
24.015000
17.117000
12.093000
7.935300
6.055700
4.573900
3.284800
2.586500
2.096200
1.744800
1.104800
0.890590
0.593300
0.506230
0.358210
0.274770
0.219160
0.174390
0.150200
0.099004
0.091502
0.061015
0.043838
0.030265
0.022869
0.018017
0.015115
0.014088
0.008549
0.007095
0.005118
0.003241
0.003914
0.001835
0.001491
0.002226
0.001071
0.001018
0.001313
0.000222
0.000526
0.000190
0.000074
0.000186
0.000225
0.000055
0.000043
0.000045
0.000018
0.000009
0.000023
0.000020
0.000000
0.000011
0.000004
0.000004
0.000005
0.000000
0.000000
0.000000
0.000000
0.000000
0.000000
0.000000
0.000000
0.000000
0.000000
0.000000
0.000000
0.000000
0.000005
0.000000
0.000000
0.000000
0.000000
0.000000
0.000000
0.000000
0.000000
0.000000
0.000000
0.000000
0.000000
0.000000
0.000000
0.000000
0.000000
0.000000
0.000000
0.000000
0.000000
0.000000
0.000000
0.000000
0.000000
0.000000
0.000000
0.000000
0.000000
0.000000
0.000000
0.000000
0.000000
0.000000
0.000000
0.000000
0.000000
0.000000
0.000000
0.000000
0.000000
0.000000
0.000000
0.000000
0.000000
0.000000
0.000000
0.000000
0.000000
0.000000
0.000000
0.000000
0.000000
0.000000
0.000000
0.000000
0.000000
0.000000
0.000000
0.000000
0.000000
0.000000
0.000000
0.000000
0.000000
0.000000
0.000000
0.000000
0.000000
0.000000
0.000000
0.000000
0.000000
0.000000
0.000000
0.000000
0.000000
0.000000
0.000000
0.000000
0.000000
0.000000
0.000000
0.000000
0.000000
0.000000
0.000000
0.000000
0.000000
0.000000
0.000000
0.000000
0.000000
0.000000
0.000000
0.000000
0.000000
0.000000
0.000000
0.000000
0.000000
0.000000
0.000000
0.000000
0.000000
0.000000
0.000000
0.000000
0.000000
0.000000
0.000000
0.000000
0.000000
0.000000
0.000000
0.000000
0.000000
0.000000
0.000000
0.000000
0.000000
0.000000
0.000000
0.000000
0.000000
