48.556700
34.349600
933.510000
225.280000
105.360000
57.104000
35.823000
25.614000
19.300000
13.370000
9.762400
6.930000
5.047000
4.192800
3.054900
2.555400
1.591100
1.275900
1.025100
0.866830
0.671570
0.509290
0.417620
0.340180
0.292670
0.262170
0.211880
0.151240
0.133560
0.079343
0.077904
0.060715
0.041011
0.029500
0.028659
0.018497
0.017352
0.010872
0.014546
0.009417
0.006442
0.005748
0.004830
0.004075
0.002075
0.003608
0.002242
0.001434
0.001851
0.002087
0.002341
0.001491
0.000364
0.000549
0.000443
0.000231
0.000220
0.000151
0.000107
0.000040
0.000116
0.000023
0.000040
0.000012
0.000031
0.000046
0.000017
0.000000
0.000010
0.000013
0.000000
0.000023
0.000006
0.000000
0.000000
0.000000
0.000000
0.000000
0.000000
0.000015
0.000000
0.000000
0.000000
0.000000
0.000000
0.000000
0.000000
0.000000
0.000002
0.000001
0.000000
0.000000
0.000000
0.000000
0.000000
0.000000
0.000000
0.000000
0.000000
0.000000
0.000000
0.000000
0.000000
0.000000
0.000000
0.000000
0.000000
0.000000
0.000000
0.000000
0.000000
0.000000
0.000000
0.000000
0.000000
0.000000
0.000000
0.000000
0.000000
0.000000
0.000000
0.000000
0.000000
0.000000
0.000000
0.000000
0.000000
0.000000
0.000000
0.000000
0.000000
0.000000
0.000000
0.000000
0.000000
0.000000
0.000000
0.000000
0.000000
0.000000
0.000000
0.000000
0.000000
0.000000
0.000000
0.000000
0.000000
0.000000
0.000000
0.000000
0.000000
0.000000
0.000000
0.000000
0.000000
0.000000
0.000000
0.000000
0.000000
0.000000
0.000000
0.000000
0.000000
0.000000
0.000000
0.000000
0.000000
0.000000
0.000000
0.000000
0.000000
0.000000
0.000000
0.000000
0.000000
0.000000
0.000000
0.000000
0.000000
0.000000
0.000000
0.000000
0.000000
0.000000
0.000000
0.000000
0.000000
0.000000
0.000000
0.000000
0.000000
0.000000
0.000000
0.000000
0.000000
0.000000
0.000000
0.000000
0.000000
0.000000
0.000000
0.000000
