89.220400
30.193500
837.780000
141.710000
57.679000
29.392000
18.014000
10.582000
6.458000
5.115200
3.356200
2.119200
1.637100
1.275200
1.005500
0.693180
0.485080
0.403950
0.317150
0.230180
0.235130
0.148330
0.108830
0.092687
0.088833
0.092276
0.042214
0.036459
0.030275
0.017982
0.016287
0.018822
0.014529
0.013781
0.013579
0.007984
0.009456
0.008446
0.003300
0.002602
0.003929
0.004431
0.001660
0.000732
0.001612
0.000743
0.000728
0.000649
0.000281
0.000350
0.000455
0.000080
0.000226
0.000128
0.000100
0.000184
0.000027
0.000034
0.000057
0.000075
0.000010
0.000079
0.000009
0.000010
0.000012
0.000002
0.000006
0.000007
0.000000
0.000000
0.000003
0.000000
0.000000
0.000000
0.000000
0.000000
0.000000
0.000000
0.000000
0.000000
0.000000
0.000000
0.000000
0.000000
0.000000
0.000000
0.000000
0.000000
0.000000
0.000000
0.000001
0.000000
0.000000
0.000001
0.000000
0.000000
0.000000
0.000000
0.000000
0.000000
0.000000
0.000000
0.000000
0.000000
0.000000
0.000000
0.000000
0.000000
0.000000
0.000000
0.000000
0.000000
0.000000
0.000000
0.000000
0.000000
0.000000
0.000000
0.000000
0.000000
0.000000
0.000000
0.000000
0.000000
0.000000
0.000000
0.000000
0.000000
0.000000
0.000000
0.000000
0.000000
0.000000
0.000000
0.000000
0.000000
0.000000
0.000000
0.000000
0.000000
0.000000
0.000000
0.000000
0.000000
0.000000
0.000000
0.000000
0.000000
0.000000
0.000000
0.000000
0.000000
0.000000
0.000000
0.000000
0.000000
0.000000
0.000000
0.000000
0.000000
0.000000
0.000000
0.000000
0.000000
0.000000
0.000000
0.000000
0.000000
0.000000
0.000000
0.000000
0.000000
0.000000
0.000000
0.000000
0.000000
0.000000
0.000000
0.000000
0.000000
0.000000
0.000000
0.000000
0.000000
0.000000
0.000000
0.000000
0.000000
0.000000
0.000000
0.000000
0.000000
0.000000
0.000000
0.000000
0.000000
0.000000
0.000000
0.000000
0.000000
0.000000
0.000000
