71.490300
31.900800
863.880000
162.940000
72.490000
39.461000
23.336000
13.980000
10.082000
6.941100
5.019200
4.183800
2.812600
2.024300
1.653600
1.152300
0.861810
0.762740
0.590700
0.443850
0.344600
0.249280
0.202870
0.133060
0.123810
0.101180
0.088442
0.052155
0.052736
0.042893
0.036652
0.024750
0.024908
0.017926
0.013683
0.007992
0.008911
0.005935
0.007103
0.004721
0.003247
0.003987
0.001619
0.003241
0.001210
0.001842
0.000509
0.001769
0.000752
0.000574
0.000730
0.000513
0.000824
0.000277
0.000172
0.000206
0.000230
0.000252
0.000031
0.000488
0.000057
0.000043
0.000021
0.000020
0.000008
0.000086
0.000000
0.000070
0.000050
0.000000
0.000000
0.000012
0.000004
0.000001
0.000001
0.000002
0.000000
0.000003
0.000000
0.000000
0.000000
0.000000
0.000000
0.000000
0.000000
0.000000
0.000000
0.000000
0.000000
0.000000
0.000000
0.000000
0.000000
0.000000
0.000000
0.000000
0.000000
0.000000
0.000000
0.000000
0.000000
0.000000
0.000000
0.000000
0.000000
0.000000
0.000000
0.000000
0.000000
0.000000
0.000000
0.000000
0.000000
0.000000
0.000000
0.000000
0.000000
0.000000
0.000000
0.000000
0.000000
0.000000
0.000000
0.000000
0.000000
0.000000
0.000000
0.000000
0.000000
0.000000
0.000000
0.000000
0.000000
0.000000
0.000000
0.000000
0.000000
0.000000
0.000000
0.000000
0.000000
0.000000
0.000000
0.000000
0.000000
0.000000
0.000000
0.000000
0.000000
0.000000
0.000000
0.000000
0.000000
0.000000
0.000000
0.000000
0.000000
0.000000
0.000000
0.000000
0.000000
0.000000
0.000000
0.000000
0.000000
0.000000
0.000000
0.000000
0.000000
0.000000
0.000000
0.000000
0.000000
0.000000
0.000000
0.000000
0.000000
0.000000
0.000000
0.000000
0.000000
0.000000
0.000000
0.000000
0.000000
0.000000
0.000000
0.000000
0.000000
0.000000
0.000000
0.000000
0.000000
0.000000
0.000000
0.000000
0.000000
0.000000
0.000000
0.000000
0.000000
0.000000
