78.766800
18.294600
828.330000
156.520000
67.431000
35.058000
23.081000
15.273000
9.846500
7.429100
5.231700
3.649000
2.834200
1.997500
1.644900
1.229900
1.011600
0.952060
0.770540
0.502860
0.450470
0.368070
0.342070
0.299660
0.240250
0.215940
0.158150
0.139950
0.097421
0.096338
0.067338
0.071212
0.057189
0.035100
0.033791
0.027320
0.021916
0.024029
0.012051
0.015178
0.010761
0.013218
0.017275
0.008935
0.004681
0.003837
0.005381
0.003501
0.004551
0.004265
0.000806
0.001671
0.001209
0.001189
0.001909
0.000481
0.000510
0.000257
0.000387
0.000169
0.000336
0.000039
0.000265
0.000112
0.000031
0.000167
0.000550
0.000416
0.000018
0.000052
0.000010
0.000005
0.000036
0.000010
0.000019
0.000028
0.000089
0.000073
0.000017
0.000002
0.000013
0.000010
0.000006
0.000153
0.000005
0.000015
0.000000
0.000000
0.000005
0.000000
0.000000
0.000000
0.000001
0.000003
0.000000
0.000000
0.000009
0.000000
0.000000
0.000000
0.000003
0.000000
0.000000
0.000000
0.000000
0.000000
0.000000
0.000000
0.000000
0.000000
0.000000
0.000000
0.000000
0.000000
0.000000
0.000000
0.000000
0.000000
0.000000
0.000000
0.000000
0.000000
0.000000
0.000000
0.000000
0.000000
0.000000
0.000000
0.000000
0.000000
0.000000
0.000000
0.000000
0.000000
0.000000
0.000000
0.000000
0.000000
0.000000
0.000000
0.000000
0.000000
0.000000
0.000000
0.000000
0.000000
0.000000
0.000000
0.000000
0.000000
0.000000
0.000000
0.000000
0.000000
0.000000
0.000000
0.000000
0.000000
0.000000
0.000000
0.000000
0.000000
0.000000
0.000000
0.000000
0.000000
0.000000
0.000000
0.000000
0.000000
0.000000
0.000000
0.000000
0.000000
0.000000
0.000000
0.000000
0.000000
0.000000
0.000000
0.000000
0.000000
0.000000
0.000000
0.000000
0.000000
0.000000
0.000000
0.000000
0.000000
0.000000
0.000000
0.000000
0.000000
0.000000
0.000000
0.000000
0.000000
0.000000
0.000000
0.000000
0.000000
