72.721700
35.063200
901.330000
167.020000
75.802000
37.229000
22.855000
15.040000
9.959500
6.778800
4.703100
3.709400
2.659100
1.834200
1.340800
0.968400
0.791330
0.576140
0.492480
0.425940
0.319770
0.232290
0.174960
0.116070
0.118050
0.094939
0.078470
0.050365
0.041819
0.034049
0.016885
0.020333
0.014338
0.017922
0.016340
0.012141
0.007732
0.003076
0.004724
0.003302
0.004130
0.001904
0.000628
0.002318
0.000827
0.000761
0.000659
0.000968
0.000474
0.000988
0.000322
0.000475
0.000201
0.000321
0.000493
0.000075
0.000132
0.000084
0.000009
0.000021
0.000013
0.000047
0.000024
0.000030
0.000013
0.000017
0.000002
0.000002
0.000012
0.000000
0.000000
0.000007
0.000002
0.000000
0.000011
0.000000
0.000000
0.000000
0.000000
0.000000
0.000000
0.000000
0.000000
0.000000
0.000000
0.000000
0.000000
0.000000
0.000000
0.000000
0.000000
0.000000
0.000000
0.000000
0.000000
0.000000
0.000000
0.000000
0.000000
0.000000
0.000000
0.000000
0.000000
0.000000
0.000000
0.000000
0.000000
0.000000
0.000000
0.000000
0.000000
0.000000
0.000000
0.000000
0.000000
0.000000
0.000000
0.000000
0.000000
0.000000
0.000000
0.000000
0.000000
0.000000
0.000000
0.000000
0.000000
0.000000
0.000000
0.000000
0.000000
0.000000
0.000000
0.000000
0.000000
0.000000
0.000000
0.000000
0.000000
0.000000
0.000000
0.000000
0.000000
0.000000
0.000000
0.000000
0.000000
0.000000
0.000000
0.000000
0.000000
0.000000
0.000000
0.000000
0.000000
0.000000
0.000000
0.000000
0.000000
0.000000
0.000000
0.000000
0.000000
0.000000
0.000000
0.000000
0.000000
0.000000
0.000000
0.000000
0.000000
0.000000
0.000000
0.000000
0.000000
0.000000
0.000000
0.000000
0.000000
0.000000
0.000000
0.000000
0.000000
0.000000
0.000000
0.000000
0.000000
0.000000
0.000000
0.000000
0.000000
0.000000
0.000000
0.000000
0.000000
0.000000
0.000000
0.000000
0.000000
0.000000
0.000000
0.000000
