75.120500
44.488200
851.000000
159.200000
71.473000
35.075000
21.404000
14.248000
9.060900
5.869500
4.217700
2.718500
2.137300
1.413700
1.099700
0.794070
0.557430
0.529310
0.367960
0.236970
0.195980
0.152080
0.105570
0.078162
0.074622
0.045906
0.044591
0.036948
0.020725
0.020417
0.015827
0.013791
0.006799
0.009754
0.004942
0.003669
0.003541
0.001666
0.001659
0.001544
0.000964
0.000853
0.000828
0.000577
0.000306
0.000077
0.000239
0.000350
0.000084
0.000091
0.000111
0.000031
0.000008
0.000030
0.000104
0.000047
0.000004
0.000035
0.000006
0.000005
0.000016
0.000002
0.000000
0.000006
0.000000
0.000000
0.000000
0.000002
0.000000
0.000002
0.000000
0.000000
0.000000
0.000000
0.000000
0.000000
0.000000
0.000000
0.000000
0.000000
0.000000
0.000000
0.000000
0.000000
0.000000
0.000000
0.000000
0.000000
0.000000
0.000000
0.000000
0.000000
0.000000
0.000000
0.000000
0.000000
0.000000
0.000000
0.000000
0.000000
0.000000
0.000000
0.000000
0.000000
0.000000
0.000000
0.000000
0.000000
0.000000
0.000000
0.000000
0.000000
0.000000
0.000000
0.000000
0.000000
0.000000
0.000000
0.000000
0.000000
0.000000
0.000000
0.000000
0.000000
0.000000
0.000000
0.000000
0.000000
0.000000
0.000000
0.000000
0.000000
0.000000
0.000000
0.000000
0.000000
0.000000
0.000000
0.000000
0.000000
0.000000
0.000000
0.000000
0.000000
0.000000
0.000000
0.000000
0.000000
0.000000
0.000000
0.000000
0.000000
0.000000
0.000000
0.000000
0.000000
0.000000
0.000000
0.000000
0.000000
0.000000
0.000000
0.000000
0.000000
0.000000
0.000000
0.000000
0.000000
0.000000
0.000000
0.000000
0.000000
0.000000
0.000000
0.000000
0.000000
0.000000
0.000000
0.000000
0.000000
0.000000
0.000000
0.000000
0.000000
0.000000
0.000000
0.000000
0.000000
0.000000
0.000000
0.000000
0.000000
0.000000
0.000000
0.000000
0.000000
0.000000
0.000000
0.000000
0.000000
0.000000
0.000000
