60.505500
46.563900
886.470000
185.280000
80.332000
43.941000
27.467000
18.597000
12.647000
9.851100
6.090400
4.463700
3.368700
2.528000
1.496400
1.340000
0.911200
0.542050
0.618080
0.435870
0.327840
0.246430
0.196630
0.156080
0.140370
0.084098
0.062407
0.047485
0.032472
0.029798
0.019589
0.016219
0.015434
0.006287
0.008050
0.006518
0.004973
0.005518
0.003019
0.002476
0.002622
0.001476
0.000874
0.001714
0.001003
0.000924
0.000163
0.000157
0.000245
0.000183
0.000049
0.000118
0.000004
0.000108
0.000044
0.000045
0.000013
0.000043
0.000030
0.000019
0.000008
0.000010
0.000006
0.000009
0.000002
0.000000
0.000000
0.000001
0.000000
0.000000
0.000000
0.000000
0.000000
0.000000
0.000000
0.000000
0.000000
0.000000
0.000003
0.000000
0.000000
0.000000
0.000000
0.000001
0.000000
0.000000
0.000000
0.000000
0.000000
0.000000
0.000000
0.000000
0.000000
0.000004
0.000000
0.000000
0.000000
0.000000
0.000000
0.000000
0.000000
0.000000
0.000000
0.000000
0.000000
0.000000
0.000000
0.000000
0.000000
0.000000
0.000000
0.000000
0.000000
0.000000
0.000000
0.000000
0.000000
0.000000
0.000000
0.000000
0.000000
0.000000
0.000000
0.000000
0.000000
0.000000
0.000000
0.000000
0.000000
0.000000
0.000000
0.000000
0.000000
0.000000
0.000000
0.000000
0.000000
0.000000
0.000000
0.000000
0.000000
0.000000
0.000000
0.000000
0.000000
0.000000
0.000000
0.000000
0.000000
0.000000
0.000000
0.000000
0.000000
0.000000
0.000000
0.000000
0.000000
0.000000
0.000000
0.000000
0.000000
0.000000
0.000000
0.000000
0.000000
0.000000
0.000000
0.000000
0.000000
0.000000
0.000000
0.000000
0.000000
0.000000
0.000000
0.000000
0.000000
0.000000
0.000000
0.000000
0.000000
0.000000
0.000000
0.000000
0.000000
0.000000
0.000000
0.000000
0.000000
0.000000
0.000000
0.000000
0.000000
0.000000
0.000000
0.000000
0.000000
0.000000
0.000000
0.000000
0.000000
0.000000
