89.544900
20.045500
832.610000
145.630000
58.502000
30.275000
18.561000
11.615000
7.360500
5.045800
3.724400
2.837400
1.742000
1.481400
1.069800
0.827460
0.761270
0.630690
0.392100
0.367310
0.373800
0.226210
0.176770
0.172990
0.180160
0.110900
0.080241
0.093714
0.072773
0.082560
0.057322
0.037309
0.036455
0.020788
0.019659
0.009494
0.026940
0.016001
0.013642
0.010720
0.005390
0.007001
0.007268
0.003853
0.003925
0.000858
0.003049
0.004086
0.002146
0.002800
0.000693
0.001642
0.000727
0.001405
0.000267
0.000128
0.001105
0.000533
0.000321
0.000272
0.000174
0.000033
0.000118
0.000015
0.000017
0.000024
0.000047
0.000026
0.000007
0.000002
0.000011
0.000129
0.000004
0.000011
0.000000
0.000001
0.000009
0.000004
0.000002
0.000009
0.000003
0.000001
0.000000
0.000000
0.000000
0.000000
0.000000
0.000000
0.000000
0.000000
0.000000
0.000000
0.000000
0.000000
0.000000
0.000010
0.000000
0.000000
0.000000
0.000000
0.000000
0.000000
0.000000
0.000000
0.000000
0.000000
0.000000
0.000000
0.000000
0.000000
0.000000
0.000000
0.000000
0.000000
0.000000
0.000000
0.000000
0.000000
0.000000
0.000000
0.000000
0.000000
0.000000
0.000000
0.000000
0.000000
0.000000
0.000000
0.000000
0.000000
0.000000
0.000000
0.000000
0.000000
0.000000
0.000000
0.000000
0.000000
0.000000
0.000000
0.000000
0.000000
0.000000
0.000000
0.000000
0.000000
0.000000
0.000000
0.000000
0.000000
0.000000
0.000000
0.000000
0.000000
0.000000
0.000000
0.000000
0.000000
0.000000
0.000000
0.000000
0.000000
0.000000
0.000000
0.000000
0.000000
0.000000
0.000000
0.000000
0.000000
0.000000
0.000000
0.000000
0.000000
0.000000
0.000000
0.000000
0.000000
0.000000
0.000000
0.000000
0.000000
0.000000
0.000000
0.000000
0.000000
0.000000
0.000000
0.000000
0.000000
0.000000
0.000000
0.000000
0.000000
0.000000
0.000000
0.000000
0.000000
0.000000
0.000000
0.000000
0.000000
