53.320500
25.720700
1017.700000
200.710000
98.831000
51.992000
35.535000
23.559000
16.056000
12.507000
8.723800
7.364100
4.964100
4.185000
2.870400
2.621800
1.768300
1.521600
1.351500
1.055400
0.833940
0.570240
0.487050
0.451120
0.294790
0.253500
0.234300
0.187060
0.163420
0.135930
0.093957
0.066761
0.075258
0.045450
0.055851
0.035249
0.029198
0.028845
0.025915
0.016506
0.014330
0.008403
0.009272
0.008890
0.006210
0.004130
0.005338
0.003279
0.001891
0.002317
0.002490
0.001398
0.001238
0.001819
0.000867
0.000540
0.000572
0.000406
0.000759
0.000117
0.000543
0.000425
0.000114
0.000195
0.000057
0.000335
0.000117
0.000083
0.000080
0.000017
0.000130
0.000001
0.000032
0.000000
0.000007
0.000042
0.000003
0.000003
0.000000
0.000039
0.000000
0.000007
0.000000
0.000007
0.000000
0.000005
0.000000
0.000000
0.000000
0.000000
0.000000
0.000000
0.000009
0.000000
0.000003
0.000000
0.000000
0.000000
0.000000
0.000000
0.000000
0.000000
0.000000
0.000000
0.000000
0.000000
0.000000
0.000000
0.000000
0.000000
0.000000
0.000000
0.000000
0.000000
0.000000
0.000000
0.000000
0.000000
0.000000
0.000000
0.000000
0.000000
0.000000
0.000000
0.000000
0.000000
0.000000
0.000000
0.000000
0.000000
0.000000
0.000000
0.000000
0.000000
0.000000
0.000000
0.000000
0.000000
0.000000
0.000000
0.000000
0.000000
0.000000
0.000000
0.000000
0.000000
0.000000
0.000000
0.000000
0.000000
0.000000
0.000000
0.000000
0.000000
0.000000
0.000000
0.000000
0.000000
0.000000
0.000000
0.000000
0.000000
0.000000
0.000000
0.000000
0.000000
0.000000
0.000000
0.000000
0.000000
0.000000
0.000000
0.000000
0.000000
0.000000
0.000000
0.000000
0.000000
0.000000
0.000000
0.000000
0.000000
0.000000
0.000000
0.000000
0.000000
0.000000
0.000000
0.000000
0.000000
0.000000
0.000000
0.000000
0.000000
0.000000
0.000000
0.000000
0.000000
0.000000
0.000000
0.000000
0.000000
