65.687300
59.059200
871.440000
179.790000
75.139000
40.873000
23.941000
16.219000
10.709000
6.438800
5.155200
3.317300
2.478500
1.562700
1.189600
0.837460
0.709690
0.458990
0.369390
0.288810
0.183850
0.152340
0.126920
0.083866
0.057542
0.044342
0.021614
0.029313
0.019095
0.011000
0.010068
0.005240
0.004992
0.004593
0.005195
0.002630
0.001433
0.001733
0.000917
0.000637
0.000402
0.000955
0.000259
0.000096
0.000186
0.000544
0.000032
0.000019
0.000039
0.000176
0.000036
0.000009
0.000052
0.000013
0.000000
0.000037
0.000000
0.000003
0.000006
0.000007
0.000000
0.000000
0.000001
0.000016
0.000006
0.000000
0.000002
0.000000
0.000000
0.000000
0.000000
0.000000
0.000000
0.000000
0.000000
0.000000
0.000000
0.000000
0.000000
0.000000
0.000000
0.000000
0.000000
0.000000
0.000000
0.000000
0.000000
0.000000
0.000000
0.000000
0.000000
0.000000
0.000000
0.000000
0.000000
0.000000
0.000000
0.000000
0.000000
0.000000
0.000000
0.000000
0.000000
0.000000
0.000000
0.000000
0.000000
0.000000
0.000000
0.000000
0.000000
0.000000
0.000000
0.000000
0.000000
0.000000
0.000000
0.000000
0.000000
0.000000
0.000000
0.000000
0.000000
0.000000
0.000000
0.000000
0.000000
0.000000
0.000000
0.000000
0.000000
0.000000
0.000000
0.000000
0.000000
0.000000
0.000000
0.000000
0.000000
0.000000
0.000000
0.000000
0.000000
0.000000
0.000000
0.000000
0.000000
0.000000
0.000000
0.000000
0.000000
0.000000
0.000000
0.000000
0.000000
0.000000
0.000000
0.000000
0.000000
0.000000
0.000000
0.000000
0.000000
0.000000
0.000000
0.000000
0.000000
0.000000
0.000000
0.000000
0.000000
0.000000
0.000000
0.000000
0.000000
0.000000
0.000000
0.000000
0.000000
0.000000
0.000000
0.000000
0.000000
0.000000
0.000000
0.000000
0.000000
0.000000
0.000000
0.000000
0.000000
0.000000
0.000000
0.000000
0.000000
0.000000
0.000000
0.000000
0.000000
0.000000
0.000000
0.000000
