45.244400
17.366900
975.270000
241.000000
109.190000
63.454000
41.379000
31.087000
21.785000
16.244000
12.700000
10.283000
7.763200
5.818300
4.809300
4.215800
3.197000
2.600300
2.153900
1.796400
1.461100
1.263100
0.881770
0.830100
0.782070
0.510830
0.567920
0.451660
0.353320
0.266040
0.280840
0.177060
0.208700
0.151750
0.128360
0.112120
0.074443
0.071909
0.051029
0.081202
0.045143
0.045487
0.038887
0.037631
0.024370
0.016409
0.013093
0.012294
0.009716
0.009793
0.007514
0.010011
0.004671
0.002465
0.005584
0.002958
0.001816
0.003855
0.002802
0.001287
0.001154
0.001421
0.000817
0.001609
0.000608
0.000457
0.000569
0.000501
0.000665
0.000453
0.000388
0.000086
0.000306
0.000408
0.000027
0.000056
0.000186
0.000045
0.000025
0.000057
0.000079
0.000045
0.000006
0.000004
0.000010
0.000008
0.000147
0.000115
0.000128
0.000002
0.000000
0.000002
0.000012
0.000000
0.000000
0.000006
0.000066
0.000000
0.000006
0.000000
0.000000
0.000000
0.000000
0.000000
0.000000
0.000000
0.000000
0.000027
0.000000
0.000000
0.000000
0.000002
0.000015
0.000005
0.000000
0.000000
0.000000
0.000000
0.000000
0.000000
0.000000
0.000000
0.000000
0.000000
0.000000
0.000000
0.000000
0.000000
0.000000
0.000000
0.000000
0.000000
0.000000
0.000000
0.000000
0.000000
0.000000
0.000000
0.000000
0.000000
0.000000
0.000000
0.000000
0.000000
0.000000
0.000000
0.000000
0.000000
0.000000
0.000000
0.000000
0.000000
0.000000
0.000000
0.000000
0.000000
0.000000
0.000000
0.000000
0.000000
0.000000
0.000000
0.000000
0.000000
0.000000
0.000000
0.000000
0.000000
0.000000
0.000000
0.000000
0.000000
0.000000
0.000000
0.000000
0.000000
0.000000
0.000000
0.000000
0.000000
0.000000
0.000000
0.000000
0.000000
0.000000
0.000000
0.000000
0.000000
0.000000
0.000000
0.000000
0.000000
0.000000
0.000000
0.000000
0.000000
0.000000
0.000000
0.000000
0.000000
0.000000
0.000000
