77.495700
20.451700
897.110000
160.680000
69.682000
35.643000
21.581000
14.232000
9.480700
6.486700
5.359800
3.688200
2.868000
2.095500
1.750700
1.276100
1.032800
0.940630
0.571890
0.566250
0.437060
0.348980
0.280900
0.227540
0.213160
0.151930
0.121320
0.108530
0.094059
0.071877
0.085728
0.048659
0.042440
0.037706
0.032503
0.029077
0.025830
0.012201
0.007974
0.015625
0.007863
0.007777
0.010983
0.004904
0.006045
0.005090
0.003086
0.005607
0.001264
0.001561
0.001308
0.001570
0.001319
0.000861
0.001427
0.000591
0.000314
0.000350
0.000652
0.000535
0.000170
0.000144
0.000109
0.000123
0.000279
0.000033
0.000118
0.000009
0.000162
0.000023
0.000014
0.000006
0.000150
0.000009
0.000008
0.000000
0.000045
0.000000
0.000015
0.000003
0.000008
0.000003
0.000000
0.000002
0.000000
0.000000
0.000000
0.000000
0.000000
0.000000
0.000000
0.000002
0.000000
0.000000
0.000001
0.000000
0.000000
0.000000
0.000000
0.000000
0.000000
0.000000
0.000000
0.000000
0.000015
0.000000
0.000000
0.000000
0.000000
0.000005
0.000000
0.000000
0.000000
0.000000
0.000000
0.000000
0.000000
0.000000
0.000000
0.000000
0.000000
0.000000
0.000000
0.000000
0.000000
0.000000
0.000000
0.000000
0.000000
0.000000
0.000000
0.000000
0.000000
0.000000
0.000000
0.000000
0.000000
0.000000
0.000000
0.000000
0.000000
0.000000
0.000000
0.000000
0.000000
0.000000
0.000000
0.000000
0.000000
0.000000
0.000000
0.000000
0.000000
0.000000
0.000000
0.000000
0.000000
0.000000
0.000000
0.000000
0.000000
0.000000
0.000000
0.000000
0.000000
0.000000
0.000000
0.000000
0.000000
0.000000
0.000000
0.000000
0.000000
0.000000
0.000000
0.000000
0.000000
0.000000
0.000000
0.000000
0.000000
0.000000
0.000000
0.000000
0.000000
0.000000
0.000000
0.000000
0.000000
0.000000
0.000000
0.000000
0.000000
0.000000
0.000000
0.000000
0.000000
0.000000
0.000000
0.000000
0.000000
0.000000
