42.594100
47.667300
961.680000
221.040000
110.800000
60.476000
40.692000
26.471000
17.595000
13.700000
10.628000
7.154800
5.415500
4.061600
3.394200
2.221600
2.144600
1.289700
1.059700
0.813640
0.645220
0.444210
0.442080
0.298520
0.253560
0.233950
0.128300
0.115140
0.094730
0.073897
0.060214
0.045087
0.031414
0.030327
0.023186
0.026765
0.012062
0.011450
0.005813
0.004885
0.003280
0.004497
0.003326
0.003303
0.001334
0.002615
0.000985
0.000358
0.000409
0.000487
0.000438
0.000470
0.000095
0.000076
0.000769
0.000255
0.000069
0.000020
0.000031
0.000130
0.000081
0.000002
0.000002
0.000002
0.000010
0.000003
0.000000
0.000017
0.000028
0.000000
0.000008
0.000000
0.000000
0.000000
0.000000
0.000003
0.000000
0.000000
0.000000
0.000000
0.000000
0.000000
0.000000
0.000000
0.000000
0.000000
0.000000
0.000000
0.000000
0.000000
0.000000
0.000000
0.000000
0.000000
0.000000
0.000000
0.000000
0.000000
0.000000
0.000000
0.000000
0.000000
0.000000
0.000000
0.000000
0.000000
0.000000
0.000000
0.000000
0.000000
0.000000
0.000000
0.000000
0.000000
0.000000
0.000000
0.000000
0.000000
0.000000
0.000000
0.000000
0.000000
0.000000
0.000000
0.000000
0.000000
0.000000
0.000000
0.000000
0.000000
0.000000
0.000000
0.000000
0.000000
0.000000
0.000000
0.000000
0.000000
0.000000
0.000000
0.000000
0.000000
0.000000
0.000000
0.000000
0.000000
0.000000
0.000000
0.000000
0.000000
0.000000
0.000000
0.000000
0.000000
0.000000
0.000000
0.000000
0.000000
0.000000
0.000000
0.000000
0.000000
0.000000
0.000000
0.000000
0.000000
0.000000
0.000000
0.000000
0.000000
0.000000
0.000000
0.000000
0.000000
0.000000
0.000000
0.000000
0.000000
0.000000
0.000000
0.000000
0.000000
0.000000
0.000000
0.000000
0.000000
0.000000
0.000000
0.000000
0.000000
0.000000
0.000000
0.000000
0.000000
0.000000
0.000000
0.000000
0.000000
0.000000
0.000000
0.000000
0.000000
