54.882500
35.892500
979.690000
208.570000
92.577000
54.116000
34.660000
22.098000
14.062000
11.363000
7.821500
5.714200
4.433100
3.232900
2.383600
1.764100
1.297700
1.276500
0.858350
0.723140
0.509070
0.433720
0.292980
0.252170
0.181440
0.160190
0.105750
0.101960
0.062817
0.050421
0.052437
0.038446
0.032832
0.027991
0.017989
0.012336
0.013649
0.011828
0.011067
0.006704
0.005000
0.005065
0.002681
0.002542
0.002313
0.000779
0.002292
0.001524
0.000884
0.000736
0.000693
0.000424
0.000242
0.000293
0.000064
0.000143
0.000092
0.000098
0.000108
0.000065
0.000060
0.000030
0.000115
0.000102
0.000008
0.000022
0.000002
0.000020
0.000000
0.000006
0.000022
0.000003
0.000001
0.000000
0.000004
0.000000
0.000002
0.000007
0.000000
0.000001
0.000000
0.000000
0.000000
0.000000
0.000000
0.000000
0.000000
0.000000
0.000000
0.000000
0.000000
0.000000
0.000000
0.000000
0.000000
0.000000
0.000000
0.000000
0.000000
0.000000
0.000000
0.000000
0.000000
0.000000
0.000000
0.000000
0.000000
0.000000
0.000000
0.000000
0.000000
0.000000
0.000000
0.000000
0.000000
0.000000
0.000000
0.000000
0.000000
0.000000
0.000000
0.000000
0.000000
0.000000
0.000000
0.000000
0.000000
0.000000
0.000000
0.000000
0.000000
0.000000
0.000000
0.000000
0.000000
0.000000
0.000000
0.000000
0.000000
0.000000
0.000000
0.000000
0.000000
0.000000
0.000000
0.000000
0.000000
0.000000
0.000000
0.000000
0.000000
0.000000
0.000000
0.000000
0.000000
0.000000
0.000000
0.000000
0.000000
0.000000
0.000000
0.000000
0.000000
0.000000
0.000000
0.000000
0.000000
0.000000
0.000000
0.000000
0.000000
0.000000
0.000000
0.000000
0.000000
0.000000
0.000000
0.000000
0.000000
0.000000
0.000000
0.000000
0.000000
0.000000
0.000000
0.000000
0.000000
0.000000
0.000000
0.000000
0.000000
0.000000
0.000000
0.000000
0.000000
0.000000
0.000000
0.000000
0.000000
0.000000
0.000000
0.000000
