49.418200
42.009200
981.520000
210.130000
95.204000
58.592000
36.077000
22.548000
16.128000
12.558000
8.153700
5.980900
4.895900
3.362600
3.016300
2.133200
1.458800
1.160300
0.800650
0.671680
0.523950
0.349100
0.333820
0.205260
0.168900
0.186000
0.130120
0.101630
0.085925
0.055639
0.054438
0.036485
0.025270
0.021887
0.021715
0.012456
0.008721
0.007974
0.008459
0.006320
0.004328
0.003161
0.002539
0.002013
0.001085
0.001384
0.001174
0.000481
0.000958
0.000968
0.000386
0.000614
0.000125
0.000249
0.000099
0.000093
0.000236
0.000030
0.000074
0.000009
0.000006
0.000202
0.000029
0.000009
0.000000
0.000017
0.000000
0.000000
0.000004
0.000001
0.000008
0.000000
0.000003
0.000000
0.000000
0.000001
0.000000
0.000000
0.000000
0.000000
0.000000
0.000003
0.000000
0.000000
0.000000
0.000000
0.000009
0.000001
0.000000
0.000000
0.000000
0.000000
0.000000
0.000000
0.000000
0.000000
0.000000
0.000000
0.000000
0.000000
0.000000
0.000000
0.000000
0.000000
0.000000
0.000000
0.000000
0.000000
0.000000
0.000000
0.000000
0.000000
0.000000
0.000000
0.000000
0.000000
0.000000
0.000000
0.000000
0.000000
0.000000
0.000000
0.000000
0.000000
0.000000
0.000000
0.000000
0.000000
0.000000
0.000000
0.000000
0.000000
0.000000
0.000000
0.000000
0.000000
0.000000
0.000000
0.000000
0.000000
0.000000
0.000000
0.000000
0.000000
0.000000
0.000000
0.000000
0.000000
0.000000
0.000000
0.000000
0.000000
0.000000
0.000000
0.000000
0.000000
0.000000
0.000000
0.000000
0.000000
0.000000
0.000000
0.000000
0.000000
0.000000
0.000000
0.000000
0.000000
0.000000
0.000000
0.000000
0.000000
0.000000
0.000000
0.000000
0.000000
0.000000
0.000000
0.000000
0.000000
0.000000
0.000000
0.000000
0.000000
0.000000
0.000000
0.000000
0.000000
0.000000
0.000000
0.000000
0.000000
0.000000
0.000000
0.000000
0.000000
0.000000
0.000000
0.000000
0.000000
0.000000
0.000000
