63.351800
56.149400
919.660000
178.920000
79.156000
44.683000
28.818000
17.578000
10.673000
7.885300
5.414300
3.911700
2.725300
1.851200
1.429000
0.969090
0.732940
0.565600
0.381060
0.350740
0.227780
0.152250
0.141000
0.102010
0.066361
0.053430
0.024948
0.028868
0.023222
0.022939
0.010614
0.007053
0.013166
0.003782
0.005770
0.001843
0.002354
0.001493
0.000497
0.001331
0.000719
0.000703
0.000898
0.000173
0.000262
0.000104
0.000066
0.000179
0.000020
0.000146
0.000041
0.000032
0.000011
0.000002
0.000000
0.000016
0.000003
0.000005
0.000003
0.000002
0.000003
0.000006
0.000000
0.000000
0.000003
0.000008
0.000000
0.000002
0.000000
0.000000
0.000000
0.000000
0.000000
0.000000
0.000000
0.000000
0.000000
0.000000
0.000000
0.000000
0.000000
0.000000
0.000000
0.000000
0.000000
0.000000
0.000000
0.000000
0.000000
0.000000
0.000000
0.000000
0.000000
0.000000
0.000000
0.000000
0.000000
0.000000
0.000000
0.000000
0.000000
0.000000
0.000000
0.000000
0.000000
0.000000
0.000000
0.000000
0.000000
0.000000
0.000000
0.000000
0.000000
0.000000
0.000000
0.000000
0.000000
0.000000
0.000000
0.000000
0.000000
0.000000
0.000000
0.000000
0.000000
0.000000
0.000000
0.000000
0.000000
0.000000
0.000000
0.000000
0.000000
0.000000
0.000000
0.000000
0.000000
0.000000
0.000000
0.000000
0.000000
0.000000
0.000000
0.000000
0.000000
0.000000
0.000000
0.000000
0.000000
0.000000
0.000000
0.000000
0.000000
0.000000
0.000000
0.000000
0.000000
0.000000
0.000000
0.000000
0.000000
0.000000
0.000000
0.000000
0.000000
0.000000
0.000000
0.000000
0.000000
0.000000
0.000000
0.000000
0.000000
0.000000
0.000000
0.000000
0.000000
0.000000
0.000000
0.000000
0.000000
0.000000
0.000000
0.000000
0.000000
0.000000
0.000000
0.000000
0.000000
0.000000
0.000000
0.000000
0.000000
0.000000
0.000000
0.000000
0.000000
0.000000
0.000000
0.000000
0.000000
0.000000
