64.534700
11.988000
877.430000
192.000000
82.452000
47.527000
27.956000
21.426000
14.214000
10.123000
7.476900
6.324000
4.554800
3.767300
2.982100
2.879700
2.243400
1.827700
1.644500
1.216600
1.074200
0.914870
0.689600
0.598240
0.572770
0.415140
0.434540
0.262760
0.304860
0.221680
0.199020
0.164280
0.170170
0.138100
0.109020
0.095906
0.070952
0.096041
0.067982
0.047945
0.041324
0.045057
0.029574
0.040141
0.023143
0.013654
0.018076
0.012395
0.016256
0.010815
0.011182
0.009364
0.004018
0.006643
0.000867
0.002336
0.003774
0.002565
0.001569
0.001785
0.002600
0.002280
0.003255
0.002048
0.002615
0.000752
0.001083
0.000626
0.001061
0.000504
0.000395
0.000362
0.000154
0.000335
0.000947
0.000022
0.000291
0.000335
0.000027
0.000029
0.000125
0.000000
0.000006
0.000177
0.000012
0.000006
0.000004
0.000005
0.000000
0.000013
0.000006
0.000015
0.000000
0.000015
0.000002
0.000000
0.000000
0.000043
0.000000
0.000000
0.000000
0.000000
0.000000
0.000000
0.000000
0.000000
0.000000
0.000030
0.000000
0.000000
0.000000
0.000000
0.000000
0.000000
0.000000
0.000000
0.000000
0.000000
0.000000
0.000000
0.000000
0.000000
0.000000
0.000000
0.000000
0.000000
0.000000
0.000000
0.000000
0.000000
0.000000
0.000000
0.000000
0.000000
0.000000
0.000000
0.000000
0.000000
0.000000
0.000000
0.000000
0.000000
0.000000
0.000000
0.000000
0.000000
0.000000
0.000000
0.000000
0.000000
0.000000
0.000000
0.000000
0.000000
0.000000
0.000000
0.000000
0.000000
0.000000
0.000000
0.000000
0.000000
0.000000
0.000000
0.000000
0.000000
0.000000
0.000000
0.000000
0.000000
0.000000
0.000000
0.000000
0.000000
0.000000
0.000000
0.000000
0.000000
0.000000
0.000000
0.000000
0.000000
0.000000
0.000000
0.000000
0.000000
0.000000
0.000000
0.000000
0.000000
0.000000
0.000000
0.000000
0.000000
0.000000
0.000000
0.000000
0.000000
0.000000
0.000000
0.000000
0.000000
