88.923800
29.574800
840.450000
148.600000
62.650000
29.113000
17.857000
10.077000
6.978800
4.570300
3.400000
2.383200
1.720300
1.212600
0.954060
0.663010
0.501130
0.444390
0.386710
0.241500
0.178170
0.153610
0.144570
0.109110
0.083539
0.078210
0.070447
0.036977
0.029423
0.022923
0.017505
0.011085
0.014358
0.009003
0.010484
0.009227
0.003101
0.007133
0.003112
0.002609
0.001863
0.002148
0.002143
0.001522
0.000778
0.001044
0.000510
0.000385
0.001033
0.000733
0.000446
0.000343
0.000187
0.000224
0.000093
0.000211
0.000117
0.000026
0.000115
0.000109
0.000043
0.000021
0.000042
0.000177
0.000010
0.000027
0.000013
0.000005
0.000001
0.000000
0.000002
0.000003
0.000000
0.000000
0.000000
0.000000
0.000000
0.000003
0.000000
0.000000
0.000000
0.000000
0.000000
0.000000
0.000000
0.000000
0.000000
0.000000
0.000002
0.000000
0.000000
0.000000
0.000000
0.000000
0.000000
0.000000
0.000000
0.000000
0.000000
0.000000
0.000000
0.000000
0.000000
0.000000
0.000000
0.000000
0.000000
0.000000
0.000000
0.000000
0.000000
0.000000
0.000000
0.000000
0.000000
0.000000
0.000000
0.000000
0.000000
0.000000
0.000000
0.000000
0.000000
0.000000
0.000000
0.000000
0.000000
0.000000
0.000000
0.000000
0.000000
0.000000
0.000000
0.000000
0.000000
0.000000
0.000000
0.000000
0.000000
0.000000
0.000000
0.000000
0.000000
0.000000
0.000000
0.000000
0.000000
0.000000
0.000000
0.000000
0.000000
0.000000
0.000000
0.000000
0.000000
0.000000
0.000000
0.000000
0.000000
0.000000
0.000000
0.000000
0.000000
0.000000
0.000000
0.000000
0.000000
0.000000
0.000000
0.000000
0.000000
0.000000
0.000000
0.000000
0.000000
0.000000
0.000000
0.000000
0.000000
0.000000
0.000000
0.000000
0.000000
0.000000
0.000000
0.000000
0.000000
0.000000
0.000000
0.000000
0.000000
0.000000
0.000000
0.000000
0.000000
0.000000
0.000000
0.000000
0.000000
0.000000
0.000000
0.000000
