59.892000
41.246200
899.150000
196.030000
84.272000
48.847000
28.047000
17.695000
12.249000
9.287200
6.651400
4.514300
3.537500
2.436400
1.918800
1.570300
1.214100
0.872410
0.635740
0.484330
0.335600
0.320310
0.233820
0.149560
0.150970
0.119830
0.065034
0.076266
0.050230
0.035207
0.033185
0.027953
0.020335
0.017219
0.010292
0.007435
0.006333
0.005848
0.004845
0.002547
0.003018
0.001694
0.002404
0.002611
0.000958
0.001134
0.000294
0.000388
0.000035
0.000234
0.000225
0.000080
0.000104
0.000061
0.000024
0.000066
0.000014
0.000117
0.000066
0.000025
0.000045
0.000023
0.000011
0.000010
0.000000
0.000000
0.000014
0.000000
0.000000
0.000000
0.000000
0.000000
0.000002
0.000000
0.000002
0.000000
0.000000
0.000009
0.000000
0.000000
0.000004
0.000000
0.000000
0.000000
0.000000
0.000000
0.000000
0.000000
0.000000
0.000000
0.000000
0.000000
0.000000
0.000000
0.000000
0.000000
0.000000
0.000000
0.000000
0.000000
0.000000
0.000000
0.000000
0.000000
0.000000
0.000000
0.000000
0.000000
0.000000
0.000000
0.000000
0.000000
0.000000
0.000000
0.000000
0.000000
0.000000
0.000000
0.000000
0.000000
0.000000
0.000000
0.000000
0.000000
0.000000
0.000000
0.000000
0.000000
0.000000
0.000000
0.000000
0.000000
0.000000
0.000000
0.000000
0.000000
0.000000
0.000000
0.000000
0.000000
0.000000
0.000000
0.000000
0.000000
0.000000
0.000000
0.000000
0.000000
0.000000
0.000000
0.000000
0.000000
0.000000
0.000000
0.000000
0.000000
0.000000
0.000000
0.000000
0.000000
0.000000
0.000000
0.000000
0.000000
0.000000
0.000000
0.000000
0.000000
0.000000
0.000000
0.000000
0.000000
0.000000
0.000000
0.000000
0.000000
0.000000
0.000000
0.000000
0.000000
0.000000
0.000000
0.000000
0.000000
0.000000
0.000000
0.000000
0.000000
0.000000
0.000000
0.000000
0.000000
0.000000
0.000000
0.000000
0.000000
0.000000
0.000000
0.000000
0.000000
0.000000
0.000000
