40.495200
45.683500
996.060000
237.140000
118.810000
65.825000
40.487000
28.588000
21.285000
14.750000
11.131000
8.241000
5.855400
4.559100
3.660100
2.714200
2.177300
1.721700
1.140200
0.916420
0.759980
0.537340
0.432570
0.332010
0.310660
0.226090
0.162090
0.138840
0.128660
0.081129
0.053928
0.062744
0.060397
0.025335
0.020955
0.030272
0.015346
0.010682
0.011077
0.005534
0.003441
0.006148
0.003545
0.002319
0.001158
0.001502
0.000699
0.000621
0.000562
0.000756
0.000354
0.000431
0.000208
0.000225
0.000468
0.000218
0.000049
0.000223
0.000041
0.000048
0.000077
0.000032
0.000025
0.000041
0.000013
0.000050
0.000009
0.000004
0.000016
0.000000
0.000007
0.000002
0.000000
0.000006
0.000000
0.000000
0.000002
0.000000
0.000000
0.000000
0.000000
0.000000
0.000000
0.000000
0.000000
0.000000
0.000000
0.000000
0.000002
0.000000
0.000000
0.000000
0.000000
0.000000
0.000000
0.000000
0.000000
0.000000
0.000000
0.000000
0.000000
0.000000
0.000000
0.000000
0.000000
0.000000
0.000000
0.000000
0.000000
0.000000
0.000000
0.000000
0.000000
0.000000
0.000000
0.000000
0.000000
0.000000
0.000000
0.000000
0.000000
0.000000
0.000000
0.000000
0.000000
0.000000
0.000000
0.000000
0.000000
0.000000
0.000000
0.000000
0.000000
0.000000
0.000000
0.000000
0.000000
0.000000
0.000000
0.000000
0.000000
0.000000
0.000000
0.000000
0.000000
0.000000
0.000000
0.000000
0.000000
0.000000
0.000000
0.000000
0.000000
0.000000
0.000000
0.000000
0.000000
0.000000
0.000000
0.000000
0.000000
0.000000
0.000000
0.000000
0.000000
0.000000
0.000000
0.000000
0.000000
0.000000
0.000000
0.000000
0.000000
0.000000
0.000000
0.000000
0.000000
0.000000
0.000000
0.000000
0.000000
0.000000
0.000000
0.000000
0.000000
0.000000
0.000000
0.000000
0.000000
0.000000
0.000000
0.000000
0.000000
0.000000
0.000000
0.000000
0.000000
0.000000
0.000000
0.000000
0.000000
0.000000
