56.031500
57.788500
924.990000
212.090000
89.553000
51.980000
28.376000
20.275000
12.858000
8.218100
6.363200
4.432200
3.238800
2.284200
2.160200
1.214900
0.894950
0.787860
0.459420
0.439870
0.279640
0.243020
0.188310
0.119060
0.083950
0.080088
0.060894
0.035422
0.030752
0.021384
0.012389
0.014329
0.015380
0.009813
0.009257
0.002861
0.002996
0.003512
0.002445
0.001715
0.001130
0.000684
0.000956
0.000478
0.000501
0.000353
0.000497
0.000196
0.000297
0.000092
0.000055
0.000113
0.000238
0.000041
0.000012
0.000005
0.000059
0.000129
0.000000
0.000000
0.000000
0.000005
0.000004
0.000000
0.000000
0.000000
0.000000
0.000000
0.000000
0.000000
0.000001
0.000000
0.000000
0.000000
0.000000
0.000000
0.000000
0.000000
0.000000
0.000000
0.000000
0.000000
0.000000
0.000000
0.000000
0.000000
0.000000
0.000000
0.000000
0.000000
0.000000
0.000000
0.000000
0.000000
0.000000
0.000000
0.000000
0.000000
0.000000
0.000000
0.000000
0.000000
0.000000
0.000000
0.000000
0.000000
0.000000
0.000000
0.000000
0.000000
0.000000
0.000000
0.000000
0.000000
0.000000
0.000000
0.000000
0.000000
0.000000
0.000000
0.000000
0.000000
0.000000
0.000000
0.000000
0.000000
0.000000
0.000000
0.000000
0.000000
0.000000
0.000000
0.000000
0.000000
0.000000
0.000000
0.000000
0.000000
0.000000
0.000000
0.000000
0.000000
0.000000
0.000000
0.000000
0.000000
0.000000
0.000000
0.000000
0.000000
0.000000
0.000000
0.000000
0.000000
0.000000
0.000000
0.000000
0.000000
0.000000
0.000000
0.000000
0.000000
0.000000
0.000000
0.000000
0.000000
0.000000
0.000000
0.000000
0.000000
0.000000
0.000000
0.000000
0.000000
0.000000
0.000000
0.000000
0.000000
0.000000
0.000000
0.000000
0.000000
0.000000
0.000000
0.000000
0.000000
0.000000
0.000000
0.000000
0.000000
0.000000
0.000000
0.000000
0.000000
0.000000
0.000000
0.000000
0.000000
0.000000
0.000000
0.000000
0.000000
