69.594200
23.333700
822.810000
171.510000
73.420000
40.296000
27.374000
17.577000
12.367000
8.555000
5.767600
4.754100
3.265100
2.738000
2.128500
1.536000
1.056600
0.886470
0.759030
0.657950
0.536740
0.404830
0.328100
0.277620
0.248950
0.186810
0.161190
0.111610
0.076723
0.093039
0.055857
0.061316
0.041421
0.030292
0.039880
0.035658
0.016500
0.018212
0.012686
0.017213
0.005271
0.007100
0.009506
0.006436
0.005269
0.002643
0.002854
0.004844
0.001923
0.001848
0.001172
0.002540
0.001357
0.000733
0.001240
0.000515
0.000482
0.000215
0.000519
0.000229
0.000277
0.000074
0.000144
0.000102
0.000394
0.000069
0.000009
0.000006
0.000021
0.000046
0.000008
0.000027
0.000017
0.000015
0.000000
0.000010
0.000006
0.000012
0.000000
0.000000
0.000000
0.000014
0.000000
0.000003
0.000000
0.000000
0.000000
0.000000
0.000000
0.000000
0.000000
0.000024
0.000000
0.000001
0.000000
0.000000
0.000000
0.000008
0.000000
0.000000
0.000000
0.000000
0.000000
0.000000
0.000000
0.000000
0.000000
0.000000
0.000000
0.000000
0.000000
0.000000
0.000000
0.000000
0.000000
0.000000
0.000000
0.000000
0.000000
0.000000
0.000000
0.000000
0.000000
0.000000
0.000000
0.000000
0.000000
0.000000
0.000000
0.000000
0.000000
0.000000
0.000000
0.000000
0.000000
0.000000
0.000000
0.000000
0.000000
0.000000
0.000000
0.000000
0.000000
0.000000
0.000000
0.000000
0.000000
0.000000
0.000000
0.000000
0.000000
0.000000
0.000000
0.000000
0.000000
0.000000
0.000000
0.000000
0.000000
0.000000
0.000000
0.000000
0.000000
0.000000
0.000000
0.000000
0.000000
0.000000
0.000000
0.000000
0.000000
0.000000
0.000000
0.000000
0.000000
0.000000
0.000000
0.000000
0.000000
0.000000
0.000000
0.000000
0.000000
0.000000
0.000000
0.000000
0.000000
0.000000
0.000000
0.000000
0.000000
0.000000
0.000000
0.000000
0.000000
0.000000
0.000000
0.000000
0.000000
0.000000
0.000000
0.000000
