54.448300
15.317800
890.920000
198.790000
92.079000
55.616000
34.249000
25.598000
17.631000
12.789000
10.417000
8.623400
6.173600
4.624300
4.061100
3.022800
2.785100
2.437600
1.761400
1.573100
1.227900
1.092300
0.821420
0.643950
0.474770
0.431180
0.436980
0.339170
0.257290
0.275590
0.161700
0.178120
0.183990
0.160350
0.114450
0.103430
0.091630
0.064503
0.070758
0.055853
0.056021
0.038254
0.029306
0.021075
0.017138
0.017764
0.017338
0.014678
0.009278
0.014295
0.011513
0.007244
0.011313
0.005110
0.003568
0.001553
0.003681
0.004191
0.001561
0.002187
0.002291
0.001050
0.001525
0.001371
0.000284
0.000299
0.001208
0.000362
0.000092
0.000271
0.000646
0.000642
0.000037
0.000275
0.000056
0.000017
0.000179
0.000251
0.000028
0.000016
0.000038
0.000018
0.000000
0.000001
0.000029
0.000000
0.000001
0.000000
0.000016
0.000000
0.000006
0.000000
0.000001
0.000057
0.000000
0.000000
0.000000
0.000000
0.000000
0.000000
0.000000
0.000000
0.000000
0.000000
0.000000
0.000002
0.000000
0.000000
0.000000
0.000000
0.000000
0.000000
0.000000
0.000000
0.000000
0.000000
0.000000
0.000000
0.000000
0.000000
0.000000
0.000000
0.000000
0.000000
0.000000
0.000000
0.000000
0.000000
0.000000
0.000000
0.000000
0.000000
0.000000
0.000000
0.000000
0.000000
0.000000
0.000000
0.000000
0.000000
0.000000
0.000000
0.000000
0.000000
0.000000
0.000000
0.000000
0.000000
0.000000
0.000000
0.000000
0.000000
0.000000
0.000000
0.000000
0.000000
0.000000
0.000000
0.000000
0.000000
0.000000
0.000000
0.000000
0.000000
0.000000
0.000000
0.000000
0.000000
0.000000
0.000000
0.000000
0.000000
0.000000
0.000000
0.000000
0.000000
0.000000
0.000000
0.000000
0.000000
0.000000
0.000000
0.000000
0.000000
0.000000
0.000000
0.000000
0.000000
0.000000
0.000000
0.000000
0.000000
0.000000
0.000000
0.000000
0.000000
0.000000
0.000000
0.000000
0.000000
0.000000
0.000000
