40.322600
19.698500
1054.700000
248.090000
123.700000
70.515000
45.131000
32.209000
25.117000
19.137000
13.980000
11.003000
8.730700
7.122400
5.268900
4.157100
3.545500
2.793200
2.624600
2.071100
1.691300
1.300500
1.181700
0.958050
0.836090
0.586490
0.528050
0.486750
0.393740
0.304480
0.273450
0.245150
0.174280
0.153380
0.135600
0.139930
0.079706
0.073325
0.075683
0.049139
0.042480
0.038136
0.041492
0.023786
0.026609
0.027992
0.012562
0.024564
0.012794
0.006565
0.007199
0.005435
0.006664
0.003287
0.003048
0.001638
0.003426
0.000900
0.003126
0.002027
0.002347
0.000928
0.000559
0.000852
0.000856
0.000421
0.000208
0.000178
0.003423
0.000040
0.000354
0.000053
0.000538
0.000390
0.000067
0.000090
0.000166
0.000015
0.000016
0.000007
0.000021
0.000017
0.000021
0.000015
0.000074
0.000034
0.000000
0.000018
0.000029
0.000000
0.000099
0.000000
0.000000
0.000000
0.000010
0.000001
0.000005
0.000000
0.000000
0.000015
0.000000
0.000000
0.000001
0.000000
0.000000
0.000000
0.000000
0.000000
0.000000
0.000000
0.000000
0.000000
0.000002
0.000000
0.000000
0.000000
0.000000
0.000000
0.000000
0.000000
0.000000
0.000000
0.000000
0.000000
0.000000
0.000000
0.000000
0.000000
0.000000
0.000000
0.000000
0.000000
0.000000
0.000000
0.000000
0.000000
0.000000
0.000000
0.000000
0.000000
0.000000
0.000000
0.000000
0.000000
0.000000
0.000000
0.000000
0.000000
0.000000
0.000000
0.000000
0.000000
0.000000
0.000000
0.000000
0.000000
0.000000
0.000000
0.000000
0.000000
0.000000
0.000000
0.000000
0.000000
0.000000
0.000000
0.000000
0.000000
0.000000
0.000000
0.000000
0.000000
0.000000
0.000000
0.000000
0.000000
0.000000
0.000000
0.000000
0.000000
0.000000
0.000000
0.000000
0.000000
0.000000
0.000000
0.000000
0.000000
0.000000
0.000000
0.000000
0.000000
0.000000
0.000000
0.000000
0.000000
0.000000
0.000000
0.000000
0.000000
0.000000
0.000000
