75.022500
33.770200
859.990000
162.610000
72.996000
38.705000
22.611000
14.421000
9.817000
6.351800
4.705000
3.256400
2.642400
2.042100
1.232800
1.006400
0.852340
0.578900
0.513750
0.386030
0.272100
0.227800
0.165680
0.127070
0.125170
0.089564
0.059461
0.043323
0.048163
0.034010
0.024546
0.021273
0.012302
0.009375
0.010281
0.007367
0.008016
0.003375
0.004470
0.004036
0.004895
0.003622
0.002229
0.001346
0.001327
0.001143
0.001361
0.001029
0.000673
0.000433
0.000566
0.000591
0.000235
0.000078
0.000079
0.000049
0.000057
0.000198
0.000182
0.000021
0.000022
0.000007
0.000002
0.000019
0.000001
0.000003
0.000004
0.000010
0.000110
0.000000
0.000000
0.000001
0.000000
0.000001
0.000002
0.000000
0.000000
0.000000
0.000000
0.000002
0.000000
0.000000
0.000000
0.000001
0.000000
0.000000
0.000000
0.000000
0.000000
0.000000
0.000000
0.000000
0.000000
0.000000
0.000000
0.000000
0.000000
0.000000
0.000000
0.000000
0.000000
0.000000
0.000000
0.000000
0.000000
0.000000
0.000000
0.000000
0.000000
0.000000
0.000000
0.000000
0.000000
0.000000
0.000000
0.000000
0.000000
0.000000
0.000000
0.000000
0.000000
0.000000
0.000000
0.000000
0.000000
0.000000
0.000000
0.000000
0.000000
0.000000
0.000000
0.000000
0.000000
0.000000
0.000000
0.000000
0.000000
0.000000
0.000000
0.000000
0.000000
0.000000
0.000000
0.000000
0.000000
0.000000
0.000000
0.000000
0.000000
0.000000
0.000000
0.000000
0.000000
0.000000
0.000000
0.000000
0.000000
0.000000
0.000000
0.000000
0.000000
0.000000
0.000000
0.000000
0.000000
0.000000
0.000000
0.000000
0.000000
0.000000
0.000000
0.000000
0.000000
0.000000
0.000000
0.000000
0.000000
0.000000
0.000000
0.000000
0.000000
0.000000
0.000000
0.000000
0.000000
0.000000
0.000000
0.000000
0.000000
0.000000
0.000000
0.000000
0.000000
0.000000
0.000000
0.000000
0.000000
0.000000
0.000000
0.000000
0.000000
0.000000
