69.875000
24.896200
867.980000
170.050000
76.508000
40.822000
24.220000
16.854000
10.550000
7.676000
5.819500
4.375700
2.921000
2.245200
1.901400
1.275900
1.154300
0.950940
0.733490
0.557230
0.398380
0.406170
0.297630
0.303510
0.167260
0.185090
0.101790
0.103310
0.107330
0.058222
0.054453
0.049406
0.027836
0.033878
0.041643
0.027815
0.023464
0.019024
0.013506
0.011139
0.010737
0.009051
0.003519
0.006409
0.004276
0.003614
0.002513
0.002088
0.002079
0.001028
0.000469
0.000610
0.000296
0.000507
0.000990
0.000657
0.000295
0.000216
0.000236
0.000427
0.000198
0.000092
0.000128
0.000108
0.000037
0.000049
0.000180
0.000014
0.000026
0.000007
0.000012
0.000016
0.000007
0.000000
0.000011
0.000017
0.000000
0.000001
0.000000
0.000001
0.000020
0.000000
0.000001
0.000003
0.000000
0.000004
0.000000
0.000000
0.000000
0.000000
0.000000
0.000000
0.000000
0.000009
0.000002
0.000000
0.000000
0.000000
0.000000
0.000000
0.000003
0.000000
0.000000
0.000000
0.000000
0.000000
0.000000
0.000003
0.000000
0.000000
0.000000
0.000000
0.000000
0.000000
0.000000
0.000000
0.000000
0.000000
0.000000
0.000000
0.000000
0.000000
0.000000
0.000000
0.000000
0.000000
0.000000
0.000000
0.000000
0.000000
0.000000
0.000000
0.000000
0.000000
0.000000
0.000000
0.000000
0.000000
0.000000
0.000000
0.000000
0.000000
0.000000
0.000000
0.000000
0.000000
0.000000
0.000000
0.000000
0.000000
0.000000
0.000000
0.000000
0.000000
0.000000
0.000000
0.000000
0.000000
0.000000
0.000000
0.000000
0.000000
0.000000
0.000000
0.000000
0.000000
0.000000
0.000000
0.000000
0.000000
0.000000
0.000000
0.000000
0.000000
0.000000
0.000000
0.000000
0.000000
0.000000
0.000000
0.000000
0.000000
0.000000
0.000000
0.000000
0.000000
0.000000
0.000000
0.000000
0.000000
0.000000
0.000000
0.000000
0.000000
0.000000
0.000000
0.000000
0.000000
0.000000
0.000000
0.000000
0.000000
