82.373500
31.824100
839.330000
149.630000
60.989000
35.417000
19.746000
12.293000
8.304900
5.391900
3.877600
2.699600
1.918000
1.551100
1.098600
0.855950
0.677080
0.495490
0.372690
0.299870
0.226240
0.188120
0.131890
0.123110
0.081117
0.075526
0.053849
0.050203
0.052436
0.024908
0.020677
0.016922
0.011324
0.020015
0.007686
0.005027
0.009943
0.004890
0.003794
0.003489
0.002297
0.002432
0.001880
0.001157
0.000804
0.000569
0.001140
0.000687
0.000351
0.000685
0.000484
0.000149
0.000094
0.000155
0.000185
0.000063
0.000084
0.000234
0.000055
0.000117
0.000015
0.000053
0.000003
0.000021
0.000017
0.000021
0.000017
0.000000
0.000000
0.000000
0.000012
0.000025
0.000009
0.000026
0.000000
0.000004
0.000000
0.000000
0.000000
0.000000
0.000000
0.000000
0.000000
0.000000
0.000000
0.000000
0.000000
0.000000
0.000000
0.000000
0.000000
0.000000
0.000000
0.000000
0.000000
0.000000
0.000000
0.000000
0.000000
0.000000
0.000000
0.000000
0.000000
0.000000
0.000000
0.000000
0.000000
0.000000
0.000000
0.000000
0.000000
0.000000
0.000000
0.000000
0.000000
0.000000
0.000000
0.000000
0.000000
0.000000
0.000000
0.000000
0.000000
0.000000
0.000000
0.000000
0.000000
0.000000
0.000000
0.000000
0.000000
0.000000
0.000000
0.000000
0.000000
0.000000
0.000000
0.000000
0.000000
0.000000
0.000000
0.000000
0.000000
0.000000
0.000000
0.000000
0.000000
0.000000
0.000000
0.000000
0.000000
0.000000
0.000000
0.000000
0.000000
0.000000
0.000000
0.000000
0.000000
0.000000
0.000000
0.000000
0.000000
0.000000
0.000000
0.000000
0.000000
0.000000
0.000000
0.000000
0.000000
0.000000
0.000000
0.000000
0.000000
0.000000
0.000000
0.000000
0.000000
0.000000
0.000000
0.000000
0.000000
0.000000
0.000000
0.000000
0.000000
0.000000
0.000000
0.000000
0.000000
0.000000
0.000000
0.000000
0.000000
0.000000
0.000000
0.000000
0.000000
0.000000
0.000000
0.000000
