46.164600
57.860100
977.440000
214.790000
97.015000
58.263000
36.786000
22.414000
18.188000
11.664000
8.325300
6.077400
4.660900
3.433300
2.820900
2.230000
1.473000
1.108800
0.738900
0.590900
0.460930
0.336900
0.252240
0.195420
0.159220
0.125240
0.121760
0.062021
0.045990
0.039361
0.040981
0.016500
0.013890
0.013316
0.004760
0.008754
0.007924
0.005522
0.003541
0.003004
0.001602
0.001566
0.001318
0.001405
0.000292
0.000418
0.000376
0.000306
0.000437
0.000106
0.000090
0.000062
0.000070
0.000016
0.000464
0.000013
0.000083
0.000026
0.000017
0.000075
0.000017
0.000000
0.000000
0.000000
0.000000
0.000009
0.000005
0.000000
0.000004
0.000000
0.000002
0.000000
0.000001
0.000000
0.000000
0.000000
0.000000
0.000000
0.000000
0.000001
0.000000
0.000000
0.000000
0.000000
0.000000
0.000000
0.000000
0.000000
0.000000
0.000000
0.000000
0.000000
0.000000
0.000000
0.000000
0.000000
0.000000
0.000000
0.000000
0.000000
0.000000
0.000000
0.000000
0.000000
0.000000
0.000000
0.000000
0.000000
0.000000
0.000000
0.000000
0.000000
0.000000
0.000000
0.000000
0.000000
0.000000
0.000000
0.000000
0.000000
0.000000
0.000000
0.000000
0.000000
0.000000
0.000000
0.000000
0.000000
0.000000
0.000000
0.000000
0.000000
0.000000
0.000000
0.000000
0.000000
0.000000
0.000000
0.000000
0.000000
0.000000
0.000000
0.000000
0.000000
0.000000
0.000000
0.000000
0.000000
0.000000
0.000000
0.000000
0.000000
0.000000
0.000000
0.000000
0.000000
0.000000
0.000000
0.000000
0.000000
0.000000
0.000000
0.000000
0.000000
0.000000
0.000000
0.000000
0.000000
0.000000
0.000000
0.000000
0.000000
0.000000
0.000000
0.000000
0.000000
0.000000
0.000000
0.000000
0.000000
0.000000
0.000000
0.000000
0.000000
0.000000
0.000000
0.000000
0.000000
0.000000
0.000000
0.000000
0.000000
0.000000
0.000000
0.000000
0.000000
0.000000
0.000000
0.000000
0.000000
0.000000
0.000000
