88.715600
28.036200
814.630000
143.180000
54.421000
31.532000
18.165000
9.819400
6.885900
5.428400
3.253300
2.257800
1.814200
1.388000
0.854830
0.777650
0.501040
0.472010
0.313100
0.274120
0.198230
0.169100
0.154460
0.133390
0.089305
0.062790
0.059352
0.054680
0.047485
0.031175
0.028537
0.022091
0.015523
0.014720
0.011928
0.008585
0.006901
0.010657
0.003289
0.003403
0.002915
0.001869
0.003752
0.003292
0.001861
0.000867
0.001143
0.000472
0.001034
0.000062
0.000288
0.000440
0.000146
0.000791
0.000086
0.000077
0.000066
0.000190
0.000040
0.000113
0.000034
0.000038
0.000037
0.000216
0.000012
0.000011
0.000034
0.000000
0.000002
0.000000
0.000000
0.000001
0.000000
0.000011
0.000000
0.000000
0.000000
0.000000
0.000000
0.000000
0.000000
0.000000
0.000000
0.000000
0.000006
0.000000
0.000000
0.000002
0.000000
0.000000
0.000000
0.000000
0.000000
0.000000
0.000000
0.000000
0.000000
0.000000
0.000000
0.000000
0.000000
0.000004
0.000000
0.000000
0.000000
0.000000
0.000000
0.000000
0.000000
0.000000
0.000000
0.000000
0.000000
0.000000
0.000000
0.000000
0.000000
0.000000
0.000000
0.000000
0.000000
0.000000
0.000000
0.000000
0.000000
0.000000
0.000000
0.000000
0.000000
0.000000
0.000000
0.000000
0.000000
0.000000
0.000000
0.000000
0.000000
0.000000
0.000000
0.000000
0.000000
0.000000
0.000000
0.000000
0.000000
0.000000
0.000000
0.000000
0.000000
0.000000
0.000000
0.000000
0.000000
0.000000
0.000000
0.000000
0.000000
0.000000
0.000000
0.000000
0.000000
0.000000
0.000000
0.000000
0.000000
0.000000
0.000000
0.000000
0.000000
0.000000
0.000000
0.000000
0.000000
0.000000
0.000000
0.000000
0.000000
0.000000
0.000000
0.000000
0.000000
0.000000
0.000000
0.000000
0.000000
0.000000
0.000000
0.000000
0.000000
0.000000
0.000000
0.000000
0.000000
0.000000
0.000000
0.000000
0.000000
0.000000
0.000000
0.000000
0.000000
0.000000
