66.303300
23.005200
870.680000
187.120000
82.392000
41.013000
29.695000
17.904000
12.990000
7.964300
6.435900
4.979800
3.752600
2.674900
2.154400
1.777800
1.360800
1.126900
0.909180
0.663510
0.514690
0.538170
0.366930
0.284110
0.254810
0.196920
0.189730
0.130310
0.112710
0.080741
0.115770
0.060114
0.057260
0.048487
0.035343
0.036623
0.027553
0.023697
0.011717
0.017710
0.015435
0.010440
0.007702
0.002876
0.004025
0.003756
0.002964
0.003146
0.004410
0.003197
0.000730
0.001063
0.001711
0.000830
0.001902
0.000137
0.000317
0.000320
0.000317
0.000224
0.000475
0.000397
0.000189
0.000074
0.000127
0.000081
0.000085
0.000041
0.000029
0.000256
0.000128
0.000068
0.000030
0.000064
0.000006
0.000000
0.000000
0.000031
0.000000
0.000000
0.000003
0.000001
0.000002
0.000001
0.000000
0.000000
0.000000
0.000000
0.000000
0.000000
0.000001
0.000004
0.000000
0.000000
0.000000
0.000033
0.000000
0.000014
0.000000
0.000000
0.000000
0.000000
0.000000
0.000000
0.000000
0.000000
0.000000
0.000000
0.000000
0.000000
0.000000
0.000000
0.000000
0.000000
0.000000
0.000000
0.000000
0.000000
0.000000
0.000000
0.000000
0.000000
0.000000
0.000000
0.000000
0.000000
0.000000
0.000000
0.000000
0.000000
0.000000
0.000000
0.000000
0.000000
0.000000
0.000000
0.000000
0.000000
0.000000
0.000000
0.000000
0.000000
0.000000
0.000000
0.000000
0.000000
0.000000
0.000000
0.000000
0.000000
0.000000
0.000000
0.000000
0.000000
0.000000
0.000000
0.000000
0.000000
0.000000
0.000000
0.000000
0.000000
0.000000
0.000000
0.000000
0.000000
0.000000
0.000000
0.000000
0.000000
0.000000
0.000000
0.000000
0.000000
0.000000
0.000000
0.000000
0.000000
0.000000
0.000000
0.000000
0.000000
0.000000
0.000000
0.000000
0.000000
0.000000
0.000000
0.000000
0.000000
0.000000
0.000000
0.000000
0.000000
0.000000
0.000000
0.000000
0.000000
0.000000
0.000000
0.000000
0.000000
