44.656600
42.705100
955.110000
224.190000
101.140000
63.156000
39.673000
27.059000
18.471000
13.387000
9.778800
7.463500
5.981600
4.141200
3.027700
2.126100
1.575800
1.297600
1.009600
0.765580
0.673480
0.556500
0.389100
0.285140
0.245630
0.199500
0.139990
0.130830
0.100340
0.074401
0.072730
0.058309
0.030760
0.027513
0.027171
0.019549
0.013690
0.009305
0.011560
0.004236
0.004866
0.006366
0.002736
0.003121
0.002351
0.001738
0.001602
0.000666
0.001389
0.000691
0.000456
0.000547
0.000373
0.000329
0.000172
0.000202
0.000273
0.000086
0.000078
0.000108
0.000050
0.000222
0.000002
0.000006
0.000019
0.000000
0.000016
0.000010
0.000002
0.000020
0.000008
0.000002
0.000002
0.000000
0.000006
0.000000
0.000000
0.000000
0.000000
0.000000
0.000000
0.000000
0.000000
0.000000
0.000000
0.000000
0.000000
0.000000
0.000000
0.000000
0.000000
0.000000
0.000000
0.000000
0.000000
0.000000
0.000000
0.000000
0.000000
0.000000
0.000000
0.000000
0.000000
0.000000
0.000000
0.000000
0.000000
0.000000
0.000000
0.000000
0.000000
0.000000
0.000000
0.000000
0.000000
0.000000
0.000000
0.000000
0.000000
0.000000
0.000000
0.000000
0.000000
0.000000
0.000000
0.000000
0.000000
0.000000
0.000000
0.000000
0.000000
0.000000
0.000000
0.000000
0.000000
0.000000
0.000000
0.000000
0.000000
0.000000
0.000000
0.000000
0.000000
0.000000
0.000000
0.000000
0.000000
0.000000
0.000000
0.000000
0.000000
0.000000
0.000000
0.000000
0.000000
0.000000
0.000000
0.000000
0.000000
0.000000
0.000000
0.000000
0.000000
0.000000
0.000000
0.000000
0.000000
0.000000
0.000000
0.000000
0.000000
0.000000
0.000000
0.000000
0.000000
0.000000
0.000000
0.000000
0.000000
0.000000
0.000000
0.000000
0.000000
0.000000
0.000000
0.000000
0.000000
0.000000
0.000000
0.000000
0.000000
0.000000
0.000000
0.000000
0.000000
0.000000
0.000000
0.000000
0.000000
0.000000
0.000000
0.000000
