53.570700
30.184100
949.920000
195.460000
91.825000
55.219000
34.411000
24.090000
16.237000
12.170000
8.818900
6.235700
5.117900
3.392800
2.861900
2.277700
1.624600
1.480300
1.125000
0.801050
0.713000
0.573590
0.463570
0.361720
0.276350
0.255570
0.173940
0.149830
0.093133
0.106070
0.069246
0.049955
0.058553
0.042181
0.044612
0.027256
0.022593
0.016727
0.020323
0.009849
0.009719
0.004796
0.006200
0.005668
0.004605
0.002898
0.003607
0.002181
0.001866
0.001340
0.000726
0.001241
0.000688
0.001100
0.000183
0.000899
0.000121
0.000162
0.000069
0.000199
0.000312
0.000055
0.000090
0.000039
0.000016
0.000029
0.000039
0.000035
0.000001
0.000017
0.000055
0.000007
0.000024
0.000002
0.000000
0.000040
0.000004
0.000009
0.000001
0.000000
0.000000
0.000010
0.000001
0.000000
0.000000
0.000000
0.000000
0.000000
0.000002
0.000000
0.000000
0.000000
0.000000
0.000000
0.000000
0.000000
0.000000
0.000000
0.000000
0.000000
0.000000
0.000000
0.000002
0.000000
0.000000
0.000000
0.000000
0.000000
0.000000
0.000000
0.000000
0.000000
0.000000
0.000000
0.000000
0.000000
0.000000
0.000000
0.000000
0.000000
0.000000
0.000000
0.000000
0.000000
0.000000
0.000000
0.000000
0.000000
0.000000
0.000000
0.000000
0.000000
0.000000
0.000000
0.000000
0.000000
0.000000
0.000000
0.000000
0.000000
0.000000
0.000000
0.000000
0.000000
0.000000
0.000000
0.000000
0.000000
0.000000
0.000000
0.000000
0.000000
0.000000
0.000000
0.000000
0.000000
0.000000
0.000000
0.000000
0.000000
0.000000
0.000000
0.000000
0.000000
0.000000
0.000000
0.000000
0.000000
0.000000
0.000000
0.000000
0.000000
0.000000
0.000000
0.000000
0.000000
0.000000
0.000000
0.000000
0.000000
0.000000
0.000000
0.000000
0.000000
0.000000
0.000000
0.000000
0.000000
0.000000
0.000000
0.000000
0.000000
0.000000
0.000000
0.000000
0.000000
0.000000
0.000000
0.000000
0.000000
0.000000
0.000000
