58.254900
45.506900
909.840000
194.250000
86.139000
48.089000
28.353000
19.434000
12.458000
9.652400
6.564600
4.343400
3.424000
2.503400
1.893400
1.414300
1.094900
0.900690
0.568780
0.489840
0.348690
0.215610
0.179970
0.158550
0.122190
0.094800
0.062606
0.042726
0.052960
0.028982
0.035523
0.014980
0.014237
0.011405
0.008980
0.008718
0.005971
0.003382
0.003626
0.003047
0.002112
0.000909
0.000910
0.001105
0.000685
0.000693
0.000212
0.000610
0.000188
0.000114
0.000085
0.000065
0.000081
0.000227
0.000071
0.000014
0.000040
0.000024
0.000006
0.000028
0.000012
0.000004
0.000027
0.000005
0.000000
0.000015
0.000004
0.000005
0.000000
0.000000
0.000000
0.000000
0.000002
0.000000
0.000000
0.000000
0.000000
0.000000
0.000000
0.000000
0.000000
0.000000
0.000000
0.000000
0.000000
0.000000
0.000000
0.000000
0.000000
0.000000
0.000000
0.000000
0.000000
0.000000
0.000000
0.000000
0.000000
0.000000
0.000000
0.000000
0.000000
0.000000
0.000000
0.000000
0.000000
0.000000
0.000000
0.000000
0.000000
0.000000
0.000000
0.000000
0.000000
0.000000
0.000000
0.000000
0.000000
0.000000
0.000000
0.000000
0.000000
0.000000
0.000000
0.000000
0.000000
0.000000
0.000000
0.000000
0.000000
0.000000
0.000000
0.000000
0.000000
0.000000
0.000000
0.000000
0.000000
0.000000
0.000000
0.000000
0.000000
0.000000
0.000000
0.000000
0.000000
0.000000
0.000000
0.000000
0.000000
0.000000
0.000000
0.000000
0.000000
0.000000
0.000000
0.000000
0.000000
0.000000
0.000000
0.000000
0.000000
0.000000
0.000000
0.000000
0.000000
0.000000
0.000000
0.000000
0.000000
0.000000
0.000000
0.000000
0.000000
0.000000
0.000000
0.000000
0.000000
0.000000
0.000000
0.000000
0.000000
0.000000
0.000000
0.000000
0.000000
0.000000
0.000000
0.000000
0.000000
0.000000
0.000000
0.000000
0.000000
0.000000
0.000000
0.000000
0.000000
0.000000
0.000000
0.000000
0.000000
0.000000
