84.023800
29.507800
838.050000
154.270000
61.020000
31.084000
18.451000
11.778000
7.578200
5.735600
4.202200
2.656100
2.090500
1.470100
1.211400
0.866610
0.617330
0.539420
0.373740
0.341300
0.239640
0.208010
0.153740
0.104250
0.098188
0.075664
0.078446
0.063785
0.037973
0.039460
0.025923
0.018049
0.016829
0.016260
0.010355
0.006920
0.010552
0.004834
0.002141
0.003153
0.002591
0.002590
0.003030
0.000904
0.002257
0.001956
0.000761
0.000371
0.000575
0.000515
0.000385
0.000140
0.000239
0.000206
0.000249
0.000084
0.000133
0.000049
0.000125
0.000015
0.000016
0.000006
0.000104
0.000063
0.000015
0.000009
0.000007
0.000000
0.000008
0.000024
0.000007
0.000000
0.000002
0.000030
0.000004
0.000004
0.000000
0.000000
0.000003
0.000002
0.000004
0.000000
0.000000
0.000000
0.000000
0.000000
0.000002
0.000000
0.000000
0.000000
0.000000
0.000000
0.000000
0.000000
0.000000
0.000000
0.000000
0.000000
0.000000
0.000000
0.000000
0.000000
0.000000
0.000000
0.000000
0.000000
0.000000
0.000000
0.000000
0.000000
0.000000
0.000000
0.000000
0.000000
0.000000
0.000000
0.000000
0.000000
0.000000
0.000000
0.000000
0.000000
0.000000
0.000000
0.000000
0.000000
0.000000
0.000000
0.000000
0.000000
0.000000
0.000000
0.000000
0.000000
0.000000
0.000000
0.000000
0.000000
0.000000
0.000000
0.000000
0.000000
0.000000
0.000000
0.000000
0.000000
0.000000
0.000000
0.000000
0.000000
0.000000
0.000000
0.000000
0.000000
0.000000
0.000000
0.000000
0.000000
0.000000
0.000000
0.000000
0.000000
0.000000
0.000000
0.000000
0.000000
0.000000
0.000000
0.000000
0.000000
0.000000
0.000000
0.000000
0.000000
0.000000
0.000000
0.000000
0.000000
0.000000
0.000000
0.000000
0.000000
0.000000
0.000000
0.000000
0.000000
0.000000
0.000000
0.000000
0.000000
0.000000
0.000000
0.000000
0.000000
0.000000
0.000000
0.000000
0.000000
0.000000
0.000000
0.000000
0.000000
