84.023800
29.507800
846.710000
148.470000
63.841000
29.228000
18.209000
11.352000
8.687400
4.970000
3.834000
2.399800
2.187300
1.308200
1.013800
0.803990
0.645490
0.597440
0.317970
0.288070
0.243010
0.193370
0.134550
0.133730
0.096742
0.096880
0.079712
0.050308
0.045477
0.037267
0.027871
0.024558
0.023745
0.013646
0.014663
0.005972
0.004249
0.006251
0.005214
0.006226
0.003333
0.001712
0.002820
0.002273
0.000378
0.000493
0.001098
0.000872
0.000536
0.000740
0.000416
0.000137
0.000283
0.000156
0.000183
0.000066
0.000377
0.000049
0.000033
0.000031
0.000077
0.000027
0.000023
0.000055
0.000000
0.000038
0.000003
0.000000
0.000003
0.000000
0.000000
0.000007
0.000025
0.000004
0.000000
0.000000
0.000000
0.000000
0.000000
0.000002
0.000000
0.000000
0.000000
0.000000
0.000001
0.000000
0.000000
0.000000
0.000000
0.000000
0.000000
0.000000
0.000000
0.000000
0.000000
0.000000
0.000000
0.000000
0.000000
0.000000
0.000000
0.000000
0.000000
0.000000
0.000000
0.000000
0.000000
0.000000
0.000000
0.000000
0.000000
0.000000
0.000000
0.000000
0.000000
0.000000
0.000000
0.000000
0.000000
0.000000
0.000000
0.000000
0.000000
0.000000
0.000000
0.000000
0.000000
0.000000
0.000000
0.000000
0.000000
0.000000
0.000000
0.000000
0.000000
0.000000
0.000000
0.000000
0.000000
0.000000
0.000000
0.000000
0.000000
0.000000
0.000000
0.000000
0.000000
0.000000
0.000000
0.000000
0.000000
0.000000
0.000000
0.000000
0.000000
0.000000
0.000000
0.000000
0.000000
0.000000
0.000000
0.000000
0.000000
0.000000
0.000000
0.000000
0.000000
0.000000
0.000000
0.000000
0.000000
0.000000
0.000000
0.000000
0.000000
0.000000
0.000000
0.000000
0.000000
0.000000
0.000000
0.000000
0.000000
0.000000
0.000000
0.000000
0.000000
0.000000
0.000000
0.000000
0.000000
0.000000
0.000000
0.000000
0.000000
0.000000
0.000000
0.000000
0.000000
0.000000
0.000000
0.000000
