66.136700
34.781900
933.470000
178.830000
75.580000
41.462000
27.050000
15.649000
11.440000
8.348200
5.576600
4.303400
3.073400
2.341300
1.719200
1.273300
0.898240
0.748460
0.601770
0.492070
0.294110
0.265280
0.222220
0.199970
0.117860
0.100730
0.069119
0.087910
0.057130
0.037116
0.038020
0.037069
0.023597
0.016876
0.010812
0.009198
0.010464
0.006978
0.006429
0.004139
0.003618
0.003203
0.002092
0.002161
0.000707
0.001236
0.000901
0.000524
0.000733
0.000473
0.000236
0.000168
0.000286
0.000407
0.000304
0.000440
0.000191
0.000017
0.000226
0.000065
0.000015
0.000068
0.000000
0.000020
0.000009
0.000003
0.000000
0.000001
0.000005
0.000013
0.000000
0.000001
0.000022
0.000000
0.000000
0.000000
0.000000
0.000005
0.000017
0.000000
0.000000
0.000000
0.000000
0.000000
0.000000
0.000000
0.000000
0.000000
0.000000
0.000000
0.000000
0.000000
0.000000
0.000000
0.000000
0.000000
0.000000
0.000000
0.000000
0.000000
0.000000
0.000000
0.000000
0.000000
0.000000
0.000000
0.000000
0.000000
0.000000
0.000000
0.000000
0.000000
0.000000
0.000000
0.000000
0.000000
0.000000
0.000000
0.000000
0.000000
0.000000
0.000000
0.000000
0.000000
0.000000
0.000000
0.000000
0.000000
0.000000
0.000000
0.000000
0.000000
0.000000
0.000000
0.000000
0.000000
0.000000
0.000000
0.000000
0.000000
0.000000
0.000000
0.000000
0.000000
0.000000
0.000000
0.000000
0.000000
0.000000
0.000000
0.000000
0.000000
0.000000
0.000000
0.000000
0.000000
0.000000
0.000000
0.000000
0.000000
0.000000
0.000000
0.000000
0.000000
0.000000
0.000000
0.000000
0.000000
0.000000
0.000000
0.000000
0.000000
0.000000
0.000000
0.000000
0.000000
0.000000
0.000000
0.000000
0.000000
0.000000
0.000000
0.000000
0.000000
0.000000
0.000000
0.000000
0.000000
0.000000
0.000000
0.000000
0.000000
0.000000
0.000000
0.000000
0.000000
0.000000
0.000000
0.000000
0.000000
0.000000
0.000000
