42.523000
36.689600
1001.000000
233.320000
108.370000
60.275000
44.314000
28.908000
20.614000
14.600000
11.386000
8.435000
6.043100
4.446800
3.368800
3.025900
2.271800
1.796400
1.293100
0.975710
0.907880
0.629510
0.505510
0.401720
0.333070
0.237850
0.252630
0.183810
0.108470
0.095311
0.079729
0.075601
0.060476
0.043686
0.027272
0.027274
0.022203
0.019981
0.014921
0.017815
0.013138
0.008059
0.006163
0.003496
0.003895
0.002226
0.001746
0.001662
0.001011
0.001726
0.001476
0.001324
0.000385
0.000700
0.000335
0.000241
0.000337
0.000154
0.000164
0.000412
0.000112
0.000158
0.000018
0.000150
0.000045
0.000032
0.000023
0.000010
0.000030
0.000000
0.000030
0.000036
0.000002
0.000000
0.000007
0.000003
0.000000
0.000000
0.000000
0.000013
0.000000
0.000003
0.000000
0.000000
0.000000
0.000002
0.000000
0.000000
0.000000
0.000000
0.000000
0.000000
0.000000
0.000000
0.000000
0.000000
0.000000
0.000000
0.000000
0.000000
0.000000
0.000000
0.000000
0.000000
0.000000
0.000000
0.000000
0.000000
0.000000
0.000000
0.000000
0.000000
0.000000
0.000000
0.000000
0.000000
0.000000
0.000000
0.000000
0.000000
0.000000
0.000000
0.000000
0.000000
0.000000
0.000000
0.000000
0.000000
0.000000
0.000000
0.000000
0.000000
0.000000
0.000000
0.000000
0.000000
0.000000
0.000000
0.000000
0.000000
0.000000
0.000000
0.000000
0.000000
0.000000
0.000000
0.000000
0.000000
0.000000
0.000000
0.000000
0.000000
0.000000
0.000000
0.000000
0.000000
0.000000
0.000000
0.000000
0.000000
0.000000
0.000000
0.000000
0.000000
0.000000
0.000000
0.000000
0.000000
0.000000
0.000000
0.000000
0.000000
0.000000
0.000000
0.000000
0.000000
0.000000
0.000000
0.000000
0.000000
0.000000
0.000000
0.000000
0.000000
0.000000
0.000000
0.000000
0.000000
0.000000
0.000000
0.000000
0.000000
0.000000
0.000000
0.000000
0.000000
0.000000
0.000000
0.000000
0.000000
0.000000
0.000000
