85.108600
21.931200
866.670000
147.440000
60.480000
31.414000
20.061000
12.821000
7.687100
5.898200
3.834200
2.841500
2.302300
1.507400
1.095900
1.102900
0.815280
0.680920
0.472920
0.432370
0.375220
0.245780
0.220770
0.174470
0.168280
0.141340
0.110000
0.052889
0.051934
0.048967
0.044994
0.040353
0.027651
0.024729
0.016817
0.016633
0.017327
0.020399
0.008452
0.006889
0.006142
0.006278
0.006984
0.008100
0.001607
0.004615
0.005689
0.001377
0.002536
0.001666
0.002037
0.000482
0.000739
0.000431
0.000391
0.000164
0.000239
0.000627
0.000174
0.000142
0.000072
0.000089
0.000023
0.000132
0.000061
0.000015
0.000034
0.000049
0.000011
0.000002
0.000008
0.000005
0.000090
0.000002
0.000000
0.000005
0.000000
0.000007
0.000001
0.000000
0.000004
0.000000
0.000000
0.000000
0.000002
0.000000
0.000000
0.000000
0.000000
0.000001
0.000000
0.000013
0.000000
0.000002
0.000007
0.000000
0.000000
0.000000
0.000000
0.000000
0.000000
0.000000
0.000000
0.000000
0.000000
0.000000
0.000000
0.000000
0.000000
0.000000
0.000000
0.000000
0.000000
0.000000
0.000000
0.000000
0.000000
0.000000
0.000000
0.000000
0.000000
0.000000
0.000000
0.000000
0.000000
0.000000
0.000000
0.000000
0.000000
0.000000
0.000000
0.000000
0.000000
0.000000
0.000000
0.000000
0.000000
0.000000
0.000000
0.000000
0.000000
0.000000
0.000000
0.000000
0.000000
0.000000
0.000000
0.000000
0.000000
0.000000
0.000000
0.000000
0.000000
0.000000
0.000000
0.000000
0.000000
0.000000
0.000000
0.000000
0.000000
0.000000
0.000000
0.000000
0.000000
0.000000
0.000000
0.000000
0.000000
0.000000
0.000000
0.000000
0.000000
0.000000
0.000000
0.000000
0.000000
0.000000
0.000000
0.000000
0.000000
0.000000
0.000000
0.000000
0.000000
0.000000
0.000000
0.000000
0.000000
0.000000
0.000000
0.000000
0.000000
0.000000
0.000000
0.000000
0.000000
0.000000
0.000000
0.000000
0.000000
0.000000
