75.022500
33.770200
842.570000
164.740000
66.944000
38.536000
22.685000
14.272000
9.535300
6.709800
4.141900
3.067300
2.563500
1.877600
1.204100
1.156400
0.738950
0.524340
0.524910
0.337540
0.207500
0.218200
0.133580
0.142350
0.110420
0.074550
0.058735
0.060832
0.044061
0.028838
0.029190
0.018891
0.014023
0.016892
0.007224
0.009182
0.006830
0.004144
0.006862
0.004067
0.001874
0.002345
0.003237
0.001068
0.001397
0.000732
0.001036
0.000768
0.000769
0.000256
0.000155
0.000085
0.000103
0.000238
0.000134
0.000098
0.000115
0.000010
0.000178
0.000057
0.000032
0.000006
0.000014
0.000037
0.000005
0.000000
0.000001
0.000057
0.000002
0.000000
0.000000
0.000000
0.000000
0.000002
0.000010
0.000000
0.000000
0.000000
0.000000
0.000000
0.000005
0.000000
0.000000
0.000000
0.000000
0.000000
0.000000
0.000000
0.000000
0.000000
0.000000
0.000000
0.000000
0.000000
0.000000
0.000000
0.000000
0.000000
0.000000
0.000000
0.000000
0.000000
0.000000
0.000000
0.000000
0.000000
0.000000
0.000000
0.000000
0.000000
0.000000
0.000000
0.000000
0.000000
0.000000
0.000000
0.000000
0.000000
0.000000
0.000000
0.000000
0.000000
0.000000
0.000000
0.000000
0.000000
0.000000
0.000000
0.000000
0.000000
0.000000
0.000000
0.000000
0.000000
0.000000
0.000000
0.000000
0.000000
0.000000
0.000000
0.000000
0.000000
0.000000
0.000000
0.000000
0.000000
0.000000
0.000000
0.000000
0.000000
0.000000
0.000000
0.000000
0.000000
0.000000
0.000000
0.000000
0.000000
0.000000
0.000000
0.000000
0.000000
0.000000
0.000000
0.000000
0.000000
0.000000
0.000000
0.000000
0.000000
0.000000
0.000000
0.000000
0.000000
0.000000
0.000000
0.000000
0.000000
0.000000
0.000000
0.000000
0.000000
0.000000
0.000000
0.000000
0.000000
0.000000
0.000000
0.000000
0.000000
0.000000
0.000000
0.000000
0.000000
0.000000
0.000000
0.000000
0.000000
0.000000
0.000000
0.000000
0.000000
