46.889400
19.461500
998.300000
223.620000
109.240000
61.394000
39.656000
26.975000
20.972000
14.460000
12.374000
8.821000
7.148900
5.593300
4.486200
3.464200
3.055300
2.281200
2.057700
1.666100
1.272200
1.120400
0.843410
0.722840
0.541400
0.537520
0.457490
0.329310
0.287770
0.265480
0.236790
0.165220
0.175240
0.116250
0.086150
0.084051
0.087687
0.051316
0.064546
0.039727
0.036799
0.029030
0.021843
0.021847
0.021155
0.009800
0.015179
0.010041
0.011543
0.009317
0.008179
0.007551
0.004137
0.003237
0.003920
0.003491
0.005408
0.001179
0.000817
0.001062
0.002347
0.001594
0.001756
0.000423
0.000740
0.000153
0.000479
0.000459
0.000453
0.000382
0.000212
0.000065
0.000040
0.000115
0.000172
0.000049
0.000065
0.000066
0.000014
0.000122
0.000006
0.000008
0.000000
0.000033
0.000002
0.000029
0.000010
0.000003
0.000010
0.000005
0.000000
0.000030
0.000000
0.000000
0.000000
0.000000
0.000000
0.000000
0.000000
0.000007
0.000006
0.000000
0.000008
0.000000
0.000000
0.000000
0.000000
0.000000
0.000000
0.000000
0.000000
0.000000
0.000000
0.000000
0.000000
0.000000
0.000000
0.000000
0.000000
0.000000
0.000000
0.000000
0.000000
0.000000
0.000000
0.000000
0.000000
0.000000
0.000000
0.000000
0.000000
0.000000
0.000000
0.000000
0.000000
0.000000
0.000000
0.000000
0.000000
0.000000
0.000000
0.000000
0.000000
0.000000
0.000000
0.000000
0.000000
0.000000
0.000000
0.000000
0.000000
0.000000
0.000000
0.000000
0.000000
0.000000
0.000000
0.000000
0.000000
0.000000
0.000000
0.000000
0.000000
0.000000
0.000000
0.000000
0.000000
0.000000
0.000000
0.000000
0.000000
0.000000
0.000000
0.000000
0.000000
0.000000
0.000000
0.000000
0.000000
0.000000
0.000000
0.000000
0.000000
0.000000
0.000000
0.000000
0.000000
0.000000
0.000000
0.000000
0.000000
0.000000
0.000000
0.000000
0.000000
0.000000
0.000000
0.000000
0.000000
0.000000
0.000000
0.000000
