78.312800
47.052100
802.700000
159.010000
67.973000
32.344000
18.413000
12.527000
7.983100
5.499000
3.650000
2.392600
2.005200
1.388500
0.904310
0.754380
0.561490
0.365660
0.309350
0.206500
0.137150
0.100670
0.101150
0.058377
0.062888
0.040332
0.025498
0.033524
0.012794
0.008399
0.008066
0.006873
0.005958
0.004242
0.006178
0.005803
0.001995
0.001329
0.001909
0.002075
0.002446
0.000807
0.000375
0.000179
0.000399
0.000189
0.000340
0.000211
0.000060
0.000119
0.000062
0.000020
0.000162
0.000023
0.000002
0.000006
0.000000
0.000000
0.000002
0.000004
0.000005
0.000000
0.000000
0.000069
0.000003
0.000000
0.000001
0.000002
0.000000
0.000000
0.000000
0.000000
0.000000
0.000000
0.000000
0.000000
0.000000
0.000000
0.000000
0.000000
0.000000
0.000000
0.000000
0.000000
0.000000
0.000000
0.000000
0.000000
0.000000
0.000000
0.000000
0.000000
0.000000
0.000000
0.000000
0.000000
0.000000
0.000000
0.000000
0.000000
0.000000
0.000000
0.000000
0.000000
0.000000
0.000000
0.000000
0.000000
0.000000
0.000000
0.000000
0.000000
0.000000
0.000000
0.000000
0.000000
0.000000
0.000000
0.000000
0.000000
0.000000
0.000000
0.000000
0.000000
0.000000
0.000000
0.000000
0.000000
0.000000
0.000000
0.000000
0.000000
0.000000
0.000000
0.000000
0.000000
0.000000
0.000000
0.000000
0.000000
0.000000
0.000000
0.000000
0.000000
0.000000
0.000000
0.000000
0.000000
0.000000
0.000000
0.000000
0.000000
0.000000
0.000000
0.000000
0.000000
0.000000
0.000000
0.000000
0.000000
0.000000
0.000000
0.000000
0.000000
0.000000
0.000000
0.000000
0.000000
0.000000
0.000000
0.000000
0.000000
0.000000
0.000000
0.000000
0.000000
0.000000
0.000000
0.000000
0.000000
0.000000
0.000000
0.000000
0.000000
0.000000
0.000000
0.000000
0.000000
0.000000
0.000000
0.000000
0.000000
0.000000
0.000000
0.000000
0.000000
0.000000
0.000000
0.000000
0.000000
0.000000
0.000000
