64.642500
20.843600
853.380000
183.910000
78.576000
45.249000
30.172000
19.459000
13.012000
8.899500
7.665100
5.198700
3.958500
3.232300
2.355600
1.922500
1.570300
1.132300
0.930540
0.749810
0.659560
0.571320
0.432540
0.372940
0.327750
0.272430
0.183660
0.173570
0.128430
0.124390
0.118070
0.070881
0.069099
0.065059
0.038246
0.050763
0.028409
0.022453
0.026218
0.025220
0.010728
0.011733
0.010909
0.010244
0.008271
0.005372
0.006142
0.007320
0.003218
0.003073
0.002822
0.000583
0.001045
0.001940
0.001301
0.003269
0.000924
0.000694
0.001276
0.000579
0.000351
0.000320
0.000180
0.000053
0.000083
0.000192
0.000025
0.000060
0.000083
0.000019
0.000111
0.000011
0.000063
0.000005
0.000008
0.000008
0.000001
0.000051
0.000004
0.000000
0.000000
0.000001
0.000003
0.000010
0.000000
0.000002
0.000009
0.000000
0.000000
0.000000
0.000000
0.000000
0.000000
0.000001
0.000000
0.000003
0.000000
0.000000
0.000000
0.000000
0.000000
0.000000
0.000000
0.000000
0.000005
0.000000
0.000000
0.000000
0.000000
0.000000
0.000000
0.000000
0.000000
0.000000
0.000000
0.000000
0.000000
0.000000
0.000000
0.000000
0.000000
0.000000
0.000000
0.000000
0.000000
0.000000
0.000000
0.000000
0.000000
0.000000
0.000000
0.000000
0.000000
0.000000
0.000000
0.000000
0.000000
0.000000
0.000000
0.000000
0.000000
0.000000
0.000000
0.000000
0.000000
0.000000
0.000000
0.000000
0.000000
0.000000
0.000000
0.000000
0.000000
0.000000
0.000000
0.000000
0.000000
0.000000
0.000000
0.000000
0.000000
0.000000
0.000000
0.000000
0.000000
0.000000
0.000000
0.000000
0.000000
0.000000
0.000000
0.000000
0.000000
0.000000
0.000000
0.000000
0.000000
0.000000
0.000000
0.000000
0.000000
0.000000
0.000000
0.000000
0.000000
0.000000
0.000000
0.000000
0.000000
0.000000
0.000000
0.000000
0.000000
0.000000
0.000000
0.000000
0.000000
0.000000
0.000000
0.000000
0.000000
0.000000
