52.544700
14.837300
911.400000
206.890000
90.994000
57.587000
36.177000
27.684000
21.111000
13.428000
10.222000
7.888000
6.729900
5.162800
4.473600
3.282800
2.606800
2.393400
1.670500
1.621200
1.146900
1.139100
0.990510
0.865490
0.709530
0.462170
0.464640
0.388840
0.332780
0.265320
0.218660
0.221730
0.174560
0.174830
0.136310
0.137250
0.123540
0.074570
0.070223
0.054772
0.052159
0.055594
0.039535
0.037079
0.022467
0.023127
0.019760
0.013954
0.015139
0.008914
0.016163
0.005622
0.007927
0.008978
0.006581
0.002800
0.005170
0.008494
0.003938
0.002612
0.002748
0.001578
0.002256
0.000658
0.000747
0.000747
0.000866
0.000980
0.000308
0.001099
0.000158
0.000573
0.000268
0.000122
0.000192
0.000372
0.000137
0.000061
0.000102
0.000008
0.000004
0.000271
0.000059
0.000000
0.000085
0.000016
0.000033
0.000006
0.000039
0.000002
0.000006
0.000000
0.000000
0.000000
0.000000
0.000016
0.000043
0.000008
0.000000
0.000000
0.000000
0.000000
0.000000
0.000000
0.000000
0.000000
0.000006
0.000000
0.000002
0.000000
0.000000
0.000000
0.000000
0.000000
0.000000
0.000000
0.000000
0.000000
0.000000
0.000000
0.000000
0.000001
0.000000
0.000000
0.000000
0.000000
0.000000
0.000000
0.000000
0.000000
0.000000
0.000000
0.000000
0.000000
0.000000
0.000000
0.000000
0.000000
0.000000
0.000000
0.000000
0.000000
0.000000
0.000000
0.000000
0.000000
0.000000
0.000000
0.000000
0.000000
0.000000
0.000000
0.000000
0.000000
0.000000
0.000000
0.000000
0.000000
0.000000
0.000000
0.000000
0.000000
0.000000
0.000000
0.000000
0.000000
0.000000
0.000000
0.000000
0.000000
0.000000
0.000000
0.000000
0.000000
0.000000
0.000000
0.000000
0.000000
0.000000
0.000000
0.000000
0.000000
0.000000
0.000000
0.000000
0.000000
0.000000
0.000000
0.000000
0.000000
0.000000
0.000000
0.000000
0.000000
0.000000
0.000000
0.000000
0.000000
0.000000
0.000000
0.000000
0.000000
