83.512400
49.431100
868.860000
152.890000
61.085000
28.283000
17.100000
10.297000
7.632000
5.117000
2.985700
2.035000
1.533900
1.046000
0.702540
0.594530
0.444290
0.329620
0.188290
0.164260
0.117840
0.079825
0.063720
0.059865
0.024514
0.029739
0.022151
0.013845
0.011408
0.012198
0.005796
0.005494
0.003282
0.003706
0.002531
0.001996
0.001675
0.001627
0.001037
0.000827
0.001806
0.000440
0.000215
0.000971
0.000161
0.000230
0.000080
0.000037
0.000026
0.000072
0.000021
0.000078
0.000005
0.000000
0.000011
0.000002
0.000009
0.000004
0.000011
0.000022
0.000005
0.000006
0.000000
0.000000
0.000000
0.000000
0.000000
0.000000
0.000000
0.000002
0.000000
0.000000
0.000000
0.000000
0.000000
0.000000
0.000000
0.000000
0.000000
0.000000
0.000000
0.000000
0.000000
0.000000
0.000000
0.000000
0.000000
0.000000
0.000000
0.000000
0.000000
0.000000
0.000000
0.000000
0.000000
0.000000
0.000000
0.000000
0.000000
0.000000
0.000000
0.000000
0.000000
0.000000
0.000000
0.000000
0.000000
0.000000
0.000000
0.000000
0.000000
0.000000
0.000000
0.000000
0.000000
0.000000
0.000000
0.000000
0.000000
0.000000
0.000000
0.000000
0.000000
0.000000
0.000000
0.000000
0.000000
0.000000
0.000000
0.000000
0.000000
0.000000
0.000000
0.000000
0.000000
0.000000
0.000000
0.000000
0.000000
0.000000
0.000000
0.000000
0.000000
0.000000
0.000000
0.000000
0.000000
0.000000
0.000000
0.000000
0.000000
0.000000
0.000000
0.000000
0.000000
0.000000
0.000000
0.000000
0.000000
0.000000
0.000000
0.000000
0.000000
0.000000
0.000000
0.000000
0.000000
0.000000
0.000000
0.000000
0.000000
0.000000
0.000000
0.000000
0.000000
0.000000
0.000000
0.000000
0.000000
0.000000
0.000000
0.000000
0.000000
0.000000
0.000000
0.000000
0.000000
0.000000
0.000000
0.000000
0.000000
0.000000
0.000000
0.000000
0.000000
0.000000
0.000000
0.000000
0.000000
0.000000
0.000000
0.000000
