76.608100
16.118400
839.690000
172.770000
64.139000
35.416000
24.664000
14.309000
10.709000
7.756500
6.087800
4.398600
3.160200
2.406700
1.849600
1.477000
1.207000
1.049200
0.739000
0.566920
0.555440
0.573930
0.414750
0.292080
0.285040
0.254720
0.231270
0.189740
0.152150
0.119600
0.118750
0.067427
0.081511
0.070737
0.036377
0.050111
0.038561
0.028366
0.025490
0.032186
0.020323
0.013605
0.012414
0.012617
0.010795
0.008025
0.008126
0.004415
0.007490
0.003821
0.004000
0.003359
0.003073
0.000955
0.001539
0.002332
0.001508
0.000895
0.001001
0.000639
0.000226
0.000412
0.000263
0.000346
0.000310
0.000066
0.000571
0.000831
0.000069
0.000069
0.000092
0.000157
0.000028
0.000278
0.000000
0.000134
0.000009
0.000006
0.000059
0.000009
0.000006
0.000000
0.000000
0.000009
0.000017
0.000000
0.000000
0.000000
0.000000
0.000005
0.000013
0.000145
0.000001
0.000000
0.000000
0.000000
0.000000
0.000000
0.000000
0.000000
0.000000
0.000000
0.000015
0.000000
0.000000
0.000000
0.000000
0.000000
0.000000
0.000000
0.000000
0.000000
0.000000
0.000000
0.000000
0.000001
0.000000
0.000000
0.000000
0.000000
0.000000
0.000000
0.000000
0.000000
0.000000
0.000000
0.000000
0.000000
0.000000
0.000000
0.000000
0.000000
0.000000
0.000000
0.000000
0.000000
0.000000
0.000000
0.000000
0.000000
0.000000
0.000000
0.000000
0.000000
0.000000
0.000000
0.000000
0.000000
0.000000
0.000000
0.000000
0.000000
0.000000
0.000000
0.000000
0.000000
0.000000
0.000000
0.000000
0.000000
0.000000
0.000000
0.000000
0.000000
0.000000
0.000000
0.000000
0.000000
0.000000
0.000000
0.000000
0.000000
0.000000
0.000000
0.000000
0.000000
0.000000
0.000000
0.000000
0.000000
0.000000
0.000000
0.000000
0.000000
0.000000
0.000000
0.000000
0.000000
0.000000
0.000000
0.000000
0.000000
0.000000
0.000000
0.000000
0.000000
0.000000
0.000000
0.000000
0.000000
0.000000
0.000000
