51.457100
54.314600
918.540000
204.510000
98.611000
51.683000
32.572000
22.538000
16.180000
10.238000
7.204400
5.500300
3.835200
3.177400
2.090800
1.504600
1.225700
0.955140
0.644920
0.525180
0.390130
0.323900
0.208030
0.141680
0.116220
0.101160
0.077018
0.042033
0.053842
0.041840
0.034479
0.014460
0.012744
0.007267
0.007526
0.006218
0.004809
0.003031
0.002026
0.002515
0.002245
0.000393
0.000457
0.000951
0.000593
0.000402
0.000433
0.000439
0.000095
0.000049
0.000097
0.000101
0.000055
0.000073
0.000022
0.000008
0.000027
0.000004
0.000011
0.000000
0.000002
0.000010
0.000042
0.000003
0.000012
0.000000
0.000000
0.000001
0.000003
0.000000
0.000000
0.000006
0.000000
0.000000
0.000000
0.000000
0.000000
0.000000
0.000000
0.000000
0.000000
0.000000
0.000000
0.000000
0.000000
0.000000
0.000000
0.000000
0.000000
0.000000
0.000000
0.000000
0.000000
0.000000
0.000000
0.000000
0.000000
0.000000
0.000000
0.000000
0.000000
0.000000
0.000000
0.000000
0.000000
0.000000
0.000000
0.000000
0.000000
0.000000
0.000000
0.000000
0.000000
0.000000
0.000000
0.000000
0.000000
0.000000
0.000000
0.000000
0.000000
0.000000
0.000000
0.000000
0.000000
0.000000
0.000000
0.000000
0.000000
0.000000
0.000000
0.000000
0.000000
0.000000
0.000000
0.000000
0.000000
0.000000
0.000000
0.000000
0.000000
0.000000
0.000000
0.000000
0.000000
0.000000
0.000000
0.000000
0.000000
0.000000
0.000000
0.000000
0.000000
0.000000
0.000000
0.000000
0.000000
0.000000
0.000000
0.000000
0.000000
0.000000
0.000000
0.000000
0.000000
0.000000
0.000000
0.000000
0.000000
0.000000
0.000000
0.000000
0.000000
0.000000
0.000000
0.000000
0.000000
0.000000
0.000000
0.000000
0.000000
0.000000
0.000000
0.000000
0.000000
0.000000
0.000000
0.000000
0.000000
0.000000
0.000000
0.000000
0.000000
0.000000
0.000000
0.000000
0.000000
0.000000
0.000000
0.000000
0.000000
0.000000
