80.098700
39.774900
858.480000
152.730000
62.410000
31.834000
19.305000
11.982000
7.963900
5.181800
3.738900
2.621100
2.077000
1.223000
1.037900
0.741130
0.552740
0.437410
0.283660
0.275700
0.166640
0.156090
0.136750
0.102020
0.063295
0.055161
0.036469
0.024877
0.030195
0.016543
0.018050
0.015690
0.004389
0.004539
0.004665
0.006107
0.003490
0.003181
0.002064
0.001154
0.001619
0.001373
0.000920
0.000323
0.001013
0.000983
0.000331
0.000195
0.000127
0.000170
0.000177
0.000082
0.000049
0.000034
0.000017
0.000007
0.000016
0.000002
0.000026
0.000027
0.000000
0.000016
0.000002
0.000050
0.000000
0.000000
0.000007
0.000000
0.000000
0.000010
0.000006
0.000000
0.000000
0.000000
0.000000
0.000003
0.000000
0.000000
0.000000
0.000000
0.000000
0.000000
0.000000
0.000000
0.000000
0.000000
0.000000
0.000000
0.000000
0.000000
0.000000
0.000000
0.000000
0.000000
0.000000
0.000000
0.000000
0.000000
0.000000
0.000000
0.000000
0.000000
0.000000
0.000000
0.000000
0.000000
0.000000
0.000000
0.000000
0.000000
0.000000
0.000000
0.000000
0.000000
0.000000
0.000000
0.000000
0.000000
0.000000
0.000000
0.000000
0.000000
0.000000
0.000000
0.000000
0.000000
0.000000
0.000000
0.000000
0.000000
0.000000
0.000000
0.000000
0.000000
0.000000
0.000000
0.000000
0.000000
0.000000
0.000000
0.000000
0.000000
0.000000
0.000000
0.000000
0.000000
0.000000
0.000000
0.000000
0.000000
0.000000
0.000000
0.000000
0.000000
0.000000
0.000000
0.000000
0.000000
0.000000
0.000000
0.000000
0.000000
0.000000
0.000000
0.000000
0.000000
0.000000
0.000000
0.000000
0.000000
0.000000
0.000000
0.000000
0.000000
0.000000
0.000000
0.000000
0.000000
0.000000
0.000000
0.000000
0.000000
0.000000
0.000000
0.000000
0.000000
0.000000
0.000000
0.000000
0.000000
0.000000
0.000000
0.000000
0.000000
0.000000
0.000000
0.000000
0.000000
0.000000
0.000000
0.000000
0.000000
