63.486000
31.733400
888.880000
188.120000
88.459000
45.056000
26.222000
19.236000
11.931000
8.855900
6.308300
4.746400
3.331900
2.696700
2.040200
1.420100
1.121800
0.927190
0.671320
0.560720
0.415650
0.326050
0.268510
0.190790
0.187170
0.148750
0.100730
0.079542
0.072511
0.077103
0.052867
0.048571
0.034395
0.018642
0.025286
0.016076
0.012855
0.011509
0.008596
0.009235
0.003505
0.006042
0.004489
0.001710
0.001675
0.001441
0.003722
0.001500
0.000639
0.001120
0.001395
0.001128
0.000362
0.000262
0.000145
0.000115
0.000148
0.000079
0.000125
0.000219
0.000093
0.000034
0.000052
0.000009
0.000009
0.000030
0.000019
0.000001
0.000018
0.000013
0.000045
0.000010
0.000026
0.000000
0.000000
0.000025
0.000000
0.000019
0.000000
0.000000
0.000002
0.000000
0.000000
0.000002
0.000000
0.000000
0.000000
0.000000
0.000000
0.000000
0.000000
0.000000
0.000000
0.000000
0.000003
0.000000
0.000000
0.000000
0.000000
0.000000
0.000000
0.000000
0.000000
0.000000
0.000000
0.000000
0.000000
0.000000
0.000000
0.000000
0.000000
0.000000
0.000000
0.000000
0.000000
0.000000
0.000000
0.000000
0.000000
0.000000
0.000000
0.000000
0.000000
0.000000
0.000000
0.000000
0.000000
0.000000
0.000000
0.000000
0.000000
0.000000
0.000000
0.000000
0.000000
0.000000
0.000000
0.000000
0.000000
0.000000
0.000000
0.000000
0.000000
0.000000
0.000000
0.000000
0.000000
0.000000
0.000000
0.000000
0.000000
0.000000
0.000000
0.000000
0.000000
0.000000
0.000000
0.000000
0.000000
0.000000
0.000000
0.000000
0.000000
0.000000
0.000000
0.000000
0.000000
0.000000
0.000000
0.000000
0.000000
0.000000
0.000000
0.000000
0.000000
0.000000
0.000000
0.000000
0.000000
0.000000
0.000000
0.000000
0.000000
0.000000
0.000000
0.000000
0.000000
0.000000
0.000000
0.000000
0.000000
0.000000
0.000000
0.000000
0.000000
0.000000
0.000000
0.000000
0.000000
0.000000
0.000000
0.000000
