82.576200
14.989900
872.070000
149.440000
61.783000
34.386000
22.334000
13.160000
9.395700
6.667900
4.575000
3.541300
2.515300
2.269200
1.867300
1.325600
1.178400
0.959650
0.819870
0.677340
0.472590
0.415730
0.316110
0.352170
0.261960
0.198460
0.165170
0.140190
0.124300
0.080132
0.090109
0.076711
0.064835
0.059741
0.038824
0.038417
0.040211
0.014708
0.015375
0.019285
0.018694
0.010482
0.019036
0.006893
0.006453
0.003987
0.005785
0.004951
0.004219
0.003236
0.001995
0.002875
0.001517
0.001579
0.000447
0.000847
0.001071
0.001016
0.000777
0.001510
0.000241
0.002520
0.000345
0.000733
0.000094
0.000161
0.000374
0.000092
0.000062
0.000078
0.000108
0.000433
0.000141
0.000112
0.000018
0.000171
0.000020
0.000011
0.000071
0.000061
0.000026
0.000021
0.000002
0.000000
0.000002
0.000000
0.000000
0.000000
0.000000
0.000000
0.000000
0.000000
0.000005
0.000007
0.000016
0.000001
0.000000
0.000000
0.000004
0.000049
0.000007
0.000000
0.000001
0.000000
0.000000
0.000000
0.000000
0.000000
0.000000
0.000000
0.000000
0.000000
0.000002
0.000000
0.000000
0.000000
0.000000
0.000000
0.000000
0.000000
0.000000
0.000000
0.000000
0.000000
0.000000
0.000000
0.000000
0.000000
0.000000
0.000000
0.000000
0.000000
0.000000
0.000000
0.000000
0.000000
0.000000
0.000000
0.000000
0.000000
0.000000
0.000000
0.000000
0.000000
0.000000
0.000000
0.000000
0.000000
0.000000
0.000000
0.000000
0.000000
0.000000
0.000000
0.000000
0.000000
0.000000
0.000000
0.000000
0.000000
0.000000
0.000000
0.000000
0.000000
0.000000
0.000000
0.000000
0.000000
0.000000
0.000000
0.000000
0.000000
0.000000
0.000000
0.000000
0.000000
0.000000
0.000000
0.000000
0.000000
0.000000
0.000000
0.000000
0.000000
0.000000
0.000000
0.000000
0.000000
0.000000
0.000000
0.000000
0.000000
0.000000
0.000000
0.000000
0.000000
0.000000
0.000000
0.000000
0.000000
0.000000
0.000000
