86.851300
32.649800
865.380000
150.270000
61.055000
29.246000
17.032000
10.793000
7.577700
5.268000
3.603400
2.343400
1.817800
1.291800
1.063600
0.693380
0.495410
0.435700
0.348790
0.250700
0.229670
0.169280
0.113010
0.093816
0.068691
0.046060
0.038656
0.056745
0.025748
0.024643
0.026365
0.017297
0.015344
0.013683
0.009060
0.002534
0.002730
0.002396
0.002651
0.001633
0.001419
0.001641
0.000677
0.001772
0.000831
0.000423
0.000309
0.000384
0.000568
0.000424
0.000037
0.000176
0.000302
0.000166
0.000161
0.000060
0.000042
0.000019
0.000021
0.000002
0.000002
0.000049
0.000017
0.000004
0.000006
0.000010
0.000003
0.000008
0.000000
0.000000
0.000000
0.000010
0.000000
0.000000
0.000000
0.000000
0.000000
0.000000
0.000000
0.000000
0.000000
0.000000
0.000000
0.000000
0.000000
0.000000
0.000000
0.000000
0.000000
0.000000
0.000000
0.000000
0.000000
0.000000
0.000000
0.000000
0.000000
0.000000
0.000000
0.000000
0.000000
0.000000
0.000000
0.000000
0.000000
0.000000
0.000000
0.000000
0.000000
0.000000
0.000000
0.000000
0.000000
0.000000
0.000000
0.000000
0.000000
0.000000
0.000000
0.000000
0.000000
0.000000
0.000000
0.000000
0.000000
0.000000
0.000000
0.000000
0.000000
0.000000
0.000000
0.000000
0.000000
0.000000
0.000000
0.000000
0.000000
0.000000
0.000000
0.000000
0.000000
0.000000
0.000000
0.000000
0.000000
0.000000
0.000000
0.000000
0.000000
0.000000
0.000000
0.000000
0.000000
0.000000
0.000000
0.000000
0.000000
0.000000
0.000000
0.000000
0.000000
0.000000
0.000000
0.000000
0.000000
0.000000
0.000000
0.000000
0.000000
0.000000
0.000000
0.000000
0.000000
0.000000
0.000000
0.000000
0.000000
0.000000
0.000000
0.000000
0.000000
0.000000
0.000000
0.000000
0.000000
0.000000
0.000000
0.000000
0.000000
0.000000
0.000000
0.000000
0.000000
0.000000
0.000000
0.000000
0.000000
0.000000
0.000000
0.000000
0.000000
0.000000
