70.845300
16.430000
875.510000
166.330000
75.310000
42.464000
25.677000
18.164000
11.620000
8.945900
5.532300
4.878400
3.774200
2.978600
2.170700
1.770100
1.486800
1.211800
0.975440
0.772350
0.638520
0.518800
0.445170
0.403800
0.343190
0.286400
0.248430
0.174990
0.127270
0.162120
0.111600
0.094847
0.066620
0.070225
0.055283
0.039967
0.043528
0.028019
0.030913
0.024389
0.019829
0.017027
0.013651
0.012851
0.011604
0.004089
0.007875
0.006226
0.003379
0.004378
0.003486
0.007561
0.006420
0.005679
0.001898
0.002123
0.003268
0.002655
0.001565
0.001123
0.000448
0.000146
0.001443
0.000139
0.000635
0.000210
0.000114
0.000596
0.000147
0.000022
0.000078
0.000269
0.000156
0.000031
0.000484
0.000088
0.000026
0.000072
0.000004
0.000000
0.000016
0.000015
0.000050
0.000000
0.000002
0.000007
0.000018
0.000000
0.000001
0.000002
0.000000
0.000000
0.000000
0.000000
0.000000
0.000002
0.000000
0.000004
0.000000
0.000000
0.000000
0.000000
0.000000
0.000000
0.000000
0.000000
0.000000
0.000000
0.000000
0.000000
0.000000
0.000000
0.000000
0.000000
0.000000
0.000000
0.000000
0.000000
0.000000
0.000000
0.000000
0.000000
0.000000
0.000000
0.000000
0.000000
0.000000
0.000000
0.000000
0.000000
0.000000
0.000000
0.000000
0.000000
0.000000
0.000000
0.000000
0.000000
0.000000
0.000000
0.000000
0.000000
0.000000
0.000000
0.000000
0.000000
0.000000
0.000000
0.000000
0.000000
0.000000
0.000000
0.000000
0.000000
0.000000
0.000000
0.000000
0.000000
0.000000
0.000000
0.000000
0.000000
0.000000
0.000000
0.000000
0.000000
0.000000
0.000000
0.000000
0.000000
0.000000
0.000000
0.000000
0.000000
0.000000
0.000000
0.000000
0.000000
0.000000
0.000000
0.000000
0.000000
0.000000
0.000000
0.000000
0.000000
0.000000
0.000000
0.000000
0.000000
0.000000
0.000000
0.000000
0.000000
0.000000
0.000000
0.000000
0.000000
0.000000
0.000000
0.000000
0.000000
