58.184000
40.561400
974.870000
187.260000
83.362000
50.068000
30.328000
20.513000
13.957000
9.592000
6.897300
5.391100
3.764600
2.868500
1.978100
1.560500
1.117700
0.937840
0.631480
0.458350
0.377480
0.288580
0.245470
0.202790
0.152950
0.117500
0.096451
0.060950
0.039727
0.044512
0.036213
0.023960
0.026244
0.025201
0.010937
0.013060
0.007547
0.009798
0.006663
0.004704
0.004297
0.002188
0.001841
0.001723
0.001155
0.000460
0.002212
0.000636
0.000157
0.000303
0.000063
0.000228
0.000393
0.000129
0.000018
0.000030
0.000152
0.000088
0.000012
0.000012
0.000023
0.000003
0.000018
0.000002
0.000013
0.000002
0.000017
0.000009
0.000000
0.000000
0.000000
0.000002
0.000000
0.000000
0.000000
0.000000
0.000000
0.000000
0.000000
0.000000
0.000000
0.000010
0.000000
0.000000
0.000000
0.000000
0.000000
0.000000
0.000000
0.000000
0.000000
0.000000
0.000000
0.000000
0.000000
0.000000
0.000000
0.000000
0.000000
0.000000
0.000000
0.000000
0.000000
0.000000
0.000000
0.000000
0.000000
0.000000
0.000000
0.000000
0.000000
0.000000
0.000000
0.000000
0.000000
0.000000
0.000000
0.000000
0.000000
0.000000
0.000000
0.000000
0.000000
0.000000
0.000000
0.000000
0.000000
0.000000
0.000000
0.000000
0.000000
0.000000
0.000000
0.000000
0.000000
0.000000
0.000000
0.000000
0.000000
0.000000
0.000000
0.000000
0.000000
0.000000
0.000000
0.000000
0.000000
0.000000
0.000000
0.000000
0.000000
0.000000
0.000000
0.000000
0.000000
0.000000
0.000000
0.000000
0.000000
0.000000
0.000000
0.000000
0.000000
0.000000
0.000000
0.000000
0.000000
0.000000
0.000000
0.000000
0.000000
0.000000
0.000000
0.000000
0.000000
0.000000
0.000000
0.000000
0.000000
0.000000
0.000000
0.000000
0.000000
0.000000
0.000000
0.000000
0.000000
0.000000
0.000000
0.000000
0.000000
0.000000
0.000000
0.000000
0.000000
0.000000
0.000000
0.000000
0.000000
0.000000
0.000000
0.000000
