64.121000
28.217300
967.230000
188.830000
82.359000
43.439000
27.984000
19.709000
11.978000
8.553300
6.298900
4.552900
3.646000
2.614300
2.113600
1.553000
1.169500
1.020500
0.743620
0.595830
0.544540
0.418880
0.311900
0.284610
0.180160
0.164460
0.134760
0.106650
0.079324
0.071490
0.057490
0.048537
0.027603
0.034228
0.023841
0.020009
0.028167
0.017240
0.010467
0.006446
0.005601
0.005617
0.005786
0.003994
0.004376
0.003104
0.002795
0.001966
0.001563
0.001123
0.001183
0.000442
0.000483
0.000430
0.001421
0.000256
0.000097
0.000346
0.000099
0.000092
0.000106
0.000136
0.000140
0.000066
0.000020
0.000024
0.000236
0.000011
0.000103
0.000002
0.000000
0.000019
0.000017
0.000000
0.000003
0.000003
0.000002
0.000004
0.000000
0.000000
0.000000
0.000000
0.000000
0.000006
0.000004
0.000002
0.000000
0.000000
0.000000
0.000000
0.000000
0.000000
0.000000
0.000000
0.000000
0.000000
0.000000
0.000000
0.000000
0.000000
0.000000
0.000000
0.000000
0.000000
0.000000
0.000000
0.000000
0.000000
0.000000
0.000000
0.000000
0.000000
0.000000
0.000000
0.000000
0.000000
0.000000
0.000000
0.000000
0.000000
0.000000
0.000000
0.000000
0.000000
0.000000
0.000000
0.000000
0.000000
0.000000
0.000000
0.000000
0.000000
0.000000
0.000000
0.000000
0.000000
0.000000
0.000000
0.000000
0.000000
0.000000
0.000000
0.000000
0.000000
0.000000
0.000000
0.000000
0.000000
0.000000
0.000000
0.000000
0.000000
0.000000
0.000000
0.000000
0.000000
0.000000
0.000000
0.000000
0.000000
0.000000
0.000000
0.000000
0.000000
0.000000
0.000000
0.000000
0.000000
0.000000
0.000000
0.000000
0.000000
0.000000
0.000000
0.000000
0.000000
0.000000
0.000000
0.000000
0.000000
0.000000
0.000000
0.000000
0.000000
0.000000
0.000000
0.000000
0.000000
0.000000
0.000000
0.000000
0.000000
0.000000
0.000000
0.000000
0.000000
0.000000
0.000000
0.000000
0.000000
0.000000
0.000000
