65.396300
40.174500
907.030000
170.850000
80.997000
40.973000
25.786000
17.550000
11.280000
9.049100
5.514000
3.836400
2.860800
2.051400
1.705100
1.075700
0.816480
0.706640
0.518150
0.397700
0.327490
0.233370
0.199750
0.156200
0.132740
0.106840
0.085608
0.061018
0.040629
0.033488
0.030937
0.019617
0.021429
0.014201
0.009312
0.009192
0.005228
0.004733
0.005668
0.003400
0.002158
0.001970
0.000944
0.001128
0.000828
0.000446
0.000684
0.000721
0.000476
0.000272
0.000296
0.000110
0.000064
0.000089
0.000089
0.000305
0.000037
0.000078
0.000031
0.000079
0.000013
0.000013
0.000010
0.000009
0.000004
0.000000
0.000007
0.000000
0.000002
0.000002
0.000000
0.000000
0.000000
0.000000
0.000000
0.000000
0.000000
0.000000
0.000000
0.000000
0.000000
0.000000
0.000000
0.000000
0.000000
0.000000
0.000000
0.000000
0.000000
0.000000
0.000000
0.000000
0.000000
0.000000
0.000000
0.000000
0.000000
0.000000
0.000000
0.000000
0.000000
0.000000
0.000000
0.000000
0.000000
0.000000
0.000000
0.000000
0.000000
0.000000
0.000000
0.000000
0.000000
0.000000
0.000000
0.000000
0.000000
0.000000
0.000000
0.000000
0.000000
0.000000
0.000000
0.000000
0.000000
0.000000
0.000000
0.000000
0.000000
0.000000
0.000000
0.000000
0.000000
0.000000
0.000000
0.000000
0.000000
0.000000
0.000000
0.000000
0.000000
0.000000
0.000000
0.000000
0.000000
0.000000
0.000000
0.000000
0.000000
0.000000
0.000000
0.000000
0.000000
0.000000
0.000000
0.000000
0.000000
0.000000
0.000000
0.000000
0.000000
0.000000
0.000000
0.000000
0.000000
0.000000
0.000000
0.000000
0.000000
0.000000
0.000000
0.000000
0.000000
0.000000
0.000000
0.000000
0.000000
0.000000
0.000000
0.000000
0.000000
0.000000
0.000000
0.000000
0.000000
0.000000
0.000000
0.000000
0.000000
0.000000
0.000000
0.000000
0.000000
0.000000
0.000000
0.000000
0.000000
0.000000
0.000000
0.000000
0.000000
0.000000
