71.014500
46.433100
892.140000
162.640000
67.424000
38.578000
22.573000
14.988000
9.578500
6.242400
4.455200
3.559100
2.389400
1.588300
1.250500
0.838620
0.655410
0.521170
0.390140
0.264110
0.225210
0.152100
0.111330
0.079186
0.063436
0.050997
0.047506
0.024771
0.022987
0.020417
0.008459
0.018152
0.010343
0.006700
0.003877
0.003416
0.003295
0.004619
0.001728
0.001326
0.002711
0.000695
0.000878
0.000270
0.000556
0.000472
0.000104
0.000186
0.000060
0.000032
0.000159
0.000042
0.000024
0.000022
0.000008
0.000039
0.000039
0.000015
0.000000
0.000007
0.000048
0.000012
0.000000
0.000004
0.000000
0.000000
0.000000
0.000000
0.000000
0.000000
0.000000
0.000000
0.000000
0.000000
0.000000
0.000000
0.000000
0.000000
0.000000
0.000000
0.000000
0.000000
0.000008
0.000000
0.000000
0.000000
0.000000
0.000000
0.000000
0.000000
0.000000
0.000000
0.000000
0.000000
0.000000
0.000000
0.000000
0.000000
0.000000
0.000000
0.000000
0.000000
0.000000
0.000000
0.000000
0.000000
0.000000
0.000000
0.000000
0.000000
0.000000
0.000000
0.000000
0.000000
0.000000
0.000000
0.000000
0.000000
0.000000
0.000000
0.000000
0.000000
0.000000
0.000000
0.000000
0.000000
0.000000
0.000000
0.000000
0.000000
0.000000
0.000000
0.000000
0.000000
0.000000
0.000000
0.000000
0.000000
0.000000
0.000000
0.000000
0.000000
0.000000
0.000000
0.000000
0.000000
0.000000
0.000000
0.000000
0.000000
0.000000
0.000000
0.000000
0.000000
0.000000
0.000000
0.000000
0.000000
0.000000
0.000000
0.000000
0.000000
0.000000
0.000000
0.000000
0.000000
0.000000
0.000000
0.000000
0.000000
0.000000
0.000000
0.000000
0.000000
0.000000
0.000000
0.000000
0.000000
0.000000
0.000000
0.000000
0.000000
0.000000
0.000000
0.000000
0.000000
0.000000
0.000000
0.000000
0.000000
0.000000
0.000000
0.000000
0.000000
0.000000
0.000000
0.000000
0.000000
0.000000
0.000000
0.000000
0.000000
