65.307600
52.616900
871.480000
183.200000
77.902000
40.544000
25.116000
15.961000
11.279000
7.351400
4.897900
3.411000
2.385900
1.862000
1.416900
0.899790
0.742770
0.486560
0.432870
0.308120
0.219820
0.156190
0.127000
0.091811
0.095238
0.063009
0.034350
0.031495
0.019412
0.019298
0.012708
0.010723
0.005374
0.004226
0.002761
0.002805
0.001625
0.001991
0.001243
0.001127
0.000932
0.001529
0.000900
0.000812
0.000291
0.000237
0.000050
0.000083
0.000070
0.000123
0.000025
0.000019
0.000025
0.000000
0.000007
0.000015
0.000013
0.000005
0.000025
0.000000
0.000015
0.000001
0.000003
0.000000
0.000002
0.000000
0.000000
0.000000
0.000006
0.000000
0.000000
0.000000
0.000000
0.000000
0.000000
0.000000
0.000000
0.000000
0.000000
0.000000
0.000000
0.000000
0.000000
0.000000
0.000000
0.000000
0.000000
0.000000
0.000000
0.000000
0.000000
0.000000
0.000000
0.000000
0.000000
0.000000
0.000000
0.000000
0.000000
0.000000
0.000000
0.000000
0.000000
0.000000
0.000000
0.000000
0.000000
0.000000
0.000000
0.000000
0.000000
0.000000
0.000000
0.000000
0.000000
0.000000
0.000000
0.000000
0.000000
0.000000
0.000000
0.000000
0.000000
0.000000
0.000000
0.000000
0.000000
0.000000
0.000000
0.000000
0.000000
0.000000
0.000000
0.000000
0.000000
0.000000
0.000000
0.000000
0.000000
0.000000
0.000000
0.000000
0.000000
0.000000
0.000000
0.000000
0.000000
0.000000
0.000000
0.000000
0.000000
0.000000
0.000000
0.000000
0.000000
0.000000
0.000000
0.000000
0.000000
0.000000
0.000000
0.000000
0.000000
0.000000
0.000000
0.000000
0.000000
0.000000
0.000000
0.000000
0.000000
0.000000
0.000000
0.000000
0.000000
0.000000
0.000000
0.000000
0.000000
0.000000
0.000000
0.000000
0.000000
0.000000
0.000000
0.000000
0.000000
0.000000
0.000000
0.000000
0.000000
0.000000
0.000000
0.000000
0.000000
0.000000
0.000000
0.000000
0.000000
0.000000
0.000000
0.000000
