79.785000
41.309200
841.750000
151.590000
67.469000
31.612000
19.831000
12.091000
7.737100
5.633200
3.937400
2.675100
1.794800
1.515600
0.950940
0.803210
0.576870
0.424830
0.313690
0.219730
0.159170
0.132490
0.122610
0.085263
0.069144
0.047221
0.028666
0.028202
0.027147
0.019371
0.016444
0.008773
0.009740
0.005926
0.004083
0.002747
0.003135
0.002828
0.001734
0.001396
0.001200
0.001257
0.001115
0.000372
0.000184
0.000394
0.000077
0.000286
0.000032
0.000208
0.000057
0.000110
0.000012
0.000036
0.000039
0.000047
0.000000
0.000046
0.000043
0.000002
0.000013
0.000017
0.000003
0.000004
0.000004
0.000000
0.000000
0.000001
0.000000
0.000003
0.000001
0.000002
0.000000
0.000000
0.000004
0.000000
0.000000
0.000000
0.000000
0.000000
0.000000
0.000000
0.000000
0.000000
0.000000
0.000000
0.000000
0.000000
0.000000
0.000000
0.000000
0.000000
0.000000
0.000000
0.000000
0.000000
0.000000
0.000000
0.000000
0.000000
0.000000
0.000000
0.000000
0.000000
0.000000
0.000000
0.000000
0.000000
0.000000
0.000000
0.000000
0.000000
0.000000
0.000000
0.000000
0.000000
0.000000
0.000000
0.000000
0.000000
0.000000
0.000000
0.000000
0.000000
0.000000
0.000000
0.000000
0.000000
0.000000
0.000000
0.000000
0.000000
0.000000
0.000000
0.000000
0.000000
0.000000
0.000000
0.000000
0.000000
0.000000
0.000000
0.000000
0.000000
0.000000
0.000000
0.000000
0.000000
0.000000
0.000000
0.000000
0.000000
0.000000
0.000000
0.000000
0.000000
0.000000
0.000000
0.000000
0.000000
0.000000
0.000000
0.000000
0.000000
0.000000
0.000000
0.000000
0.000000
0.000000
0.000000
0.000000
0.000000
0.000000
0.000000
0.000000
0.000000
0.000000
0.000000
0.000000
0.000000
0.000000
0.000000
0.000000
0.000000
0.000000
0.000000
0.000000
0.000000
0.000000
0.000000
0.000000
0.000000
0.000000
0.000000
0.000000
0.000000
0.000000
0.000000
0.000000
0.000000
0.000000
0.000000
