81.343200
31.432000
852.380000
153.150000
65.945000
33.332000
18.624000
13.045000
8.636900
5.531900
4.075400
2.948200
2.032600
1.526900
0.993510
0.788280
0.698580
0.545140
0.393790
0.322920
0.205130
0.196580
0.131340
0.150860
0.099202
0.080856
0.055809
0.047301
0.043635
0.034505
0.031875
0.021517
0.016334
0.013686
0.016717
0.007071
0.004929
0.009394
0.003179
0.005955
0.002669
0.001664
0.002436
0.001598
0.000993
0.001981
0.001019
0.000224
0.000433
0.000882
0.000873
0.000416
0.000148
0.000103
0.000202
0.000047
0.000010
0.000150
0.000075
0.000000
0.000029
0.000058
0.000004
0.000004
0.000022
0.000006
0.000003
0.000001
0.000017
0.000003
0.000002
0.000000
0.000003
0.000002
0.000049
0.000000
0.000000
0.000008
0.000002
0.000000
0.000000
0.000000
0.000000
0.000000
0.000000
0.000000
0.000000
0.000000
0.000000
0.000000
0.000000
0.000000
0.000000
0.000000
0.000000
0.000000
0.000000
0.000000
0.000000
0.000000
0.000000
0.000000
0.000000
0.000000
0.000000
0.000000
0.000000
0.000000
0.000000
0.000000
0.000000
0.000000
0.000000
0.000000
0.000000
0.000000
0.000000
0.000000
0.000000
0.000000
0.000000
0.000000
0.000000
0.000000
0.000000
0.000000
0.000000
0.000000
0.000000
0.000000
0.000000
0.000000
0.000000
0.000000
0.000000
0.000000
0.000000
0.000000
0.000000
0.000000
0.000000
0.000000
0.000000
0.000000
0.000000
0.000000
0.000000
0.000000
0.000000
0.000000
0.000000
0.000000
0.000000
0.000000
0.000000
0.000000
0.000000
0.000000
0.000000
0.000000
0.000000
0.000000
0.000000
0.000000
0.000000
0.000000
0.000000
0.000000
0.000000
0.000000
0.000000
0.000000
0.000000
0.000000
0.000000
0.000000
0.000000
0.000000
0.000000
0.000000
0.000000
0.000000
0.000000
0.000000
0.000000
0.000000
0.000000
0.000000
0.000000
0.000000
0.000000
0.000000
0.000000
0.000000
0.000000
0.000000
0.000000
0.000000
0.000000
0.000000
0.000000
0.000000
