61.101100
18.011900
918.620000
188.160000
82.067000
47.304000
31.440000
19.386000
13.844000
10.869000
8.524300
6.218700
4.478400
3.545000
3.250700
2.483400
1.957400
1.529400
1.237000
1.040700
0.826360
0.865340
0.587950
0.501340
0.386640
0.304620
0.242370
0.219980
0.229990
0.163420
0.138310
0.088472
0.109130
0.096497
0.065116
0.052203
0.045293
0.055346
0.031078
0.045012
0.022335
0.022244
0.018171
0.015314
0.010449
0.011837
0.013808
0.009471
0.007217
0.006296
0.003753
0.003880
0.002874
0.002580
0.002634
0.000752
0.001914
0.001134
0.001832
0.000620
0.000848
0.001193
0.000513
0.000095
0.000817
0.000268
0.000813
0.000558
0.000298
0.000179
0.000469
0.000066
0.000035
0.000079
0.000020
0.000075
0.000164
0.000012
0.000054
0.000012
0.000016
0.000007
0.000017
0.000001
0.000008
0.000036
0.000006
0.000000
0.000000
0.000019
0.000008
0.000032
0.000000
0.000000
0.000000
0.000000
0.000000
0.000000
0.000000
0.000000
0.000000
0.000000
0.000003
0.000000
0.000000
0.000003
0.000000
0.000000
0.000000
0.000000
0.000000
0.000000
0.000000
0.000000
0.000005
0.000000
0.000000
0.000001
0.000000
0.000000
0.000000
0.000000
0.000000
0.000000
0.000000
0.000000
0.000000
0.000000
0.000001
0.000000
0.000000
0.000000
0.000000
0.000000
0.000000
0.000000
0.000000
0.000000
0.000000
0.000000
0.000000
0.000000
0.000000
0.000000
0.000000
0.000000
0.000000
0.000000
0.000000
0.000000
0.000000
0.000000
0.000000
0.000000
0.000000
0.000000
0.000000
0.000000
0.000000
0.000000
0.000000
0.000000
0.000000
0.000000
0.000000
0.000000
0.000000
0.000000
0.000000
0.000000
0.000000
0.000000
0.000000
0.000000
0.000000
0.000000
0.000000
0.000000
0.000000
0.000000
0.000000
0.000000
0.000000
0.000000
0.000000
0.000000
0.000000
0.000000
0.000000
0.000000
0.000000
0.000000
0.000000
0.000000
0.000000
0.000000
0.000000
0.000000
0.000000
0.000000
0.000000
0.000000
