75.299500
47.988900
828.920000
167.110000
66.733000
34.808000
20.813000
13.394000
9.242800
5.373200
3.803400
3.016000
2.079500
1.320000
1.040400
0.791250
0.604120
0.421890
0.269060
0.237430
0.145440
0.116350
0.090651
0.065139
0.066139
0.045972
0.036589
0.018520
0.014056
0.011734
0.011789
0.007387
0.006420
0.003790
0.002340
0.003281
0.001405
0.000971
0.000725
0.000991
0.001074
0.000380
0.000516
0.000227
0.000481
0.000433
0.000137
0.000057
0.000017
0.000026
0.000106
0.000010
0.000007
0.000015
0.000011
0.000023
0.000000
0.000005
0.000022
0.000047
0.000012
0.000000
0.000005
0.000000
0.000035
0.000000
0.000002
0.000000
0.000000
0.000005
0.000000
0.000000
0.000000
0.000000
0.000000
0.000000
0.000000
0.000000
0.000000
0.000000
0.000000
0.000000
0.000000
0.000000
0.000000
0.000000
0.000000
0.000000
0.000000
0.000000
0.000000
0.000000
0.000000
0.000000
0.000000
0.000000
0.000000
0.000000
0.000000
0.000000
0.000000
0.000000
0.000000
0.000000
0.000000
0.000000
0.000000
0.000000
0.000000
0.000000
0.000000
0.000000
0.000000
0.000000
0.000000
0.000000
0.000000
0.000000
0.000000
0.000000
0.000000
0.000000
0.000000
0.000000
0.000000
0.000000
0.000000
0.000000
0.000000
0.000000
0.000000
0.000000
0.000000
0.000000
0.000000
0.000000
0.000000
0.000000
0.000000
0.000000
0.000000
0.000000
0.000000
0.000000
0.000000
0.000000
0.000000
0.000000
0.000000
0.000000
0.000000
0.000000
0.000000
0.000000
0.000000
0.000000
0.000000
0.000000
0.000000
0.000000
0.000000
0.000000
0.000000
0.000000
0.000000
0.000000
0.000000
0.000000
0.000000
0.000000
0.000000
0.000000
0.000000
0.000000
0.000000
0.000000
0.000000
0.000000
0.000000
0.000000
0.000000
0.000000
0.000000
0.000000
0.000000
0.000000
0.000000
0.000000
0.000000
0.000000
0.000000
0.000000
0.000000
0.000000
0.000000
0.000000
0.000000
0.000000
0.000000
0.000000
0.000000
0.000000
