85.108600
21.931200
838.380000
151.770000
60.186000
34.088000
19.834000
12.024000
8.235700
5.703700
3.834500
2.782400
2.193000
1.408300
1.108400
0.830100
0.873300
0.557340
0.451630
0.313750
0.302260
0.323040
0.258990
0.167560
0.180630
0.103980
0.104800
0.081133
0.059141
0.043806
0.044081
0.046162
0.034294
0.029517
0.022397
0.019270
0.028119
0.008596
0.006774
0.007931
0.005390
0.005082
0.008160
0.005240
0.004929
0.002975
0.003858
0.002380
0.002253
0.000641
0.000490
0.000649
0.000322
0.001700
0.000506
0.000163
0.000621
0.000612
0.000251
0.000266
0.000342
0.000088
0.000058
0.000149
0.000182
0.000004
0.000051
0.000020
0.000000
0.000011
0.000007
0.000002
0.000007
0.000004
0.000001
0.000003
0.000000
0.000000
0.000010
0.000004
0.000000
0.000004
0.000000
0.000000
0.000001
0.000000
0.000000
0.000000
0.000000
0.000000
0.000000
0.000000
0.000000
0.000000
0.000000
0.000000
0.000000
0.000000
0.000000
0.000000
0.000000
0.000000
0.000000
0.000000
0.000000
0.000000
0.000000
0.000000
0.000000
0.000000
0.000000
0.000000
0.000000
0.000000
0.000000
0.000000
0.000000
0.000000
0.000000
0.000000
0.000000
0.000000
0.000000
0.000000
0.000000
0.000000
0.000000
0.000000
0.000000
0.000000
0.000000
0.000000
0.000000
0.000000
0.000000
0.000000
0.000000
0.000000
0.000000
0.000000
0.000000
0.000000
0.000000
0.000000
0.000000
0.000000
0.000000
0.000000
0.000000
0.000000
0.000000
0.000000
0.000000
0.000000
0.000000
0.000000
0.000000
0.000000
0.000000
0.000000
0.000000
0.000000
0.000000
0.000000
0.000000
0.000000
0.000000
0.000000
0.000000
0.000000
0.000000
0.000000
0.000000
0.000000
0.000000
0.000000
0.000000
0.000000
0.000000
0.000000
0.000000
0.000000
0.000000
0.000000
0.000000
0.000000
0.000000
0.000000
0.000000
0.000000
0.000000
0.000000
0.000000
0.000000
0.000000
0.000000
0.000000
0.000000
0.000000
0.000000
0.000000
0.000000
