52.466000
58.767900
930.330000
221.010000
94.146000
48.762000
31.492000
21.473000
14.272000
10.215000
7.274900
5.360400
3.994500
2.503900
2.085200
1.611000
1.280800
0.779320
0.639660
0.455540
0.258420
0.285520
0.213340
0.173380
0.104170
0.089187
0.058557
0.056181
0.042584
0.030293
0.017744
0.016100
0.011255
0.007436
0.009616
0.006868
0.004658
0.002843
0.002517
0.001694
0.001581
0.001362
0.000757
0.000665
0.000271
0.000806
0.000132
0.000397
0.000120
0.000147
0.000096
0.000093
0.000232
0.000021
0.000018
0.000031
0.000009
0.000014
0.000012
0.000006
0.000003
0.000005
0.000000
0.000005
0.000008
0.000000
0.000000
0.000000
0.000000
0.000000
0.000000
0.000000
0.000000
0.000003
0.000000
0.000000
0.000000
0.000000
0.000000
0.000000
0.000000
0.000000
0.000000
0.000000
0.000000
0.000000
0.000000
0.000000
0.000000
0.000000
0.000000
0.000000
0.000000
0.000000
0.000000
0.000000
0.000000
0.000000
0.000000
0.000000
0.000000
0.000000
0.000000
0.000000
0.000000
0.000000
0.000000
0.000000
0.000000
0.000000
0.000000
0.000000
0.000000
0.000000
0.000000
0.000000
0.000000
0.000000
0.000000
0.000000
0.000000
0.000000
0.000000
0.000000
0.000000
0.000000
0.000000
0.000000
0.000000
0.000000
0.000000
0.000000
0.000000
0.000000
0.000000
0.000000
0.000000
0.000000
0.000000
0.000000
0.000000
0.000000
0.000000
0.000000
0.000000
0.000000
0.000000
0.000000
0.000000
0.000000
0.000000
0.000000
0.000000
0.000000
0.000000
0.000000
0.000000
0.000000
0.000000
0.000000
0.000000
0.000000
0.000000
0.000000
0.000000
0.000000
0.000000
0.000000
0.000000
0.000000
0.000000
0.000000
0.000000
0.000000
0.000000
0.000000
0.000000
0.000000
0.000000
0.000000
0.000000
0.000000
0.000000
0.000000
0.000000
0.000000
0.000000
0.000000
0.000000
0.000000
0.000000
0.000000
0.000000
0.000000
0.000000
0.000000
0.000000
0.000000
0.000000
0.000000
0.000000
0.000000
