46.191800
32.647800
994.060000
224.220000
106.390000
64.659000
39.052000
26.925000
19.271000
14.868000
10.233000
7.221600
5.580000
4.643300
3.269000
2.696000
2.043800
1.748300
1.362700
1.070500
0.877450
0.632050
0.496610
0.411940
0.285670
0.297870
0.196500
0.196380
0.161160
0.089669
0.095648
0.074357
0.054305
0.042108
0.030452
0.028573
0.022682
0.021827
0.014183
0.018073
0.013746
0.009747
0.007590
0.008308
0.004896
0.004222
0.003899
0.001233
0.002722
0.001304
0.000889
0.000839
0.001267
0.000554
0.000490
0.000941
0.000248
0.000159
0.000345
0.000429
0.000152
0.000092
0.000056
0.000027
0.000057
0.000028
0.000060
0.000016
0.000007
0.000026
0.000057
0.000037
0.000015
0.000005
0.000000
0.000003
0.000000
0.000001
0.000000
0.000000
0.000000
0.000000
0.000000
0.000000
0.000000
0.000000
0.000000
0.000000
0.000025
0.000000
0.000000
0.000000
0.000000
0.000000
0.000000
0.000000
0.000000
0.000000
0.000000
0.000000
0.000000
0.000000
0.000000
0.000000
0.000000
0.000000
0.000000
0.000000
0.000000
0.000000
0.000000
0.000000
0.000000
0.000000
0.000000
0.000000
0.000000
0.000000
0.000000
0.000000
0.000000
0.000000
0.000000
0.000000
0.000000
0.000000
0.000000
0.000000
0.000000
0.000000
0.000000
0.000000
0.000000
0.000000
0.000000
0.000000
0.000000
0.000000
0.000000
0.000000
0.000000
0.000000
0.000000
0.000000
0.000000
0.000000
0.000000
0.000000
0.000000
0.000000
0.000000
0.000000
0.000000
0.000000
0.000000
0.000000
0.000000
0.000000
0.000000
0.000000
0.000000
0.000000
0.000000
0.000000
0.000000
0.000000
0.000000
0.000000
0.000000
0.000000
0.000000
0.000000
0.000000
0.000000
0.000000
0.000000
0.000000
0.000000
0.000000
0.000000
0.000000
0.000000
0.000000
0.000000
0.000000
0.000000
0.000000
0.000000
0.000000
0.000000
0.000000
0.000000
0.000000
0.000000
0.000000
0.000000
0.000000
0.000000
0.000000
0.000000
0.000000
0.000000
