73.977000
16.253100
859.060000
159.220000
76.512000
41.508000
24.218000
16.668000
10.969000
7.899500
5.598700
4.245900
3.296500
2.431700
2.106300
1.744200
1.333200
1.242500
0.934270
0.772910
0.498080
0.503850
0.315690
0.354250
0.272830
0.274150
0.196930
0.187590
0.113710
0.137610
0.082777
0.106490
0.094600
0.040429
0.072208
0.046920
0.033670
0.047922
0.038072
0.017423
0.023769
0.017581
0.011190
0.008866
0.007141
0.009075
0.010481
0.009461
0.003198
0.003477
0.005359
0.004824
0.001793
0.001599
0.000960
0.001299
0.001691
0.001582
0.000630
0.000183
0.000778
0.000464
0.000130
0.000468
0.000299
0.000494
0.000077
0.000287
0.000016
0.000055
0.000038
0.000031
0.000015
0.000111
0.000093
0.000014
0.000006
0.000005
0.000001
0.000014
0.000004
0.000001
0.000014
0.000023
0.000000
0.000014
0.000000
0.000000
0.000000
0.000020
0.000001
0.000008
0.000000
0.000000
0.000000
0.000041
0.000007
0.000000
0.000000
0.000000
0.000000
0.000000
0.000000
0.000000
0.000000
0.000000
0.000000
0.000000
0.000003
0.000000
0.000000
0.000000
0.000000
0.000000
0.000001
0.000000
0.000000
0.000000
0.000000
0.000000
0.000000
0.000000
0.000000
0.000000
0.000000
0.000000
0.000000
0.000000
0.000000
0.000000
0.000000
0.000000
0.000000
0.000000
0.000000
0.000000
0.000000
0.000000
0.000000
0.000000
0.000000
0.000000
0.000000
0.000000
0.000000
0.000000
0.000000
0.000000
0.000000
0.000000
0.000000
0.000000
0.000000
0.000000
0.000000
0.000000
0.000000
0.000000
0.000000
0.000000
0.000000
0.000000
0.000000
0.000000
0.000000
0.000000
0.000000
0.000000
0.000000
0.000000
0.000000
0.000000
0.000000
0.000000
0.000000
0.000000
0.000000
0.000000
0.000000
0.000000
0.000000
0.000000
0.000000
0.000000
0.000000
0.000000
0.000000
0.000000
0.000000
0.000000
0.000000
0.000000
0.000000
0.000000
0.000000
0.000000
0.000000
0.000000
0.000000
0.000000
0.000000
0.000000
