71.055700
44.692400
857.310000
162.620000
75.175000
40.310000
22.237000
13.688000
10.266000
6.542600
4.776100
2.981500
2.232000
1.803000
1.339700
0.979960
0.689800
0.459940
0.350280
0.298080
0.250690
0.184480
0.165660
0.084935
0.069423
0.056058
0.040653
0.028879
0.016560
0.019197
0.012351
0.010061
0.015351
0.008526
0.004532
0.003234
0.002059
0.003625
0.001880
0.001821
0.001001
0.001095
0.000889
0.000887
0.000370
0.000253
0.000277
0.000097
0.000046
0.000295
0.000126
0.000212
0.000043
0.000061
0.000006
0.000028
0.000028
0.000002
0.000008
0.000033
0.000006
0.000023
0.000015
0.000000
0.000000
0.000000
0.000000
0.000001
0.000000
0.000000
0.000000
0.000000
0.000003
0.000002
0.000000
0.000000
0.000000
0.000000
0.000000
0.000000
0.000000
0.000000
0.000000
0.000000
0.000000
0.000000
0.000000
0.000000
0.000000
0.000000
0.000000
0.000000
0.000000
0.000000
0.000000
0.000000
0.000000
0.000000
0.000000
0.000000
0.000000
0.000000
0.000000
0.000000
0.000000
0.000000
0.000000
0.000000
0.000000
0.000000
0.000000
0.000000
0.000000
0.000000
0.000000
0.000000
0.000000
0.000000
0.000000
0.000000
0.000000
0.000000
0.000000
0.000000
0.000000
0.000000
0.000000
0.000000
0.000000
0.000000
0.000000
0.000000
0.000000
0.000000
0.000000
0.000000
0.000000
0.000000
0.000000
0.000000
0.000000
0.000000
0.000000
0.000000
0.000000
0.000000
0.000000
0.000000
0.000000
0.000000
0.000000
0.000000
0.000000
0.000000
0.000000
0.000000
0.000000
0.000000
0.000000
0.000000
0.000000
0.000000
0.000000
0.000000
0.000000
0.000000
0.000000
0.000000
0.000000
0.000000
0.000000
0.000000
0.000000
0.000000
0.000000
0.000000
0.000000
0.000000
0.000000
0.000000
0.000000
0.000000
0.000000
0.000000
0.000000
0.000000
0.000000
0.000000
0.000000
0.000000
0.000000
0.000000
0.000000
0.000000
0.000000
0.000000
0.000000
0.000000
0.000000
0.000000
0.000000
0.000000
