78.017400
13.223900
884.850000
168.480000
71.732000
37.884000
23.052000
15.591000
10.860000
7.529800
5.508000
4.246600
3.376800
2.526100
2.160800
1.548100
1.418600
1.089100
1.008100
0.744980
0.630250
0.535430
0.454340
0.368040
0.375120
0.272490
0.283880
0.231330
0.181060
0.169620
0.101590
0.136060
0.084775
0.082622
0.074945
0.052653
0.043241
0.029085
0.033644
0.031662
0.029915
0.019726
0.012464
0.012966
0.011645
0.009904
0.011843
0.008065
0.005390
0.002621
0.004216
0.004432
0.002676
0.004348
0.002221
0.002287
0.002329
0.002070
0.000928
0.001874
0.000829
0.000815
0.000450
0.000626
0.000706
0.001365
0.000765
0.000200
0.000170
0.000234
0.000026
0.000244
0.000176
0.000064
0.000132
0.000048
0.000135
0.000025
0.000001
0.000159
0.000045
0.000000
0.000025
0.000000
0.000017
0.000027
0.000000
0.000000
0.000006
0.000000
0.000000
0.000000
0.000000
0.000004
0.000045
0.000002
0.000000
0.000000
0.000004
0.000000
0.000000
0.000000
0.000000
0.000000
0.000000
0.000000
0.000000
0.000000
0.000000
0.000002
0.000000
0.000000
0.000000
0.000000
0.000000
0.000000
0.000000
0.000000
0.000000
0.000000
0.000000
0.000000
0.000000
0.000000
0.000000
0.000021
0.000000
0.000000
0.000000
0.000000
0.000000
0.000000
0.000000
0.000000
0.000000
0.000000
0.000000
0.000000
0.000000
0.000000
0.000000
0.000000
0.000000
0.000000
0.000000
0.000000
0.000000
0.000000
0.000000
0.000000
0.000000
0.000000
0.000000
0.000000
0.000000
0.000000
0.000000
0.000000
0.000000
0.000000
0.000000
0.000000
0.000000
0.000000
0.000000
0.000000
0.000000
0.000000
0.000000
0.000000
0.000000
0.000000
0.000000
0.000000
0.000000
0.000000
0.000000
0.000000
0.000000
0.000000
0.000000
0.000000
0.000000
0.000000
0.000000
0.000000
0.000000
0.000000
0.000000
0.000000
0.000000
0.000000
0.000000
0.000000
0.000000
0.000000
0.000000
0.000000
0.000000
0.000000
0.000000
0.000000
