80.994100
34.262400
821.940000
163.360000
62.994000
34.990000
19.867000
12.329000
8.564700
5.503500
4.028900
2.474700
2.015200
1.585200
1.123900
0.759140
0.546750
0.455660
0.367930
0.228940
0.211940
0.161450
0.141600
0.133870
0.076723
0.081810
0.062873
0.039739
0.039848
0.021960
0.017176
0.013676
0.014173
0.008897
0.005777
0.007914
0.002157
0.004986
0.002661
0.005005
0.001499
0.001294
0.000889
0.000847
0.000748
0.000583
0.001264
0.000710
0.000252
0.000251
0.000080
0.000059
0.000096
0.000045
0.000097
0.000080
0.000019
0.000044
0.000124
0.000007
0.000007
0.000004
0.000029
0.000011
0.000000
0.000006
0.000006
0.000027
0.000002
0.000002
0.000003
0.000001
0.000000
0.000000
0.000003
0.000081
0.000000
0.000000
0.000000
0.000000
0.000005
0.000000
0.000004
0.000002
0.000000
0.000000
0.000000
0.000000
0.000000
0.000000
0.000000
0.000000
0.000000
0.000000
0.000000
0.000000
0.000000
0.000000
0.000000
0.000000
0.000000
0.000000
0.000000
0.000000
0.000000
0.000000
0.000000
0.000000
0.000000
0.000000
0.000000
0.000000
0.000000
0.000000
0.000000
0.000000
0.000000
0.000000
0.000000
0.000000
0.000000
0.000000
0.000000
0.000000
0.000000
0.000000
0.000000
0.000000
0.000000
0.000000
0.000000
0.000000
0.000000
0.000000
0.000000
0.000000
0.000000
0.000000
0.000000
0.000000
0.000000
0.000000
0.000000
0.000000
0.000000
0.000000
0.000000
0.000000
0.000000
0.000000
0.000000
0.000000
0.000000
0.000000
0.000000
0.000000
0.000000
0.000000
0.000000
0.000000
0.000000
0.000000
0.000000
0.000000
0.000000
0.000000
0.000000
0.000000
0.000000
0.000000
0.000000
0.000000
0.000000
0.000000
0.000000
0.000000
0.000000
0.000000
0.000000
0.000000
0.000000
0.000000
0.000000
0.000000
0.000000
0.000000
0.000000
0.000000
0.000000
0.000000
0.000000
0.000000
0.000000
0.000000
0.000000
0.000000
0.000000
0.000000
0.000000
0.000000
0.000000
0.000000
