86.937800
11.356500
839.120000
143.690000
60.794000
31.927000
19.969000
12.976000
8.549500
6.739800
4.189300
3.403000
2.631600
2.161800
1.466000
1.362500
1.056500
0.822640
0.769730
0.724100
0.498970
0.451830
0.390950
0.235190
0.280570
0.227600
0.211800
0.155810
0.159580
0.150780
0.143970
0.117300
0.073634
0.077479
0.065036
0.055636
0.028697
0.030466
0.030023
0.025340
0.041352
0.024067
0.017904
0.008146
0.015039
0.008135
0.004196
0.005690
0.010075
0.008000
0.010142
0.000654
0.002054
0.001757
0.001422
0.001084
0.001578
0.001408
0.001655
0.001295
0.001372
0.000513
0.000300
0.000521
0.000467
0.001566
0.000600
0.000269
0.000083
0.000028
0.000215
0.000892
0.000351
0.000151
0.000082
0.000075
0.000358
0.000033
0.000020
0.000000
0.000025
0.000220
0.000028
0.000010
0.000000
0.000000
0.000060
0.000069
0.000102
0.000005
0.000005
0.000002
0.000007
0.000004
0.000000
0.000000
0.000002
0.000010
0.000000
0.000000
0.000000
0.000000
0.000000
0.000001
0.000000
0.000056
0.000000
0.000000
0.000000
0.000000
0.000000
0.000000
0.000000
0.000000
0.000000
0.000002
0.000000
0.000000
0.000000
0.000000
0.000000
0.000000
0.000000
0.000000
0.000001
0.000000
0.000000
0.000000
0.000000
0.000000
0.000000
0.000000
0.000000
0.000000
0.000000
0.000000
0.000000
0.000000
0.000000
0.000000
0.000000
0.000000
0.000000
0.000000
0.000000
0.000000
0.000000
0.000000
0.000000
0.000000
0.000000
0.000000
0.000000
0.000000
0.000000
0.000000
0.000000
0.000000
0.000000
0.000000
0.000000
0.000000
0.000000
0.000000
0.000000
0.000000
0.000000
0.000000
0.000000
0.000000
0.000000
0.000000
0.000000
0.000000
0.000000
0.000000
0.000000
0.000000
0.000000
0.000000
0.000000
0.000000
0.000000
0.000000
0.000000
0.000000
0.000000
0.000000
0.000000
0.000000
0.000000
0.000000
0.000000
0.000000
0.000000
0.000000
0.000000
0.000000
0.000000
0.000000
0.000000
0.000000
