43.129500
19.576600
950.650000
243.010000
110.290000
67.480000
46.053000
29.645000
21.972000
16.584000
12.643000
10.152000
8.499400
6.136900
5.359100
4.026000
3.336400
2.729200
2.066800
1.643000
1.432600
1.149200
1.029300
0.813700
0.706680
0.589360
0.494490
0.358870
0.322240
0.288050
0.259380
0.204350
0.166220
0.152680
0.115890
0.112230
0.072250
0.075024
0.060243
0.051749
0.036784
0.030243
0.030220
0.015326
0.028197
0.016489
0.011987
0.012470
0.009323
0.010297
0.009515
0.005053
0.003455
0.005644
0.004239
0.003918
0.002661
0.001584
0.004167
0.000618
0.000854
0.000886
0.001162
0.000921
0.000842
0.000514
0.000342
0.000059
0.000155
0.000469
0.000107
0.000292
0.000444
0.000606
0.000083
0.000069
0.000137
0.000019
0.000453
0.000030
0.000010
0.000000
0.000003
0.000009
0.000018
0.000002
0.000000
0.000047
0.000000
0.000000
0.000000
0.000004
0.000000
0.000000
0.000000
0.000000
0.000013
0.000000
0.000001
0.000072
0.000000
0.000000
0.000000
0.000000
0.000000
0.000000
0.000000
0.000000
0.000000
0.000000
0.000000
0.000000
0.000000
0.000000
0.000000
0.000000
0.000000
0.000000
0.000000
0.000000
0.000000
0.000000
0.000000
0.000000
0.000000
0.000000
0.000000
0.000000
0.000000
0.000000
0.000000
0.000000
0.000000
0.000000
0.000000
0.000000
0.000000
0.000000
0.000000
0.000000
0.000000
0.000000
0.000000
0.000000
0.000000
0.000000
0.000000
0.000000
0.000000
0.000000
0.000000
0.000000
0.000000
0.000000
0.000000
0.000000
0.000000
0.000000
0.000000
0.000000
0.000000
0.000000
0.000000
0.000000
0.000000
0.000000
0.000000
0.000000
0.000000
0.000000
0.000000
0.000000
0.000000
0.000000
0.000000
0.000000
0.000000
0.000000
0.000000
0.000000
0.000000
0.000000
0.000000
0.000000
0.000000
0.000000
0.000000
0.000000
0.000000
0.000000
0.000000
0.000000
0.000000
0.000000
0.000000
0.000000
0.000000
0.000000
0.000000
0.000000
0.000000
0.000000
