57.897700
31.857900
904.510000
183.760000
86.492000
51.443000
30.785000
20.755000
14.305000
10.196000
7.944400
5.580900
3.975500
3.498500
2.464100
1.990200
1.273800
1.008400
0.662600
0.654010
0.545380
0.405960
0.355820
0.268400
0.213550
0.170340
0.134190
0.131540
0.109790
0.066969
0.057880
0.049288
0.038984
0.026488
0.020531
0.023440
0.014102
0.010171
0.010320
0.006922
0.008760
0.009066
0.005399
0.002641
0.003979
0.002988
0.002625
0.001290
0.001035
0.001541
0.000647
0.001567
0.002137
0.000299
0.000352
0.000274
0.000573
0.000410
0.000200
0.000072
0.000043
0.000173
0.000028
0.000017
0.000030
0.000039
0.000026
0.000037
0.000029
0.000000
0.000000
0.000002
0.000003
0.000017
0.000000
0.000000
0.000000
0.000000
0.000000
0.000000
0.000003
0.000002
0.000000
0.000000
0.000000
0.000000
0.000000
0.000000
0.000000
0.000000
0.000000
0.000000
0.000000
0.000000
0.000000
0.000000
0.000000
0.000000
0.000000
0.000000
0.000000
0.000000
0.000000
0.000000
0.000000
0.000000
0.000000
0.000000
0.000000
0.000000
0.000000
0.000000
0.000000
0.000000
0.000000
0.000000
0.000000
0.000000
0.000000
0.000000
0.000000
0.000000
0.000000
0.000000
0.000000
0.000000
0.000000
0.000000
0.000000
0.000000
0.000000
0.000000
0.000000
0.000000
0.000000
0.000000
0.000000
0.000000
0.000000
0.000000
0.000000
0.000000
0.000000
0.000000
0.000000
0.000000
0.000000
0.000000
0.000000
0.000000
0.000000
0.000000
0.000000
0.000000
0.000000
0.000000
0.000000
0.000000
0.000000
0.000000
0.000000
0.000000
0.000000
0.000000
0.000000
0.000000
0.000000
0.000000
0.000000
0.000000
0.000000
0.000000
0.000000
0.000000
0.000000
0.000000
0.000000
0.000000
0.000000
0.000000
0.000000
0.000000
0.000000
0.000000
0.000000
0.000000
0.000000
0.000000
0.000000
0.000000
0.000000
0.000000
0.000000
0.000000
0.000000
0.000000
0.000000
0.000000
0.000000
0.000000
0.000000
0.000000
