40.879800
14.862000
1039.800000
232.570000
117.750000
72.927000
47.557000
35.286000
24.461000
19.797000
15.428000
11.496000
9.177900
7.553900
6.157600
4.684500
3.955400
3.793700
2.728200
2.478800
1.847600
1.772400
1.403000
1.281200
0.895710
0.842690
0.690020
0.564620
0.556230
0.434310
0.344790
0.250860
0.236470
0.238480
0.158840
0.199570
0.132840
0.105790
0.081137
0.075803
0.076550
0.079353
0.052385
0.052045
0.045682
0.031165
0.028627
0.019578
0.020142
0.018215
0.017586
0.014687
0.011143
0.011175
0.007031
0.006866
0.003663
0.004877
0.004341
0.003260
0.003340
0.004903
0.002064
0.001629
0.002106
0.000619
0.000845
0.000519
0.000815
0.000339
0.000386
0.000578
0.000148
0.000479
0.000235
0.000069
0.000312
0.000096
0.000379
0.000114
0.000026
0.000155
0.000059
0.000059
0.000052
0.000368
0.000164
0.000345
0.000040
0.000082
0.000006
0.000006
0.000167
0.000014
0.000014
0.000000
0.000000
0.000000
0.000006
0.000009
0.000019
0.000008
0.000012
0.000000
0.000000
0.000000
0.000000
0.000000
0.000000
0.000023
0.000001
0.000000
0.000000
0.000000
0.000000
0.000000
0.000000
0.000000
0.000000
0.000000
0.000000
0.000000
0.000000
0.000000
0.000000
0.000000
0.000000
0.000000
0.000000
0.000000
0.000000
0.000000
0.000000
0.000000
0.000000
0.000000
0.000000
0.000000
0.000000
0.000000
0.000000
0.000000
0.000000
0.000000
0.000000
0.000000
0.000000
0.000000
0.000000
0.000000
0.000000
0.000000
0.000000
0.000000
0.000000
0.000000
0.000000
0.000000
0.000000
0.000000
0.000000
0.000000
0.000000
0.000000
0.000000
0.000000
0.000000
0.000000
0.000000
0.000000
0.000000
0.000000
0.000000
0.000000
0.000000
0.000000
0.000000
0.000000
0.000000
0.000000
0.000000
0.000000
0.000000
0.000000
0.000000
0.000000
0.000000
0.000000
0.000000
0.000000
0.000000
0.000000
0.000000
0.000000
0.000000
0.000000
0.000000
0.000000
0.000000
0.000000
0.000000
0.000000
