72.309900
27.867400
843.920000
161.670000
69.900000
37.695000
24.742000
14.970000
10.011000
7.119700
5.541600
3.644100
2.697000
2.091200
1.686100
1.322300
1.066600
0.690050
0.628520
0.519990
0.405040
0.256570
0.286500
0.170840
0.153920
0.110490
0.111200
0.085187
0.064946
0.058612
0.045279
0.027222
0.031539
0.027560
0.022324
0.015728
0.012944
0.005844
0.007664
0.005600
0.008026
0.004909
0.002996
0.001785
0.002901
0.002702
0.001380
0.000932
0.001027
0.000639
0.000658
0.000695
0.001022
0.000125
0.000344
0.000080
0.000189
0.000005
0.000213
0.000068
0.000206
0.000028
0.000129
0.000180
0.000070
0.000052
0.000009
0.000017
0.000008
0.000010
0.000003
0.000000
0.000014
0.000005
0.000000
0.000005
0.000000
0.000009
0.000000
0.000000
0.000007
0.000000
0.000000
0.000001
0.000000
0.000000
0.000004
0.000000
0.000000
0.000000
0.000000
0.000000
0.000000
0.000000
0.000000
0.000000
0.000000
0.000000
0.000000
0.000000
0.000000
0.000000
0.000000
0.000000
0.000000
0.000000
0.000000
0.000000
0.000000
0.000000
0.000000
0.000000
0.000000
0.000000
0.000000
0.000000
0.000000
0.000000
0.000000
0.000000
0.000000
0.000000
0.000000
0.000000
0.000000
0.000000
0.000000
0.000000
0.000000
0.000000
0.000000
0.000000
0.000000
0.000000
0.000000
0.000000
0.000000
0.000000
0.000000
0.000000
0.000000
0.000000
0.000000
0.000000
0.000000
0.000000
0.000000
0.000000
0.000000
0.000000
0.000000
0.000000
0.000000
0.000000
0.000000
0.000000
0.000000
0.000000
0.000000
0.000000
0.000000
0.000000
0.000000
0.000000
0.000000
0.000000
0.000000
0.000000
0.000000
0.000000
0.000000
0.000000
0.000000
0.000000
0.000000
0.000000
0.000000
0.000000
0.000000
0.000000
0.000000
0.000000
0.000000
0.000000
0.000000
0.000000
0.000000
0.000000
0.000000
0.000000
0.000000
0.000000
0.000000
0.000000
0.000000
0.000000
0.000000
0.000000
0.000000
0.000000
0.000000
0.000000
