74.927600
28.507200
900.680000
164.360000
70.589000
34.720000
22.082000
15.045000
9.947200
6.732700
4.701500
3.453400
2.772600
1.877000
1.444600
1.144500
0.946520
0.686220
0.549460
0.486070
0.354380
0.277810
0.180270
0.169820
0.170940
0.087201
0.082914
0.053133
0.070821
0.071479
0.035215
0.035692
0.022619
0.018792
0.016396
0.014154
0.012749
0.009353
0.011320
0.005278
0.002879
0.004641
0.002740
0.001860
0.003138
0.001465
0.001406
0.000751
0.000616
0.000509
0.000274
0.000404
0.000229
0.000322
0.000052
0.000082
0.000184
0.000108
0.000200
0.000050
0.000201
0.000038
0.000040
0.000012
0.000005
0.000032
0.000022
0.000058
0.000000
0.000036
0.000000
0.000039
0.000000
0.000012
0.000044
0.000000
0.000016
0.000001
0.000000
0.000000
0.000002
0.000004
0.000000
0.000000
0.000000
0.000000
0.000003
0.000000
0.000000
0.000000
0.000000
0.000000
0.000000
0.000000
0.000000
0.000000
0.000000
0.000000
0.000000
0.000000
0.000000
0.000000
0.000000
0.000000
0.000000
0.000000
0.000000
0.000000
0.000000
0.000000
0.000000
0.000000
0.000000
0.000000
0.000000
0.000000
0.000000
0.000000
0.000000
0.000000
0.000000
0.000000
0.000000
0.000000
0.000000
0.000000
0.000000
0.000000
0.000000
0.000000
0.000000
0.000000
0.000000
0.000000
0.000000
0.000000
0.000000
0.000000
0.000000
0.000000
0.000000
0.000000
0.000000
0.000000
0.000000
0.000000
0.000000
0.000000
0.000000
0.000000
0.000000
0.000000
0.000000
0.000000
0.000000
0.000000
0.000000
0.000000
0.000000
0.000000
0.000000
0.000000
0.000000
0.000000
0.000000
0.000000
0.000000
0.000000
0.000000
0.000000
0.000000
0.000000
0.000000
0.000000
0.000000
0.000000
0.000000
0.000000
0.000000
0.000000
0.000000
0.000000
0.000000
0.000000
0.000000
0.000000
0.000000
0.000000
0.000000
0.000000
0.000000
0.000000
0.000000
0.000000
0.000000
0.000000
0.000000
0.000000
0.000000
0.000000
0.000000
0.000000
