54.147500
40.495300
886.470000
199.740000
93.572000
48.759000
33.361000
21.620000
14.506000
11.113000
7.024800
4.852100
4.544900
3.028700
2.374900
1.824900
1.402800
0.925330
0.775760
0.545070
0.446030
0.325120
0.275820
0.235270
0.174110
0.113370
0.117400
0.085746
0.053205
0.059150
0.039632
0.030325
0.024687
0.015468
0.016041
0.014516
0.014669
0.008872
0.007671
0.005518
0.004619
0.002274
0.003972
0.001800
0.000662
0.001186
0.000883
0.000656
0.001284
0.000550
0.000454
0.000149
0.000182
0.000129
0.000056
0.000176
0.000032
0.000035
0.000031
0.000039
0.000029
0.000016
0.000077
0.000043
0.000003
0.000000
0.000002
0.000000
0.000003
0.000000
0.000000
0.000000
0.000000
0.000000
0.000000
0.000000
0.000000
0.000000
0.000001
0.000000
0.000000
0.000000
0.000000
0.000000
0.000000
0.000000
0.000000
0.000000
0.000000
0.000000
0.000000
0.000000
0.000000
0.000001
0.000000
0.000000
0.000000
0.000000
0.000000
0.000000
0.000000
0.000000
0.000000
0.000000
0.000000
0.000000
0.000000
0.000000
0.000000
0.000000
0.000000
0.000000
0.000000
0.000000
0.000000
0.000000
0.000000
0.000000
0.000000
0.000000
0.000000
0.000000
0.000000
0.000000
0.000000
0.000000
0.000000
0.000000
0.000000
0.000000
0.000000
0.000000
0.000000
0.000000
0.000000
0.000000
0.000000
0.000000
0.000000
0.000000
0.000000
0.000000
0.000000
0.000000
0.000000
0.000000
0.000000
0.000000
0.000000
0.000000
0.000000
0.000000
0.000000
0.000000
0.000000
0.000000
0.000000
0.000000
0.000000
0.000000
0.000000
0.000000
0.000000
0.000000
0.000000
0.000000
0.000000
0.000000
0.000000
0.000000
0.000000
0.000000
0.000000
0.000000
0.000000
0.000000
0.000000
0.000000
0.000000
0.000000
0.000000
0.000000
0.000000
0.000000
0.000000
0.000000
0.000000
0.000000
0.000000
0.000000
0.000000
0.000000
0.000000
0.000000
0.000000
0.000000
0.000000
0.000000
0.000000
0.000000
0.000000
0.000000
