46.751100
14.592600
921.700000
214.230000
104.450000
62.261000
39.814000
29.137000
21.035000
16.728000
12.429000
10.565000
8.169300
6.485600
4.858900
4.221500
3.469300
2.656200
2.253300
2.292800
1.599500
1.181700
1.240700
0.938610
0.720780
0.683950
0.722060
0.587160
0.425290
0.321860
0.308760
0.283280
0.225740
0.173050
0.158150
0.109510
0.137820
0.097107
0.086215
0.097365
0.059969
0.062856
0.052343
0.034567
0.022913
0.028545
0.028048
0.015625
0.018900
0.023460
0.012037
0.010470
0.005055
0.007265
0.006740
0.007003
0.005986
0.005857
0.004223
0.003977
0.002379
0.002020
0.001359
0.001031
0.003293
0.000896
0.000748
0.001179
0.001062
0.000394
0.000640
0.000432
0.000040
0.000381
0.000043
0.000406
0.000409
0.000130
0.000102
0.000008
0.000113
0.000023
0.000057
0.000000
0.000005
0.000009
0.000083
0.000004
0.000042
0.000030
0.000010
0.000000
0.000156
0.000000
0.000002
0.000000
0.000003
0.000000
0.000000
0.000019
0.000000
0.000189
0.000006
0.000000
0.000000
0.000011
0.000000
0.000000
0.000000
0.000000
0.000000
0.000000
0.000000
0.000000
0.000000
0.000000
0.000000
0.000000
0.000000
0.000000
0.000000
0.000000
0.000000
0.000000
0.000000
0.000000
0.000000
0.000000
0.000000
0.000000
0.000000
0.000000
0.000000
0.000000
0.000000
0.000000
0.000000
0.000000
0.000000
0.000000
0.000000
0.000000
0.000000
0.000000
0.000000
0.000000
0.000000
0.000000
0.000000
0.000000
0.000000
0.000000
0.000000
0.000000
0.000000
0.000000
0.000000
0.000000
0.000000
0.000000
0.000000
0.000000
0.000000
0.000000
0.000000
0.000000
0.000000
0.000000
0.000000
0.000000
0.000000
0.000000
0.000000
0.000000
0.000000
0.000000
0.000000
0.000000
0.000000
0.000000
0.000000
0.000000
0.000000
0.000000
0.000000
0.000000
0.000000
0.000000
0.000000
0.000000
0.000000
0.000000
0.000000
0.000000
0.000000
0.000000
0.000000
0.000000
0.000000
0.000000
0.000000
0.000000
