69.876600
45.698200
880.120000
171.710000
70.913000
39.835000
23.035000
15.134000
9.945100
6.983600
5.118500
3.690100
2.276500
1.828900
1.294600
0.942230
0.661270
0.623800
0.434410
0.377990
0.215680
0.170610
0.150070
0.098665
0.067770
0.058989
0.037457
0.039025
0.026405
0.016198
0.030111
0.013968
0.007005
0.009622
0.006196
0.003645
0.002108
0.001260
0.001388
0.002092
0.000890
0.000678
0.000668
0.000304
0.000382
0.000254
0.000377
0.000318
0.000154
0.000039
0.000280
0.000015
0.000026
0.000069
0.000024
0.000010
0.000000
0.000007
0.000011
0.000017
0.000000
0.000005
0.000000
0.000012
0.000000
0.000006
0.000005
0.000001
0.000000
0.000002
0.000001
0.000000
0.000003
0.000000
0.000000
0.000000
0.000000
0.000000
0.000000
0.000000
0.000000
0.000000
0.000000
0.000000
0.000000
0.000000
0.000000
0.000000
0.000000
0.000000
0.000000
0.000000
0.000000
0.000000
0.000000
0.000000
0.000000
0.000000
0.000000
0.000000
0.000000
0.000000
0.000000
0.000000
0.000000
0.000000
0.000000
0.000000
0.000000
0.000000
0.000000
0.000000
0.000000
0.000000
0.000000
0.000000
0.000000
0.000000
0.000000
0.000000
0.000000
0.000000
0.000000
0.000000
0.000000
0.000000
0.000000
0.000000
0.000000
0.000000
0.000000
0.000000
0.000000
0.000000
0.000000
0.000000
0.000000
0.000000
0.000000
0.000000
0.000000
0.000000
0.000000
0.000000
0.000000
0.000000
0.000000
0.000000
0.000000
0.000000
0.000000
0.000000
0.000000
0.000000
0.000000
0.000000
0.000000
0.000000
0.000000
0.000000
0.000000
0.000000
0.000000
0.000000
0.000000
0.000000
0.000000
0.000000
0.000000
0.000000
0.000000
0.000000
0.000000
0.000000
0.000000
0.000000
0.000000
0.000000
0.000000
0.000000
0.000000
0.000000
0.000000
0.000000
0.000000
0.000000
0.000000
0.000000
0.000000
0.000000
0.000000
0.000000
0.000000
0.000000
0.000000
0.000000
0.000000
0.000000
0.000000
0.000000
0.000000
0.000000
