78.240800
12.541200
806.600000
169.040000
66.331000
37.432000
23.453000
13.983000
9.970000
7.722300
5.696000
4.288800
3.153600
2.486200
1.983400
1.618400
1.148200
1.204600
0.954130
0.826980
0.656750
0.549830
0.448380
0.383070
0.358300
0.282790
0.218260
0.223180
0.175470
0.130190
0.139960
0.101720
0.104530
0.093979
0.071858
0.054875
0.052433
0.046740
0.041946
0.028937
0.032296
0.024141
0.029928
0.007232
0.012920
0.007446
0.008895
0.006079
0.008288
0.007179
0.006107
0.008088
0.002779
0.002894
0.002419
0.003541
0.000787
0.000897
0.004109
0.000702
0.000645
0.001973
0.000375
0.001302
0.001997
0.000813
0.000502
0.000959
0.000539
0.001197
0.000267
0.000037
0.000400
0.000050
0.000008
0.000328
0.000078
0.000066
0.000022
0.000228
0.000017
0.000021
0.000058
0.000046
0.000005
0.000001
0.000007
0.000000
0.000001
0.000000
0.000012
0.000000
0.000000
0.000000
0.000028
0.000001
0.000000
0.000000
0.000000
0.000000
0.000000
0.000000
0.000000
0.000000
0.000000
0.000000
0.000000
0.000000
0.000000
0.000000
0.000000
0.000000
0.000000
0.000000
0.000000
0.000000
0.000000
0.000000
0.000000
0.000000
0.000000
0.000000
0.000000
0.000000
0.000000
0.000000
0.000000
0.000000
0.000000
0.000000
0.000000
0.000000
0.000000
0.000000
0.000000
0.000000
0.000000
0.000000
0.000000
0.000000
0.000000
0.000000
0.000000
0.000000
0.000000
0.000000
0.000000
0.000000
0.000000
0.000000
0.000000
0.000000
0.000000
0.000000
0.000000
0.000000
0.000000
0.000000
0.000000
0.000000
0.000000
0.000000
0.000000
0.000000
0.000000
0.000000
0.000000
0.000000
0.000000
0.000000
0.000000
0.000000
0.000000
0.000000
0.000000
0.000000
0.000000
0.000000
0.000000
0.000000
0.000000
0.000000
0.000000
0.000000
0.000000
0.000000
0.000000
0.000000
0.000000
0.000000
0.000000
0.000000
0.000000
0.000000
0.000000
0.000000
0.000000
0.000000
0.000000
0.000000
0.000000
0.000000
