79.440900
43.581000
882.330000
151.190000
67.974000
32.047000
21.189000
12.168000
8.230300
5.231800
3.738800
2.450900
1.884500
1.274500
0.952070
0.726310
0.490870
0.397130
0.294270
0.251910
0.155790
0.137350
0.083461
0.086380
0.049040
0.042083
0.028192
0.021159
0.014020
0.021409
0.012474
0.008148
0.005402
0.004420
0.005653
0.003432
0.003838
0.001298
0.001074
0.000967
0.001719
0.000478
0.000564
0.000248
0.000291
0.000385
0.000555
0.000178
0.000309
0.000069
0.000119
0.000050
0.000068
0.000038
0.000028
0.000005
0.000064
0.000033
0.000030
0.000004
0.000000
0.000000
0.000000
0.000007
0.000000
0.000004
0.000002
0.000000
0.000005
0.000000
0.000000
0.000000
0.000000
0.000000
0.000000
0.000000
0.000000
0.000000
0.000000
0.000000
0.000000
0.000000
0.000000
0.000000
0.000000
0.000000
0.000000
0.000000
0.000000
0.000000
0.000000
0.000000
0.000000
0.000000
0.000000
0.000000
0.000000
0.000000
0.000000
0.000000
0.000000
0.000000
0.000000
0.000000
0.000000
0.000000
0.000000
0.000000
0.000000
0.000000
0.000000
0.000000
0.000000
0.000000
0.000000
0.000000
0.000000
0.000000
0.000000
0.000000
0.000000
0.000000
0.000000
0.000000
0.000000
0.000000
0.000000
0.000000
0.000000
0.000000
0.000000
0.000000
0.000000
0.000000
0.000000
0.000000
0.000000
0.000000
0.000000
0.000000
0.000000
0.000000
0.000000
0.000000
0.000000
0.000000
0.000000
0.000000
0.000000
0.000000
0.000000
0.000000
0.000000
0.000000
0.000000
0.000000
0.000000
0.000000
0.000000
0.000000
0.000000
0.000000
0.000000
0.000000
0.000000
0.000000
0.000000
0.000000
0.000000
0.000000
0.000000
0.000000
0.000000
0.000000
0.000000
0.000000
0.000000
0.000000
0.000000
0.000000
0.000000
0.000000
0.000000
0.000000
0.000000
0.000000
0.000000
0.000000
0.000000
0.000000
0.000000
0.000000
0.000000
0.000000
0.000000
0.000000
0.000000
0.000000
0.000000
0.000000
0.000000
0.000000
