42.206400
36.105700
1006.800000
224.790000
112.280000
68.478000
40.430000
29.726000
20.477000
15.198000
10.805000
8.240300
6.635100
4.067800
3.875600
2.883700
2.237800
1.766300
1.274000
1.248100
0.829770
0.743570
0.537260
0.425160
0.303500
0.280440
0.218030
0.169970
0.157510
0.112850
0.081177
0.076111
0.061615
0.063731
0.049360
0.035034
0.021255
0.014681
0.011698
0.008486
0.009434
0.011159
0.004010
0.003216
0.005782
0.002096
0.003470
0.001447
0.002129
0.003162
0.001212
0.000863
0.000518
0.001447
0.000496
0.000679
0.000580
0.000253
0.000299
0.000181
0.000205
0.000018
0.000023
0.000040
0.000065
0.000224
0.000025
0.000057
0.000028
0.000004
0.000131
0.000026
0.000008
0.000006
0.000005
0.000002
0.000006
0.000002
0.000000
0.000000
0.000001
0.000000
0.000000
0.000000
0.000000
0.000000
0.000000
0.000000
0.000000
0.000000
0.000000
0.000000
0.000000
0.000000
0.000000
0.000000
0.000000
0.000000
0.000000
0.000000
0.000000
0.000000
0.000000
0.000000
0.000000
0.000000
0.000000
0.000000
0.000000
0.000000
0.000000
0.000000
0.000000
0.000000
0.000000
0.000000
0.000000
0.000000
0.000000
0.000000
0.000000
0.000000
0.000000
0.000000
0.000000
0.000000
0.000000
0.000000
0.000000
0.000000
0.000000
0.000000
0.000000
0.000000
0.000000
0.000000
0.000000
0.000000
0.000000
0.000000
0.000000
0.000000
0.000000
0.000000
0.000000
0.000000
0.000000
0.000000
0.000000
0.000000
0.000000
0.000000
0.000000
0.000000
0.000000
0.000000
0.000000
0.000000
0.000000
0.000000
0.000000
0.000000
0.000000
0.000000
0.000000
0.000000
0.000000
0.000000
0.000000
0.000000
0.000000
0.000000
0.000000
0.000000
0.000000
0.000000
0.000000
0.000000
0.000000
0.000000
0.000000
0.000000
0.000000
0.000000
0.000000
0.000000
0.000000
0.000000
0.000000
0.000000
0.000000
0.000000
0.000000
0.000000
0.000000
0.000000
0.000000
0.000000
0.000000
0.000000
0.000000
0.000000
