88.821000
25.776200
807.800000
139.180000
54.378000
32.457000
16.961000
10.322000
7.595500
5.356700
3.648500
2.680700
1.993000
1.354500
0.894420
0.825170
0.561980
0.534410
0.435200
0.299720
0.317400
0.204020
0.154370
0.147520
0.103720
0.072827
0.056519
0.060438
0.050566
0.071279
0.032089
0.021119
0.015949
0.021499
0.009023
0.010198
0.014076
0.008238
0.004030
0.003701
0.005147
0.002722
0.003076
0.001969
0.002716
0.002073
0.001533
0.002570
0.000543
0.001434
0.000574
0.000140
0.000212
0.000289
0.000400
0.000011
0.000110
0.000011
0.000041
0.000040
0.000120
0.000029
0.000030
0.000006
0.000019
0.000251
0.000009
0.000018
0.000001
0.000033
0.000000
0.000014
0.000011
0.000000
0.000030
0.000000
0.000072
0.000000
0.000000
0.000000
0.000003
0.000001
0.000000
0.000025
0.000000
0.000000
0.000000
0.000000
0.000003
0.000000
0.000000
0.000003
0.000000
0.000000
0.000000
0.000000
0.000000
0.000000
0.000000
0.000004
0.000000
0.000000
0.000000
0.000000
0.000000
0.000000
0.000000
0.000000
0.000000
0.000000
0.000000
0.000000
0.000000
0.000000
0.000000
0.000000
0.000000
0.000000
0.000000
0.000000
0.000000
0.000000
0.000000
0.000000
0.000000
0.000000
0.000000
0.000000
0.000000
0.000000
0.000000
0.000000
0.000000
0.000000
0.000000
0.000000
0.000000
0.000000
0.000000
0.000000
0.000000
0.000000
0.000000
0.000000
0.000000
0.000000
0.000000
0.000000
0.000000
0.000000
0.000000
0.000000
0.000000
0.000000
0.000000
0.000000
0.000000
0.000000
0.000000
0.000000
0.000000
0.000000
0.000000
0.000000
0.000000
0.000000
0.000000
0.000000
0.000000
0.000000
0.000000
0.000000
0.000000
0.000000
0.000000
0.000000
0.000000
0.000000
0.000000
0.000000
0.000000
0.000000
0.000000
0.000000
0.000000
0.000000
0.000000
0.000000
0.000000
0.000000
0.000000
0.000000
0.000000
0.000000
0.000000
0.000000
0.000000
0.000000
0.000000
0.000000
0.000000
0.000000
