54.433500
49.895700
966.170000
207.880000
94.407000
51.657000
30.695000
21.068000
13.767000
10.088000
6.405500
4.959300
3.539900
2.743800
1.775200
1.489400
1.172700
0.879390
0.643820
0.450800
0.422630
0.350810
0.185300
0.199800
0.114350
0.074272
0.078290
0.048320
0.036815
0.037969
0.024152
0.016369
0.013170
0.010060
0.007399
0.006409
0.002873
0.002392
0.002827
0.001781
0.002203
0.000854
0.000800
0.001429
0.000301
0.000279
0.000921
0.000177
0.000143
0.000194
0.000472
0.000121
0.000059
0.000027
0.000029
0.000017
0.000108
0.000002
0.000016
0.000002
0.000002
0.000015
0.000003
0.000000
0.000002
0.000003
0.000009
0.000000
0.000000
0.000000
0.000000
0.000000
0.000000
0.000000
0.000000
0.000000
0.000000
0.000000
0.000000
0.000000
0.000000
0.000000
0.000000
0.000000
0.000000
0.000000
0.000000
0.000000
0.000000
0.000000
0.000000
0.000000
0.000000
0.000000
0.000000
0.000000
0.000000
0.000000
0.000000
0.000000
0.000000
0.000000
0.000000
0.000000
0.000000
0.000000
0.000000
0.000000
0.000000
0.000000
0.000000
0.000000
0.000000
0.000000
0.000000
0.000000
0.000000
0.000000
0.000000
0.000000
0.000000
0.000000
0.000000
0.000000
0.000000
0.000000
0.000000
0.000000
0.000000
0.000000
0.000000
0.000000
0.000000
0.000000
0.000000
0.000000
0.000000
0.000000
0.000000
0.000000
0.000000
0.000000
0.000000
0.000000
0.000000
0.000000
0.000000
0.000000
0.000000
0.000000
0.000000
0.000000
0.000000
0.000000
0.000000
0.000000
0.000000
0.000000
0.000000
0.000000
0.000000
0.000000
0.000000
0.000000
0.000000
0.000000
0.000000
0.000000
0.000000
0.000000
0.000000
0.000000
0.000000
0.000000
0.000000
0.000000
0.000000
0.000000
0.000000
0.000000
0.000000
0.000000
0.000000
0.000000
0.000000
0.000000
0.000000
0.000000
0.000000
0.000000
0.000000
0.000000
0.000000
0.000000
0.000000
0.000000
0.000000
0.000000
0.000000
0.000000
0.000000
0.000000
