77.167500
23.027500
813.500000
166.180000
67.211000
35.909000
21.285000
13.671000
9.620600
6.920500
4.475500
3.313500
2.845200
2.295000
1.624300
1.235500
0.952330
0.737580
0.584660
0.502820
0.405740
0.342530
0.254410
0.242800
0.221350
0.134390
0.126180
0.111720
0.063508
0.049332
0.048764
0.036886
0.041591
0.036257
0.017714
0.029210
0.020237
0.013320
0.018871
0.009554
0.009842
0.007042
0.003643
0.002767
0.003532
0.003028
0.001091
0.002282
0.002000
0.000839
0.000506
0.001929
0.000762
0.000474
0.000479
0.000397
0.001098
0.000553
0.000710
0.000160
0.000168
0.000733
0.000240
0.000035
0.000053
0.000053
0.000150
0.000000
0.000027
0.000000
0.000015
0.000021
0.000003
0.000012
0.000008
0.000004
0.000012
0.000003
0.000004
0.000004
0.000000
0.000000
0.000000
0.000000
0.000010
0.000000
0.000000
0.000000
0.000003
0.000000
0.000000
0.000000
0.000000
0.000000
0.000000
0.000000
0.000000
0.000000
0.000001
0.000000
0.000000
0.000000
0.000000
0.000000
0.000000
0.000000
0.000000
0.000000
0.000000
0.000000
0.000000
0.000000
0.000000
0.000000
0.000000
0.000000
0.000000
0.000000
0.000000
0.000000
0.000000
0.000000
0.000000
0.000000
0.000000
0.000000
0.000000
0.000000
0.000000
0.000000
0.000000
0.000000
0.000000
0.000000
0.000000
0.000000
0.000000
0.000000
0.000000
0.000000
0.000000
0.000000
0.000000
0.000000
0.000000
0.000000
0.000000
0.000000
0.000000
0.000000
0.000000
0.000000
0.000000
0.000000
0.000000
0.000000
0.000000
0.000000
0.000000
0.000000
0.000000
0.000000
0.000000
0.000000
0.000000
0.000000
0.000000
0.000000
0.000000
0.000000
0.000000
0.000000
0.000000
0.000000
0.000000
0.000000
0.000000
0.000000
0.000000
0.000000
0.000000
0.000000
0.000000
0.000000
0.000000
0.000000
0.000000
0.000000
0.000000
0.000000
0.000000
0.000000
0.000000
0.000000
0.000000
0.000000
0.000000
0.000000
0.000000
0.000000
0.000000
0.000000
