62.132100
47.977800
889.050000
201.280000
87.385000
45.803000
27.572000
19.614000
12.065000
9.150400
5.611000
4.058400
3.112600
2.353000
1.586200
1.263100
0.841860
0.699190
0.549940
0.322060
0.284340
0.157360
0.172090
0.097803
0.082257
0.094856
0.051717
0.039071
0.025733
0.020961
0.018587
0.011274
0.014433
0.008154
0.004536
0.005380
0.004184
0.003757
0.003000
0.001204
0.001617
0.001086
0.000824
0.000809
0.000380
0.000500
0.000584
0.000099
0.000130
0.000118
0.000042
0.000029
0.000325
0.000059
0.000021
0.000013
0.000051
0.000253
0.000022
0.000018
0.000003
0.000001
0.000002
0.000011
0.000051
0.000000
0.000005
0.000000
0.000000
0.000000
0.000000
0.000004
0.000000
0.000000
0.000000
0.000000
0.000000
0.000000
0.000000
0.000000
0.000000
0.000000
0.000000
0.000000
0.000000
0.000000
0.000000
0.000000
0.000000
0.000000
0.000000
0.000000
0.000000
0.000000
0.000000
0.000000
0.000000
0.000000
0.000000
0.000000
0.000000
0.000000
0.000000
0.000000
0.000000
0.000000
0.000000
0.000000
0.000000
0.000000
0.000000
0.000000
0.000000
0.000000
0.000000
0.000000
0.000000
0.000000
0.000000
0.000000
0.000000
0.000000
0.000000
0.000000
0.000000
0.000000
0.000000
0.000000
0.000000
0.000000
0.000000
0.000000
0.000000
0.000000
0.000000
0.000000
0.000000
0.000000
0.000000
0.000000
0.000000
0.000000
0.000000
0.000000
0.000000
0.000000
0.000000
0.000000
0.000000
0.000000
0.000000
0.000000
0.000000
0.000000
0.000000
0.000000
0.000000
0.000000
0.000000
0.000000
0.000000
0.000000
0.000000
0.000000
0.000000
0.000000
0.000000
0.000000
0.000000
0.000000
0.000000
0.000000
0.000000
0.000000
0.000000
0.000000
0.000000
0.000000
0.000000
0.000000
0.000000
0.000000
0.000000
0.000000
0.000000
0.000000
0.000000
0.000000
0.000000
0.000000
0.000000
0.000000
0.000000
0.000000
0.000000
0.000000
0.000000
0.000000
0.000000
0.000000
0.000000
0.000000
