60.979100
32.184400
879.970000
180.750000
84.414000
46.795000
26.907000
19.182000
13.006000
9.854900
6.761000
4.483000
3.823100
2.771100
2.028900
1.522800
1.251200
0.972710
0.736320
0.610130
0.439870
0.333700
0.312170
0.213450
0.184930
0.177450
0.113960
0.095351
0.077957
0.076988
0.056344
0.044013
0.035918
0.033195
0.024331
0.017105
0.010343
0.011098
0.006456
0.007987
0.008267
0.003981
0.001484
0.003197
0.001927
0.002029
0.000629
0.000652
0.001648
0.001238
0.000368
0.000229
0.000254
0.000118
0.000407
0.000134
0.000374
0.000106
0.000227
0.000048
0.000160
0.000072
0.000132
0.000043
0.000038
0.000007
0.000012
0.000005
0.000012
0.000016
0.000009
0.000009
0.000000
0.000002
0.000000
0.000000
0.000000
0.000003
0.000006
0.000000
0.000000
0.000000
0.000003
0.000000
0.000000
0.000000
0.000000
0.000000
0.000001
0.000000
0.000000
0.000000
0.000000
0.000000
0.000000
0.000000
0.000000
0.000000
0.000000
0.000000
0.000000
0.000000
0.000000
0.000000
0.000000
0.000000
0.000000
0.000000
0.000000
0.000000
0.000000
0.000000
0.000000
0.000000
0.000000
0.000000
0.000000
0.000000
0.000000
0.000000
0.000000
0.000000
0.000000
0.000000
0.000000
0.000000
0.000000
0.000000
0.000000
0.000000
0.000000
0.000000
0.000000
0.000000
0.000000
0.000000
0.000000
0.000000
0.000000
0.000000
0.000000
0.000000
0.000000
0.000000
0.000000
0.000000
0.000000
0.000000
0.000000
0.000000
0.000000
0.000000
0.000000
0.000000
0.000000
0.000000
0.000000
0.000000
0.000000
0.000000
0.000000
0.000000
0.000000
0.000000
0.000000
0.000000
0.000000
0.000000
0.000000
0.000000
0.000000
0.000000
0.000000
0.000000
0.000000
0.000000
0.000000
0.000000
0.000000
0.000000
0.000000
0.000000
0.000000
0.000000
0.000000
0.000000
0.000000
0.000000
0.000000
0.000000
0.000000
0.000000
0.000000
0.000000
0.000000
0.000000
0.000000
0.000000
0.000000
0.000000
0.000000
0.000000
