48.729600
30.272000
925.040000
228.110000
103.680000
57.131000
38.207000
26.296000
19.314000
14.077000
10.165000
7.900300
5.307700
4.412700
3.358300
2.355800
2.135200
1.797000
1.202900
0.913280
0.892660
0.642580
0.588000
0.400310
0.313870
0.265660
0.210560
0.166020
0.173790
0.108480
0.096683
0.077164
0.059994
0.062126
0.046743
0.027427
0.024120
0.032171
0.013075
0.016677
0.018388
0.013961
0.006870
0.006126
0.004348
0.004506
0.003920
0.002700
0.001082
0.002628
0.001457
0.001136
0.000939
0.000367
0.000482
0.000327
0.000220
0.000376
0.000405
0.000212
0.000076
0.000202
0.000140
0.000036
0.000017
0.000201
0.000034
0.000188
0.000095
0.000017
0.000033
0.000012
0.000074
0.000007
0.000015
0.000012
0.000007
0.000009
0.000011
0.000000
0.000000
0.000008
0.000000
0.000000
0.000000
0.000003
0.000011
0.000002
0.000002
0.000000
0.000000
0.000001
0.000000
0.000000
0.000012
0.000000
0.000000
0.000000
0.000000
0.000000
0.000000
0.000000
0.000000
0.000000
0.000000
0.000000
0.000000
0.000000
0.000001
0.000000
0.000000
0.000000
0.000000
0.000000
0.000000
0.000000
0.000000
0.000000
0.000000
0.000000
0.000000
0.000000
0.000000
0.000000
0.000000
0.000000
0.000000
0.000000
0.000000
0.000000
0.000000
0.000000
0.000000
0.000000
0.000000
0.000000
0.000000
0.000000
0.000000
0.000000
0.000000
0.000000
0.000000
0.000000
0.000000
0.000000
0.000000
0.000000
0.000000
0.000000
0.000000
0.000000
0.000000
0.000000
0.000000
0.000000
0.000000
0.000000
0.000000
0.000000
0.000000
0.000000
0.000000
0.000000
0.000000
0.000000
0.000000
0.000000
0.000000
0.000000
0.000000
0.000000
0.000000
0.000000
0.000000
0.000000
0.000000
0.000000
0.000000
0.000000
0.000000
0.000000
0.000000
0.000000
0.000000
0.000000
0.000000
0.000000
0.000000
0.000000
0.000000
0.000000
0.000000
0.000000
0.000000
0.000000
0.000000
0.000000
0.000000
0.000000
0.000000
0.000000
