54.826100
20.558800
904.010000
206.200000
89.978000
50.484000
34.212000
23.128000
15.746000
13.757000
9.238800
7.301200
5.696300
3.947600
3.240600
2.502800
2.286600
1.880100
1.538900
1.180400
0.816600
0.774600
0.544600
0.495490
0.407640
0.353810
0.234130
0.209760
0.194240
0.147690
0.160770
0.124970
0.090876
0.091479
0.076772
0.052629
0.041926
0.022722
0.028383
0.031663
0.017467
0.014544
0.016095
0.013609
0.006774
0.007971
0.011160
0.013133
0.007824
0.002883
0.004254
0.003400
0.005215
0.000712
0.001138
0.001572
0.001956
0.000793
0.000452
0.000696
0.000262
0.000734
0.000952
0.000511
0.000126
0.000076
0.000183
0.000197
0.000022
0.000085
0.000178
0.000127
0.000035
0.000142
0.000008
0.000000
0.000008
0.000082
0.000011
0.000025
0.000008
0.000008
0.000037
0.000000
0.000016
0.000001
0.000000
0.000006
0.000007
0.000000
0.000000
0.000000
0.000003
0.000000
0.000000
0.000000
0.000000
0.000000
0.000000
0.000000
0.000000
0.000000
0.000000
0.000000
0.000000
0.000000
0.000000
0.000000
0.000000
0.000000
0.000000
0.000000
0.000000
0.000000
0.000000
0.000000
0.000000
0.000000
0.000000
0.000000
0.000000
0.000000
0.000000
0.000000
0.000000
0.000000
0.000000
0.000000
0.000000
0.000000
0.000000
0.000000
0.000000
0.000000
0.000000
0.000000
0.000000
0.000000
0.000000
0.000000
0.000000
0.000000
0.000000
0.000000
0.000000
0.000000
0.000000
0.000000
0.000000
0.000000
0.000000
0.000000
0.000000
0.000000
0.000000
0.000000
0.000000
0.000000
0.000000
0.000000
0.000000
0.000000
0.000000
0.000000
0.000000
0.000000
0.000000
0.000000
0.000000
0.000000
0.000000
0.000000
0.000000
0.000000
0.000000
0.000000
0.000000
0.000000
0.000000
0.000000
0.000000
0.000000
0.000000
0.000000
0.000000
0.000000
0.000000
0.000000
0.000000
0.000000
0.000000
0.000000
0.000000
0.000000
0.000000
0.000000
0.000000
0.000000
0.000000
0.000000
0.000000
0.000000
