57.561600
14.668900
931.960000
195.020000
95.612000
50.885000
34.504000
22.102000
16.899000
12.446000
8.577100
7.199400
5.786800
4.599700
3.635500
3.043100
2.647400
1.959400
1.683400
1.287900
1.232300
1.083200
0.895670
0.685020
0.585920
0.506410
0.395060
0.325110
0.318500
0.247510
0.163180
0.185760
0.151040
0.130560
0.094034
0.081402
0.063236
0.070384
0.068175
0.047713
0.039103
0.033934
0.033473
0.029283
0.011363
0.016869
0.017416
0.022767
0.016848
0.005871
0.007600
0.007424
0.006932
0.003218
0.004377
0.003706
0.002074
0.002444
0.002550
0.001956
0.001083
0.001426
0.001201
0.000824
0.000698
0.000919
0.000210
0.000920
0.000593
0.000283
0.000194
0.000048
0.000405
0.000563
0.000245
0.000002
0.000142
0.000009
0.000102
0.000036
0.000439
0.000028
0.000008
0.000072
0.000013
0.000071
0.000069
0.000022
0.000008
0.000005
0.000173
0.000010
0.000003
0.000000
0.000000
0.000000
0.000000
0.000106
0.000000
0.000041
0.000009
0.000000
0.000000
0.000000
0.000000
0.000000
0.000000
0.000000
0.000000
0.000000
0.000000
0.000000
0.000001
0.000000
0.000001
0.000000
0.000000
0.000000
0.000000
0.000000
0.000000
0.000000
0.000000
0.000000
0.000000
0.000000
0.000000
0.000000
0.000000
0.000000
0.000000
0.000000
0.000000
0.000000
0.000000
0.000000
0.000000
0.000000
0.000000
0.000000
0.000000
0.000000
0.000000
0.000000
0.000000
0.000000
0.000000
0.000000
0.000000
0.000000
0.000000
0.000000
0.000000
0.000000
0.000000
0.000000
0.000000
0.000000
0.000000
0.000000
0.000000
0.000000
0.000000
0.000000
0.000000
0.000000
0.000000
0.000000
0.000000
0.000000
0.000000
0.000000
0.000000
0.000000
0.000000
0.000000
0.000000
0.000000
0.000000
0.000000
0.000000
0.000000
0.000000
0.000000
0.000000
0.000000
0.000000
0.000000
0.000000
0.000000
0.000000
0.000000
0.000000
0.000000
0.000000
0.000000
0.000000
0.000000
0.000000
0.000000
0.000000
0.000000
