42.285100
49.221000
990.640000
240.610000
112.000000
63.340000
39.841000
27.256000
19.011000
13.794000
9.910600
7.291800
5.513100
4.180800
3.277900
2.424000
1.885900
1.409800
0.986390
0.844440
0.641470
0.458650
0.394970
0.235560
0.207500
0.152490
0.193180
0.148620
0.091701
0.055878
0.037344
0.038368
0.027450
0.020786
0.012038
0.017869
0.011634
0.011348
0.004810
0.007370
0.002354
0.005873
0.002226
0.003758
0.001941
0.000971
0.001433
0.000399
0.001138
0.000199
0.000626
0.000580
0.000644
0.000086
0.000037
0.000109
0.000053
0.000041
0.000017
0.000034
0.000004
0.000011
0.000024
0.000065
0.000004
0.000117
0.000006
0.000003
0.000000
0.000009
0.000000
0.000000
0.000004
0.000000
0.000007
0.000000
0.000001
0.000003
0.000000
0.000000
0.000000
0.000000
0.000000
0.000000
0.000000
0.000000
0.000000
0.000000
0.000000
0.000000
0.000000
0.000000
0.000000
0.000000
0.000000
0.000000
0.000000
0.000000
0.000000
0.000000
0.000000
0.000000
0.000000
0.000000
0.000000
0.000000
0.000000
0.000000
0.000000
0.000000
0.000000
0.000000
0.000000
0.000000
0.000000
0.000000
0.000000
0.000000
0.000000
0.000000
0.000000
0.000000
0.000000
0.000000
0.000000
0.000000
0.000000
0.000000
0.000000
0.000000
0.000000
0.000000
0.000000
0.000000
0.000000
0.000000
0.000000
0.000000
0.000000
0.000000
0.000000
0.000000
0.000000
0.000000
0.000000
0.000000
0.000000
0.000000
0.000000
0.000000
0.000000
0.000000
0.000000
0.000000
0.000000
0.000000
0.000000
0.000000
0.000000
0.000000
0.000000
0.000000
0.000000
0.000000
0.000000
0.000000
0.000000
0.000000
0.000000
0.000000
0.000000
0.000000
0.000000
0.000000
0.000000
0.000000
0.000000
0.000000
0.000000
0.000000
0.000000
0.000000
0.000000
0.000000
0.000000
0.000000
0.000000
0.000000
0.000000
0.000000
0.000000
0.000000
0.000000
0.000000
0.000000
0.000000
0.000000
0.000000
0.000000
0.000000
0.000000
0.000000
