84.569300
37.248700
813.420000
151.810000
64.170000
28.935000
18.306000
11.852000
7.895100
4.722900
3.597700
2.467800
1.627000
1.335600
0.883260
0.817500
0.490200
0.358540
0.303270
0.221220
0.231470
0.110470
0.111440
0.086594
0.059472
0.043010
0.032363
0.028015
0.018590
0.024040
0.015719
0.011986
0.007292
0.005104
0.008270
0.004463
0.003316
0.005288
0.001506
0.001328
0.000972
0.000545
0.001667
0.000879
0.001448
0.000766
0.000177
0.000388
0.000207
0.000202
0.000204
0.000059
0.000055
0.000027
0.000115
0.000104
0.000013
0.000031
0.000020
0.000010
0.000008
0.000036
0.000008
0.000000
0.000000
0.000002
0.000005
0.000000
0.000000
0.000000
0.000002
0.000000
0.000000
0.000000
0.000000
0.000000
0.000000
0.000000
0.000000
0.000000
0.000000
0.000000
0.000000
0.000000
0.000000
0.000000
0.000000
0.000000
0.000000
0.000000
0.000000
0.000000
0.000000
0.000000
0.000000
0.000000
0.000000
0.000000
0.000000
0.000000
0.000000
0.000000
0.000000
0.000000
0.000000
0.000000
0.000000
0.000000
0.000000
0.000000
0.000000
0.000000
0.000000
0.000000
0.000000
0.000000
0.000000
0.000000
0.000000
0.000000
0.000000
0.000000
0.000000
0.000000
0.000000
0.000000
0.000000
0.000000
0.000000
0.000000
0.000000
0.000000
0.000000
0.000000
0.000000
0.000000
0.000000
0.000000
0.000000
0.000000
0.000000
0.000000
0.000000
0.000000
0.000000
0.000000
0.000000
0.000000
0.000000
0.000000
0.000000
0.000000
0.000000
0.000000
0.000000
0.000000
0.000000
0.000000
0.000000
0.000000
0.000000
0.000000
0.000000
0.000000
0.000000
0.000000
0.000000
0.000000
0.000000
0.000000
0.000000
0.000000
0.000000
0.000000
0.000000
0.000000
0.000000
0.000000
0.000000
0.000000
0.000000
0.000000
0.000000
0.000000
0.000000
0.000000
0.000000
0.000000
0.000000
0.000000
0.000000
0.000000
0.000000
0.000000
0.000000
0.000000
0.000000
0.000000
0.000000
0.000000
0.000000
0.000000
