64.851000
14.390200
862.150000
176.950000
85.038000
47.090000
27.507000
18.114000
14.105000
10.078000
7.456200
6.165300
4.553200
3.542200
2.998100
2.272500
2.130800
1.648000
1.192300
1.059400
0.824930
0.666750
0.655900
0.532370
0.485470
0.415850
0.273940
0.237460
0.219780
0.193630
0.213150
0.125940
0.135440
0.112110
0.090000
0.064036
0.060654
0.052114
0.047204
0.038829
0.044581
0.026314
0.018284
0.018006
0.020371
0.020280
0.017332
0.010146
0.010946
0.011597
0.006986
0.003575
0.006295
0.004842
0.003852
0.000397
0.003436
0.002028
0.001226
0.000579
0.000708
0.002070
0.000882
0.000666
0.001062
0.000937
0.000212
0.000651
0.000247
0.000249
0.000027
0.000046
0.000423
0.000094
0.000284
0.000037
0.000094
0.000081
0.000296
0.000040
0.000027
0.000147
0.000081
0.000013
0.000012
0.000024
0.000064
0.000020
0.000009
0.000238
0.000017
0.000004
0.000307
0.000012
0.000000
0.000000
0.000008
0.000000
0.000000
0.000000
0.000000
0.000011
0.000000
0.000000
0.000000
0.000000
0.000000
0.000000
0.000000
0.000000
0.000000
0.000000
0.000000
0.000000
0.000000
0.000000
0.000000
0.000000
0.000000
0.000000
0.000000
0.000000
0.000000
0.000000
0.000000
0.000000
0.000000
0.000000
0.000000
0.000000
0.000000
0.000000
0.000000
0.000000
0.000000
0.000000
0.000000
0.000000
0.000000
0.000000
0.000000
0.000000
0.000000
0.000000
0.000000
0.000000
0.000000
0.000000
0.000000
0.000000
0.000000
0.000000
0.000000
0.000000
0.000000
0.000000
0.000000
0.000000
0.000000
0.000000
0.000000
0.000000
0.000000
0.000000
0.000000
0.000000
0.000000
0.000000
0.000000
0.000000
0.000000
0.000000
0.000000
0.000000
0.000000
0.000000
0.000000
0.000000
0.000000
0.000000
0.000000
0.000000
0.000000
0.000000
0.000000
0.000000
0.000000
0.000000
0.000000
0.000000
0.000000
0.000000
0.000000
0.000000
0.000000
0.000000
0.000000
0.000000
0.000000
0.000000
0.000000
0.000000
