57.175000
55.423900
916.910000
194.520000
84.125000
48.955000
27.200000
20.300000
13.020000
9.317100
6.377300
4.576600
3.219800
2.253300
1.928700
1.449800
0.879870
0.651050
0.485040
0.361040
0.284400
0.167590
0.173460
0.119490
0.098405
0.080373
0.040848
0.036829
0.036287
0.022469
0.012924
0.015426
0.009265
0.004776
0.006535
0.003945
0.004031
0.001333
0.002447
0.002814
0.001409
0.000568
0.000768
0.000469
0.000742
0.000387
0.000098
0.000366
0.000062
0.000116
0.000011
0.000022
0.000086
0.000007
0.000029
0.000019
0.000004
0.000008
0.000010
0.000002
0.000000
0.000000
0.000000
0.000002
0.000002
0.000000
0.000002
0.000000
0.000002
0.000000
0.000000
0.000000
0.000000
0.000000
0.000000
0.000000
0.000000
0.000000
0.000000
0.000000
0.000000
0.000000
0.000000
0.000000
0.000000
0.000000
0.000000
0.000000
0.000000
0.000000
0.000000
0.000000
0.000000
0.000000
0.000000
0.000000
0.000000
0.000000
0.000000
0.000000
0.000000
0.000000
0.000000
0.000000
0.000000
0.000000
0.000000
0.000000
0.000000
0.000000
0.000000
0.000000
0.000000
0.000000
0.000000
0.000000
0.000000
0.000000
0.000000
0.000000
0.000000
0.000000
0.000000
0.000000
0.000000
0.000000
0.000000
0.000000
0.000000
0.000000
0.000000
0.000000
0.000000
0.000000
0.000000
0.000000
0.000000
0.000000
0.000000
0.000000
0.000000
0.000000
0.000000
0.000000
0.000000
0.000000
0.000000
0.000000
0.000000
0.000000
0.000000
0.000000
0.000000
0.000000
0.000000
0.000000
0.000000
0.000000
0.000000
0.000000
0.000000
0.000000
0.000000
0.000000
0.000000
0.000000
0.000000
0.000000
0.000000
0.000000
0.000000
0.000000
0.000000
0.000000
0.000000
0.000000
0.000000
0.000000
0.000000
0.000000
0.000000
0.000000
0.000000
0.000000
0.000000
0.000000
0.000000
0.000000
0.000000
0.000000
0.000000
0.000000
0.000000
0.000000
0.000000
0.000000
0.000000
0.000000
0.000000
0.000000
0.000000
0.000000
