47.582000
30.994600
929.890000
224.810000
108.540000
56.367000
39.544000
26.363000
17.662000
12.815000
9.684900
7.931900
5.289800
4.119600
3.367000
2.690400
2.193500
1.435900
1.268900
0.963940
0.822500
0.628140
0.453640
0.438390
0.351770
0.318490
0.207440
0.152720
0.167840
0.129520
0.092447
0.083551
0.073874
0.045796
0.050990
0.031133
0.034058
0.017509
0.014799
0.016262
0.012558
0.006098
0.016318
0.007691
0.003727
0.004356
0.003544
0.001844
0.002049
0.001160
0.000601
0.002316
0.001035
0.000516
0.000515
0.000323
0.000354
0.000189
0.000200
0.000399
0.000329
0.000133
0.000065
0.000034
0.000092
0.000069
0.000103
0.000012
0.000021
0.000044
0.000018
0.000018
0.000047
0.000001
0.000004
0.000002
0.000005
0.000003
0.000003
0.000000
0.000000
0.000000
0.000000
0.000000
0.000000
0.000000
0.000000
0.000002
0.000000
0.000000
0.000000
0.000000
0.000000
0.000000
0.000000
0.000000
0.000000
0.000000
0.000000
0.000000
0.000000
0.000000
0.000000
0.000000
0.000000
0.000000
0.000000
0.000000
0.000000
0.000000
0.000000
0.000000
0.000000
0.000000
0.000000
0.000000
0.000000
0.000000
0.000000
0.000000
0.000000
0.000000
0.000000
0.000000
0.000000
0.000000
0.000000
0.000000
0.000000
0.000000
0.000000
0.000000
0.000000
0.000000
0.000000
0.000000
0.000000
0.000000
0.000000
0.000000
0.000000
0.000000
0.000000
0.000000
0.000000
0.000000
0.000000
0.000000
0.000000
0.000000
0.000000
0.000000
0.000000
0.000000
0.000000
0.000000
0.000000
0.000000
0.000000
0.000000
0.000000
0.000000
0.000000
0.000000
0.000000
0.000000
0.000000
0.000000
0.000000
0.000000
0.000000
0.000000
0.000000
0.000000
0.000000
0.000000
0.000000
0.000000
0.000000
0.000000
0.000000
0.000000
0.000000
0.000000
0.000000
0.000000
0.000000
0.000000
0.000000
0.000000
0.000000
0.000000
0.000000
0.000000
0.000000
0.000000
0.000000
0.000000
0.000000
0.000000
0.000000
0.000000
