70.953200
36.196800
846.170000
170.680000
68.950000
40.585000
24.256000
15.818000
9.746900
7.239100
5.158600
3.386900
2.675800
1.669800
1.522700
0.977810
0.880290
0.704180
0.449520
0.401890
0.348640
0.239880
0.140010
0.124410
0.116880
0.094154
0.069060
0.046769
0.033505
0.044106
0.024777
0.020312
0.013108
0.015796
0.012657
0.007770
0.009033
0.006911
0.003570
0.002188
0.001765
0.002663
0.001665
0.001656
0.001551
0.001171
0.000359
0.000417
0.000233
0.000586
0.000265
0.000032
0.000201
0.000100
0.000023
0.000537
0.000687
0.000011
0.000064
0.000059
0.000195
0.000114
0.000131
0.000007
0.000026
0.000005
0.000002
0.000010
0.000001
0.000000
0.000017
0.000000
0.000000
0.000000
0.000000
0.000002
0.000000
0.000000
0.000001
0.000000
0.000000
0.000000
0.000000
0.000000
0.000000
0.000000
0.000001
0.000000
0.000000
0.000000
0.000000
0.000000
0.000000
0.000000
0.000000
0.000000
0.000000
0.000000
0.000000
0.000000
0.000000
0.000000
0.000000
0.000000
0.000000
0.000000
0.000000
0.000000
0.000000
0.000000
0.000000
0.000000
0.000000
0.000000
0.000000
0.000000
0.000000
0.000000
0.000000
0.000000
0.000000
0.000000
0.000000
0.000000
0.000000
0.000000
0.000000
0.000000
0.000000
0.000000
0.000000
0.000000
0.000000
0.000000
0.000000
0.000000
0.000000
0.000000
0.000000
0.000000
0.000000
0.000000
0.000000
0.000000
0.000000
0.000000
0.000000
0.000000
0.000000
0.000000
0.000000
0.000000
0.000000
0.000000
0.000000
0.000000
0.000000
0.000000
0.000000
0.000000
0.000000
0.000000
0.000000
0.000000
0.000000
0.000000
0.000000
0.000000
0.000000
0.000000
0.000000
0.000000
0.000000
0.000000
0.000000
0.000000
0.000000
0.000000
0.000000
0.000000
0.000000
0.000000
0.000000
0.000000
0.000000
0.000000
0.000000
0.000000
0.000000
0.000000
0.000000
0.000000
0.000000
0.000000
0.000000
0.000000
0.000000
0.000000
0.000000
0.000000
0.000000
0.000000
