67.837800
38.642000
866.970000
180.740000
73.244000
39.320000
24.317000
15.733000
10.748000
7.689700
5.438900
4.156500
2.848600
2.025200
1.614100
1.021300
0.747580
0.524200
0.505480
0.391900
0.310510
0.226170
0.160350
0.149130
0.103270
0.080611
0.068862
0.054049
0.036773
0.030040
0.026377
0.017276
0.014090
0.006614
0.006758
0.005702
0.004616
0.004948
0.004275
0.002057
0.001951
0.000824
0.002657
0.001213
0.001551
0.000735
0.000410
0.000829
0.000444
0.000233
0.000447
0.000145
0.000185
0.000160
0.000134
0.000019
0.000114
0.000046
0.000000
0.000083
0.000037
0.000059
0.000000
0.000033
0.000000
0.000000
0.000004
0.000000
0.000000
0.000000
0.000000
0.000000
0.000002
0.000000
0.000002
0.000000
0.000000
0.000000
0.000000
0.000000
0.000000
0.000000
0.000000
0.000000
0.000000
0.000000
0.000000
0.000000
0.000000
0.000000
0.000000
0.000000
0.000000
0.000000
0.000000
0.000000
0.000000
0.000000
0.000000
0.000000
0.000000
0.000000
0.000000
0.000000
0.000000
0.000000
0.000000
0.000000
0.000000
0.000000
0.000000
0.000000
0.000000
0.000000
0.000000
0.000000
0.000000
0.000000
0.000000
0.000000
0.000000
0.000000
0.000000
0.000000
0.000000
0.000000
0.000000
0.000000
0.000000
0.000000
0.000000
0.000000
0.000000
0.000000
0.000000
0.000000
0.000000
0.000000
0.000000
0.000000
0.000000
0.000000
0.000000
0.000000
0.000000
0.000000
0.000000
0.000000
0.000000
0.000000
0.000000
0.000000
0.000000
0.000000
0.000000
0.000000
0.000000
0.000000
0.000000
0.000000
0.000000
0.000000
0.000000
0.000000
0.000000
0.000000
0.000000
0.000000
0.000000
0.000000
0.000000
0.000000
0.000000
0.000000
0.000000
0.000000
0.000000
0.000000
0.000000
0.000000
0.000000
0.000000
0.000000
0.000000
0.000000
0.000000
0.000000
0.000000
0.000000
0.000000
0.000000
0.000000
0.000000
0.000000
0.000000
0.000000
0.000000
0.000000
0.000000
0.000000
0.000000
0.000000
