80.969700
12.195300
823.070000
156.530000
67.762000
34.133000
21.248000
14.057000
10.384000
7.053800
5.146000
3.756700
3.226500
2.415400
1.901200
1.449800
1.260300
1.187100
0.899890
0.765460
0.578590
0.539990
0.426160
0.360890
0.304030
0.314550
0.238570
0.230730
0.179170
0.125820
0.145750
0.114450
0.073900
0.060860
0.081619
0.057709
0.048621
0.038147
0.031286
0.034098
0.024724
0.016142
0.018420
0.011351
0.024160
0.009278
0.009350
0.014548
0.010003
0.018330
0.006227
0.003286
0.003315
0.004868
0.003352
0.000979
0.002323
0.002433
0.001171
0.001444
0.001099
0.000541
0.000627
0.001296
0.000167
0.000303
0.000008
0.000122
0.000236
0.000494
0.000015
0.000036
0.000655
0.000055
0.000389
0.000002
0.000047
0.000089
0.000001
0.000018
0.000011
0.000005
0.000026
0.000028
0.000002
0.000004
0.000009
0.000028
0.000122
0.000000
0.000083
0.000005
0.000000
0.000000
0.000000
0.000000
0.000000
0.000003
0.000000
0.000000
0.000001
0.000000
0.000000
0.000000
0.000000
0.000000
0.000000
0.000000
0.000000
0.000000
0.000000
0.000000
0.000000
0.000000
0.000000
0.000000
0.000000
0.000000
0.000000
0.000000
0.000000
0.000000
0.000000
0.000000
0.000000
0.000000
0.000000
0.000000
0.000000
0.000000
0.000000
0.000000
0.000000
0.000000
0.000000
0.000000
0.000000
0.000000
0.000000
0.000000
0.000000
0.000000
0.000000
0.000000
0.000000
0.000000
0.000000
0.000000
0.000000
0.000000
0.000000
0.000000
0.000000
0.000000
0.000000
0.000000
0.000000
0.000000
0.000000
0.000000
0.000000
0.000000
0.000000
0.000000
0.000000
0.000000
0.000000
0.000000
0.000000
0.000000
0.000000
0.000000
0.000000
0.000000
0.000000
0.000000
0.000000
0.000000
0.000000
0.000000
0.000000
0.000000
0.000000
0.000000
0.000000
0.000000
0.000000
0.000000
0.000000
0.000000
0.000000
0.000000
0.000000
0.000000
0.000000
0.000000
0.000000
0.000000
0.000000
0.000000
0.000000
0.000000
