65.037400
34.100700
857.140000
175.780000
81.364000
43.871000
26.556000
18.069000
11.704000
8.928800
6.378000
4.458800
3.222000
2.032900
1.785200
1.493300
1.117600
0.840150
0.670430
0.480520
0.338520
0.335100
0.222150
0.146900
0.147770
0.108600
0.110150
0.079073
0.059715
0.047697
0.046976
0.040477
0.030496
0.021602
0.015197
0.011853
0.009987
0.007520
0.007796
0.005152
0.006608
0.002885
0.003069
0.002670
0.002809
0.000870
0.001050
0.000772
0.000734
0.000845
0.000481
0.000119
0.000244
0.000105
0.000070
0.000192
0.000209
0.000143
0.000029
0.000000
0.000031
0.000024
0.000004
0.000010
0.000017
0.000027
0.000009
0.000110
0.000000
0.000000
0.000009
0.000003
0.000002
0.000000
0.000000
0.000001
0.000000
0.000000
0.000000
0.000000
0.000000
0.000000
0.000000
0.000000
0.000000
0.000000
0.000000
0.000000
0.000000
0.000000
0.000000
0.000000
0.000000
0.000000
0.000000
0.000000
0.000000
0.000000
0.000000
0.000000
0.000000
0.000000
0.000000
0.000000
0.000000
0.000000
0.000000
0.000000
0.000000
0.000000
0.000000
0.000000
0.000000
0.000000
0.000000
0.000000
0.000000
0.000000
0.000000
0.000000
0.000000
0.000000
0.000000
0.000000
0.000000
0.000000
0.000000
0.000000
0.000000
0.000000
0.000000
0.000000
0.000000
0.000000
0.000000
0.000000
0.000000
0.000000
0.000000
0.000000
0.000000
0.000000
0.000000
0.000000
0.000000
0.000000
0.000000
0.000000
0.000000
0.000000
0.000000
0.000000
0.000000
0.000000
0.000000
0.000000
0.000000
0.000000
0.000000
0.000000
0.000000
0.000000
0.000000
0.000000
0.000000
0.000000
0.000000
0.000000
0.000000
0.000000
0.000000
0.000000
0.000000
0.000000
0.000000
0.000000
0.000000
0.000000
0.000000
0.000000
0.000000
0.000000
0.000000
0.000000
0.000000
0.000000
0.000000
0.000000
0.000000
0.000000
0.000000
0.000000
0.000000
0.000000
0.000000
0.000000
0.000000
0.000000
0.000000
0.000000
0.000000
0.000000
