54.967700
39.353600
923.220000
193.520000
93.595000
54.181000
31.337000
20.437000
14.764000
10.381000
6.989800
6.044800
4.363000
3.025600
2.165000
1.756900
1.149800
1.120400
0.825050
0.543380
0.388680
0.367460
0.301730
0.186050
0.135000
0.133070
0.103730
0.090307
0.071598
0.044745
0.046099
0.029457
0.035782
0.024311
0.014697
0.011225
0.016886
0.006814
0.006350
0.005909
0.003503
0.002364
0.001659
0.001282
0.001368
0.001463
0.001562
0.000459
0.000469
0.000752
0.000623
0.000240
0.000278
0.000311
0.000181
0.000224
0.000104
0.000065
0.000046
0.000041
0.000048
0.000013
0.000017
0.000018
0.000000
0.000021
0.000003
0.000000
0.000004
0.000000
0.000000
0.000017
0.000011
0.000012
0.000011
0.000000
0.000000
0.000000
0.000000
0.000000
0.000000
0.000000
0.000001
0.000000
0.000000
0.000000
0.000000
0.000000
0.000000
0.000000
0.000000
0.000000
0.000000
0.000000
0.000000
0.000000
0.000000
0.000000
0.000000
0.000000
0.000000
0.000000
0.000000
0.000000
0.000000
0.000000
0.000000
0.000000
0.000000
0.000000
0.000000
0.000000
0.000000
0.000000
0.000000
0.000000
0.000000
0.000000
0.000000
0.000000
0.000000
0.000000
0.000000
0.000000
0.000000
0.000000
0.000000
0.000000
0.000000
0.000000
0.000000
0.000000
0.000000
0.000000
0.000000
0.000000
0.000000
0.000000
0.000000
0.000000
0.000000
0.000000
0.000000
0.000000
0.000000
0.000000
0.000000
0.000000
0.000000
0.000000
0.000000
0.000000
0.000000
0.000000
0.000000
0.000000
0.000000
0.000000
0.000000
0.000000
0.000000
0.000000
0.000000
0.000000
0.000000
0.000000
0.000000
0.000000
0.000000
0.000000
0.000000
0.000000
0.000000
0.000000
0.000000
0.000000
0.000000
0.000000
0.000000
0.000000
0.000000
0.000000
0.000000
0.000000
0.000000
0.000000
0.000000
0.000000
0.000000
0.000000
0.000000
0.000000
0.000000
0.000000
0.000000
0.000000
0.000000
0.000000
0.000000
0.000000
0.000000
0.000000
