59.458900
41.669800
939.180000
197.080000
83.275000
47.023000
28.069000
18.887000
13.315000
9.164000
6.522900
4.739900
3.108700
2.603200
1.874300
1.575100
1.135200
0.892470
0.640290
0.456510
0.379120
0.226790
0.218080
0.177330
0.130250
0.088543
0.083062
0.072276
0.042914
0.046943
0.038888
0.020553
0.014175
0.013497
0.010452
0.008088
0.006573
0.002943
0.004039
0.006018
0.005094
0.002450
0.001045
0.000743
0.000895
0.000214
0.000663
0.000268
0.000150
0.000407
0.000495
0.000310
0.000246
0.000141
0.001082
0.000116
0.000015
0.000072
0.000028
0.000020
0.000016
0.000010
0.000002
0.000000
0.000000
0.000005
0.000000
0.000001
0.000002
0.000005
0.000002
0.000018
0.000000
0.000000
0.000000
0.000000
0.000000
0.000000
0.000000
0.000000
0.000000
0.000000
0.000000
0.000000
0.000000
0.000000
0.000000
0.000000
0.000000
0.000000
0.000000
0.000000
0.000000
0.000000
0.000000
0.000000
0.000000
0.000000
0.000000
0.000000
0.000000
0.000000
0.000000
0.000000
0.000000
0.000000
0.000000
0.000000
0.000000
0.000000
0.000000
0.000000
0.000000
0.000000
0.000000
0.000000
0.000000
0.000000
0.000000
0.000000
0.000000
0.000000
0.000000
0.000000
0.000000
0.000000
0.000000
0.000000
0.000000
0.000000
0.000000
0.000000
0.000000
0.000000
0.000000
0.000000
0.000000
0.000000
0.000000
0.000000
0.000000
0.000000
0.000000
0.000000
0.000000
0.000000
0.000000
0.000000
0.000000
0.000000
0.000000
0.000000
0.000000
0.000000
0.000000
0.000000
0.000000
0.000000
0.000000
0.000000
0.000000
0.000000
0.000000
0.000000
0.000000
0.000000
0.000000
0.000000
0.000000
0.000000
0.000000
0.000000
0.000000
0.000000
0.000000
0.000000
0.000000
0.000000
0.000000
0.000000
0.000000
0.000000
0.000000
0.000000
0.000000
0.000000
0.000000
0.000000
0.000000
0.000000
0.000000
0.000000
0.000000
0.000000
0.000000
0.000000
0.000000
0.000000
0.000000
0.000000
0.000000
0.000000
