64.739400
32.738600
881.660000
181.820000
75.620000
42.543000
27.177000
18.207000
13.339000
9.069000
6.093600
4.917400
3.416400
2.673800
1.803400
1.516900
1.151200
0.945630
0.739610
0.505680
0.414530
0.290770
0.266070
0.212300
0.164120
0.138440
0.062880
0.073919
0.084456
0.051858
0.030129
0.030426
0.020372
0.022401
0.013840
0.021066
0.014753
0.007820
0.009320
0.005663
0.007102
0.003691
0.001846
0.005481
0.001291
0.003070
0.000806
0.001054
0.000863
0.000382
0.000422
0.000526
0.000307
0.000330
0.000202
0.000095
0.000370
0.000020
0.000035
0.000070
0.000076
0.000035
0.000099
0.000073
0.000062
0.000024
0.000044
0.000004
0.000127
0.000001
0.000009
0.000000
0.000004
0.000009
0.000000
0.000001
0.000000
0.000006
0.000000
0.000004
0.000000
0.000003
0.000000
0.000000
0.000000
0.000000
0.000000
0.000000
0.000000
0.000001
0.000000
0.000000
0.000000
0.000000
0.000000
0.000000
0.000000
0.000000
0.000000
0.000000
0.000000
0.000000
0.000000
0.000000
0.000000
0.000000
0.000000
0.000000
0.000000
0.000000
0.000000
0.000000
0.000000
0.000000
0.000000
0.000000
0.000000
0.000000
0.000000
0.000000
0.000000
0.000000
0.000000
0.000000
0.000000
0.000000
0.000000
0.000000
0.000000
0.000000
0.000000
0.000000
0.000000
0.000000
0.000000
0.000000
0.000000
0.000000
0.000000
0.000000
0.000000
0.000000
0.000000
0.000000
0.000000
0.000000
0.000000
0.000000
0.000000
0.000000
0.000000
0.000000
0.000000
0.000000
0.000000
0.000000
0.000000
0.000000
0.000000
0.000000
0.000000
0.000000
0.000000
0.000000
0.000000
0.000000
0.000000
0.000000
0.000000
0.000000
0.000000
0.000000
0.000000
0.000000
0.000000
0.000000
0.000000
0.000000
0.000000
0.000000
0.000000
0.000000
0.000000
0.000000
0.000000
0.000000
0.000000
0.000000
0.000000
0.000000
0.000000
0.000000
0.000000
0.000000
0.000000
0.000000
0.000000
0.000000
0.000000
0.000000
0.000000
0.000000
