50.525400
33.151200
937.650000
206.810000
100.330000
54.619000
34.514000
24.624000
18.466000
12.509000
9.436900
6.416800
5.865700
3.738000
2.865800
2.183700
1.819100
1.326000
1.069300
0.837290
0.676370
0.610830
0.483190
0.311920
0.293210
0.219070
0.186910
0.140650
0.111330
0.087045
0.076662
0.066309
0.035057
0.025258
0.022756
0.032996
0.030138
0.017180
0.011683
0.007541
0.008275
0.006595
0.008643
0.004926
0.002518
0.005478
0.002450
0.001540
0.000846
0.000402
0.001246
0.001495
0.000519
0.000416
0.001036
0.000333
0.000312
0.000342
0.000147
0.000170
0.000145
0.000063
0.000114
0.000071
0.000139
0.000005
0.000030
0.000022
0.000015
0.000007
0.000008
0.000011
0.000012
0.000001
0.000000
0.000003
0.000000
0.000000
0.000001
0.000000
0.000001
0.000013
0.000000
0.000000
0.000000
0.000000
0.000001
0.000000
0.000000
0.000003
0.000000
0.000000
0.000000
0.000000
0.000000
0.000000
0.000000
0.000000
0.000000
0.000000
0.000000
0.000000
0.000000
0.000000
0.000000
0.000000
0.000000
0.000000
0.000000
0.000000
0.000000
0.000000
0.000000
0.000000
0.000000
0.000000
0.000000
0.000000
0.000000
0.000000
0.000000
0.000000
0.000000
0.000000
0.000000
0.000000
0.000000
0.000000
0.000000
0.000000
0.000000
0.000000
0.000000
0.000000
0.000000
0.000000
0.000000
0.000000
0.000000
0.000000
0.000000
0.000000
0.000000
0.000000
0.000000
0.000000
0.000000
0.000000
0.000000
0.000000
0.000000
0.000000
0.000000
0.000000
0.000000
0.000000
0.000000
0.000000
0.000000
0.000000
0.000000
0.000000
0.000000
0.000000
0.000000
0.000000
0.000000
0.000000
0.000000
0.000000
0.000000
0.000000
0.000000
0.000000
0.000000
0.000000
0.000000
0.000000
0.000000
0.000000
0.000000
0.000000
0.000000
0.000000
0.000000
0.000000
0.000000
0.000000
0.000000
0.000000
0.000000
0.000000
0.000000
0.000000
0.000000
0.000000
0.000000
0.000000
0.000000
0.000000
0.000000
0.000000
