60.426400
27.849000
882.570000
194.430000
86.928000
47.134000
29.937000
19.349000
13.331000
10.377000
6.853400
5.365700
3.594200
2.916300
2.540300
1.683700
1.522300
1.044000
0.903470
0.722380
0.507210
0.465620
0.361590
0.243180
0.218220
0.171500
0.153120
0.147700
0.078032
0.089697
0.066201
0.063154
0.051681
0.038208
0.029650
0.026323
0.014102
0.016480
0.015178
0.012241
0.006948
0.006287
0.005307
0.003089
0.002801
0.005370
0.002279
0.002204
0.002321
0.000858
0.000853
0.000787
0.000616
0.000225
0.000497
0.000391
0.000374
0.000141
0.000077
0.000174
0.000136
0.000024
0.000030
0.000052
0.000024
0.000007
0.000096
0.000073
0.000031
0.000009
0.000005
0.000018
0.000063
0.000027
0.000000
0.000003
0.000000
0.000000
0.000001
0.000000
0.000002
0.000001
0.000027
0.000002
0.000000
0.000000
0.000002
0.000000
0.000000
0.000000
0.000000
0.000000
0.000000
0.000000
0.000000
0.000000
0.000000
0.000000
0.000000
0.000000
0.000000
0.000000
0.000000
0.000000
0.000000
0.000000
0.000000
0.000000
0.000000
0.000000
0.000000
0.000000
0.000000
0.000000
0.000000
0.000000
0.000000
0.000000
0.000000
0.000000
0.000000
0.000000
0.000000
0.000000
0.000000
0.000000
0.000000
0.000000
0.000000
0.000000
0.000000
0.000000
0.000000
0.000000
0.000000
0.000000
0.000000
0.000000
0.000000
0.000000
0.000000
0.000000
0.000000
0.000000
0.000000
0.000000
0.000000
0.000000
0.000000
0.000000
0.000000
0.000000
0.000000
0.000000
0.000000
0.000000
0.000000
0.000000
0.000000
0.000000
0.000000
0.000000
0.000000
0.000000
0.000000
0.000000
0.000000
0.000000
0.000000
0.000000
0.000000
0.000000
0.000000
0.000000
0.000000
0.000000
0.000000
0.000000
0.000000
0.000000
0.000000
0.000000
0.000000
0.000000
0.000000
0.000000
0.000000
0.000000
0.000000
0.000000
0.000000
0.000000
0.000000
0.000000
0.000000
0.000000
0.000000
0.000000
0.000000
0.000000
0.000000
0.000000
