60.722200
38.716600
921.640000
182.550000
81.113000
43.423000
28.898000
18.051000
11.943000
8.974100
6.171400
4.976000
3.421200
2.308100
1.790500
1.563000
1.247400
0.887100
0.726620
0.500930
0.435750
0.269570
0.210080
0.200000
0.130450
0.108650
0.088428
0.072883
0.058431
0.046945
0.032299
0.025920
0.028605
0.011704
0.014453
0.015704
0.008461
0.006038
0.005354
0.006294
0.002965
0.004300
0.001386
0.002074
0.001161
0.000589
0.000695
0.000770
0.000811
0.000893
0.000348
0.000426
0.000127
0.000124
0.000035
0.000102
0.000011
0.000043
0.000050
0.000049
0.000043
0.000032
0.000013
0.000000
0.000031
0.000023
0.000012
0.000002
0.000001
0.000001
0.000003
0.000006
0.000000
0.000000
0.000000
0.000000
0.000000
0.000000
0.000000
0.000000
0.000000
0.000000
0.000000
0.000000
0.000000
0.000003
0.000000
0.000000
0.000000
0.000000
0.000000
0.000000
0.000000
0.000000
0.000000
0.000000
0.000000
0.000000
0.000000
0.000000
0.000000
0.000000
0.000000
0.000000
0.000000
0.000000
0.000000
0.000000
0.000000
0.000000
0.000000
0.000000
0.000000
0.000000
0.000000
0.000000
0.000000
0.000000
0.000000
0.000000
0.000000
0.000000
0.000000
0.000000
0.000000
0.000000
0.000000
0.000000
0.000000
0.000000
0.000000
0.000000
0.000000
0.000000
0.000000
0.000000
0.000000
0.000000
0.000000
0.000000
0.000000
0.000000
0.000000
0.000000
0.000000
0.000000
0.000000
0.000000
0.000000
0.000000
0.000000
0.000000
0.000000
0.000000
0.000000
0.000000
0.000000
0.000000
0.000000
0.000000
0.000000
0.000000
0.000000
0.000000
0.000000
0.000000
0.000000
0.000000
0.000000
0.000000
0.000000
0.000000
0.000000
0.000000
0.000000
0.000000
0.000000
0.000000
0.000000
0.000000
0.000000
0.000000
0.000000
0.000000
0.000000
0.000000
0.000000
0.000000
0.000000
0.000000
0.000000
0.000000
0.000000
0.000000
0.000000
0.000000
0.000000
0.000000
0.000000
0.000000
0.000000
0.000000
