84.612600
41.777400
809.720000
146.960000
59.329000
29.762000
17.713000
10.448000
7.231500
4.839100
3.184900
2.524000
1.777700
1.145200
0.772710
0.725010
0.370390
0.324870
0.226400
0.164030
0.164680
0.115670
0.097122
0.067538
0.064927
0.034164
0.023958
0.018220
0.022241
0.012108
0.013129
0.008006
0.009850
0.004845
0.005488
0.002738
0.003037
0.001899
0.002067
0.001531
0.002700
0.000533
0.000497
0.000579
0.000278
0.000294
0.000200
0.000270
0.000099
0.000033
0.000118
0.000074
0.000030
0.000023
0.000019
0.000000
0.000009
0.000014
0.000071
0.000019
0.000008
0.000004
0.000000
0.000003
0.000000
0.000004
0.000000
0.000000
0.000017
0.000000
0.000000
0.000000
0.000000
0.000000
0.000000
0.000000
0.000000
0.000000
0.000001
0.000000
0.000000
0.000000
0.000000
0.000000
0.000000
0.000000
0.000000
0.000000
0.000000
0.000000
0.000000
0.000000
0.000000
0.000000
0.000000
0.000000
0.000000
0.000000
0.000000
0.000000
0.000000
0.000000
0.000000
0.000000
0.000000
0.000000
0.000000
0.000000
0.000000
0.000000
0.000000
0.000000
0.000000
0.000000
0.000000
0.000000
0.000000
0.000000
0.000000
0.000000
0.000000
0.000000
0.000000
0.000000
0.000000
0.000000
0.000000
0.000000
0.000000
0.000000
0.000000
0.000000
0.000000
0.000000
0.000000
0.000000
0.000000
0.000000
0.000000
0.000000
0.000000
0.000000
0.000000
0.000000
0.000000
0.000000
0.000000
0.000000
0.000000
0.000000
0.000000
0.000000
0.000000
0.000000
0.000000
0.000000
0.000000
0.000000
0.000000
0.000000
0.000000
0.000000
0.000000
0.000000
0.000000
0.000000
0.000000
0.000000
0.000000
0.000000
0.000000
0.000000
0.000000
0.000000
0.000000
0.000000
0.000000
0.000000
0.000000
0.000000
0.000000
0.000000
0.000000
0.000000
0.000000
0.000000
0.000000
0.000000
0.000000
0.000000
0.000000
0.000000
0.000000
0.000000
0.000000
0.000000
0.000000
0.000000
0.000000
0.000000
0.000000
0.000000
