45.854200
24.111500
927.390000
229.160000
104.500000
62.480000
40.490000
30.509000
21.163000
14.769000
10.481000
8.406500
6.662500
5.253100
4.408900
3.138000
2.850700
2.226300
1.591100
1.230700
1.003800
0.888230
0.684970
0.521610
0.416650
0.416790
0.339960
0.305260
0.245780
0.167930
0.155970
0.099979
0.113630
0.084099
0.058347
0.061289
0.054529
0.050140
0.042763
0.027170
0.025592
0.022004
0.016129
0.017941
0.010332
0.007945
0.005921
0.011054
0.004287
0.003426
0.004050
0.001633
0.004069
0.001844
0.000942
0.001613
0.001022
0.000447
0.000736
0.001146
0.000367
0.000733
0.000208
0.000248
0.000315
0.000234
0.000132
0.000202
0.000176
0.000085
0.000082
0.000010
0.000045
0.000140
0.000005
0.000013
0.000024
0.000004
0.000145
0.000000
0.000014
0.000012
0.000004
0.000004
0.000001
0.000004
0.000000
0.000000
0.000006
0.000000
0.000006
0.000020
0.000000
0.000000
0.000000
0.000000
0.000000
0.000000
0.000000
0.000000
0.000000
0.000000
0.000000
0.000000
0.000000
0.000000
0.000010
0.000000
0.000000
0.000004
0.000000
0.000000
0.000000
0.000000
0.000000
0.000000
0.000000
0.000000
0.000000
0.000000
0.000000
0.000000
0.000000
0.000000
0.000000
0.000000
0.000000
0.000000
0.000000
0.000000
0.000000
0.000000
0.000000
0.000000
0.000000
0.000000
0.000000
0.000000
0.000000
0.000000
0.000000
0.000000
0.000000
0.000000
0.000000
0.000000
0.000000
0.000000
0.000000
0.000000
0.000000
0.000000
0.000000
0.000000
0.000000
0.000000
0.000000
0.000000
0.000000
0.000000
0.000000
0.000000
0.000000
0.000000
0.000000
0.000000
0.000000
0.000000
0.000000
0.000000
0.000000
0.000000
0.000000
0.000000
0.000000
0.000000
0.000000
0.000000
0.000000
0.000000
0.000000
0.000000
0.000000
0.000000
0.000000
0.000000
0.000000
0.000000
0.000000
0.000000
0.000000
0.000000
0.000000
0.000000
0.000000
0.000000
0.000000
0.000000
0.000000
0.000000
0.000000
0.000000
