54.411200
34.955200
943.880000
189.630000
102.110000
49.815000
32.867000
21.812000
14.535000
10.145000
8.394600
5.736500
4.408300
3.332500
2.402200
1.817900
1.327300
1.128400
0.837830
0.705440
0.610590
0.463180
0.333950
0.251330
0.209690
0.162660
0.113130
0.084462
0.111280
0.081071
0.060633
0.035090
0.035208
0.026110
0.020791
0.020840
0.019620
0.015721
0.006652
0.006945
0.006333
0.006548
0.003179
0.004042
0.002970
0.002931
0.001346
0.001690
0.000782
0.000682
0.000489
0.000658
0.000585
0.000864
0.000024
0.000056
0.000157
0.000164
0.000087
0.000023
0.000404
0.000039
0.000023
0.000022
0.000008
0.000032
0.000000
0.000012
0.000000
0.000013
0.000000
0.000004
0.000000
0.000006
0.000009
0.000000
0.000004
0.000000
0.000000
0.000000
0.000004
0.000010
0.000000
0.000000
0.000000
0.000000
0.000000
0.000000
0.000000
0.000000
0.000000
0.000000
0.000000
0.000000
0.000000
0.000000
0.000000
0.000000
0.000000
0.000000
0.000000
0.000000
0.000000
0.000000
0.000000
0.000000
0.000000
0.000000
0.000000
0.000000
0.000000
0.000000
0.000000
0.000000
0.000000
0.000000
0.000000
0.000000
0.000000
0.000000
0.000000
0.000000
0.000000
0.000000
0.000000
0.000000
0.000000
0.000000
0.000000
0.000000
0.000000
0.000000
0.000000
0.000000
0.000000
0.000000
0.000000
0.000000
0.000000
0.000000
0.000000
0.000000
0.000000
0.000000
0.000000
0.000000
0.000000
0.000000
0.000000
0.000000
0.000000
0.000000
0.000000
0.000000
0.000000
0.000000
0.000000
0.000000
0.000000
0.000000
0.000000
0.000000
0.000000
0.000000
0.000000
0.000000
0.000000
0.000000
0.000000
0.000000
0.000000
0.000000
0.000000
0.000000
0.000000
0.000000
0.000000
0.000000
0.000000
0.000000
0.000000
0.000000
0.000000
0.000000
0.000000
0.000000
0.000000
0.000000
0.000000
0.000000
0.000000
0.000000
0.000000
0.000000
0.000000
0.000000
0.000000
0.000000
0.000000
0.000000
0.000000
0.000000
