42.464600
44.919600
960.970000
240.860000
100.510000
65.594000
41.013000
26.853000
19.651000
13.501000
9.903700
7.210000
5.581600
4.615800
3.282300
2.750300
1.758900
1.606400
1.022100
0.831190
0.709380
0.513380
0.396950
0.330430
0.244500
0.201140
0.145700
0.149680
0.089009
0.056990
0.059217
0.048346
0.040935
0.027739
0.024410
0.019059
0.009234
0.010194
0.006401
0.007061
0.004802
0.004151
0.002943
0.002383
0.001816
0.001854
0.000639
0.000924
0.000486
0.000751
0.000481
0.000180
0.000323
0.000230
0.000456
0.000095
0.000182
0.000290
0.000018
0.000040
0.000024
0.000009
0.000008
0.000026
0.000005
0.000005
0.000014
0.000000
0.000006
0.000002
0.000000
0.000000
0.000007
0.000001
0.000004
0.000000
0.000000
0.000000
0.000000
0.000000
0.000000
0.000000
0.000000
0.000000
0.000000
0.000000
0.000000
0.000000
0.000000
0.000000
0.000000
0.000000
0.000000
0.000000
0.000000
0.000000
0.000000
0.000000
0.000000
0.000000
0.000000
0.000000
0.000000
0.000000
0.000000
0.000000
0.000000
0.000000
0.000000
0.000000
0.000000
0.000000
0.000000
0.000000
0.000000
0.000000
0.000000
0.000000
0.000000
0.000000
0.000000
0.000000
0.000000
0.000000
0.000000
0.000000
0.000000
0.000000
0.000000
0.000000
0.000000
0.000000
0.000000
0.000000
0.000000
0.000000
0.000000
0.000000
0.000000
0.000000
0.000000
0.000000
0.000000
0.000000
0.000000
0.000000
0.000000
0.000000
0.000000
0.000000
0.000000
0.000000
0.000000
0.000000
0.000000
0.000000
0.000000
0.000000
0.000000
0.000000
0.000000
0.000000
0.000000
0.000000
0.000000
0.000000
0.000000
0.000000
0.000000
0.000000
0.000000
0.000000
0.000000
0.000000
0.000000
0.000000
0.000000
0.000000
0.000000
0.000000
0.000000
0.000000
0.000000
0.000000
0.000000
0.000000
0.000000
0.000000
0.000000
0.000000
0.000000
0.000000
0.000000
0.000000
0.000000
0.000000
0.000000
0.000000
0.000000
0.000000
0.000000
0.000000
