78.493900
42.764400
868.600000
158.220000
65.682000
32.072000
20.310000
13.248000
8.862100
5.690300
3.937600
2.756100
2.009400
1.401100
0.983080
0.798030
0.584280
0.391120
0.235820
0.192470
0.171670
0.136790
0.100710
0.076282
0.077545
0.055760
0.034877
0.022660
0.021540
0.011135
0.014668
0.010288
0.009830
0.006670
0.005077
0.004476
0.004019
0.002200
0.002534
0.001800
0.000789
0.000798
0.000816
0.000750
0.000178
0.000187
0.000604
0.000315
0.000080
0.000185
0.000075
0.000073
0.000053
0.000022
0.000034
0.000003
0.000007
0.000000
0.000005
0.000002
0.000000
0.000000
0.000004
0.000000
0.000000
0.000009
0.000000
0.000000
0.000000
0.000003
0.000000
0.000000
0.000000
0.000005
0.000000
0.000000
0.000000
0.000000
0.000000
0.000000
0.000000
0.000000
0.000000
0.000000
0.000003
0.000000
0.000000
0.000000
0.000000
0.000000
0.000000
0.000000
0.000000
0.000000
0.000000
0.000000
0.000000
0.000000
0.000000
0.000000
0.000000
0.000000
0.000000
0.000000
0.000000
0.000000
0.000000
0.000000
0.000000
0.000000
0.000000
0.000000
0.000000
0.000000
0.000000
0.000000
0.000000
0.000000
0.000000
0.000000
0.000000
0.000000
0.000000
0.000000
0.000000
0.000000
0.000000
0.000000
0.000000
0.000000
0.000000
0.000000
0.000000
0.000000
0.000000
0.000000
0.000000
0.000000
0.000000
0.000000
0.000000
0.000000
0.000000
0.000000
0.000000
0.000000
0.000000
0.000000
0.000000
0.000000
0.000000
0.000000
0.000000
0.000000
0.000000
0.000000
0.000000
0.000000
0.000000
0.000000
0.000000
0.000000
0.000000
0.000000
0.000000
0.000000
0.000000
0.000000
0.000000
0.000000
0.000000
0.000000
0.000000
0.000000
0.000000
0.000000
0.000000
0.000000
0.000000
0.000000
0.000000
0.000000
0.000000
0.000000
0.000000
0.000000
0.000000
0.000000
0.000000
0.000000
0.000000
0.000000
0.000000
0.000000
0.000000
0.000000
0.000000
0.000000
0.000000
0.000000
0.000000
0.000000
