66.211100
51.008800
857.460000
184.080000
78.958000
42.915000
24.651000
16.648000
11.121000
7.165300
4.978300
4.131100
2.444500
1.714700
1.425100
0.998850
0.782400
0.553340
0.430910
0.280230
0.200910
0.173000
0.126650
0.100290
0.074363
0.054260
0.042623
0.037152
0.019789
0.019625
0.016097
0.009521
0.009829
0.005129
0.005658
0.005267
0.001950
0.002430
0.001578
0.001720
0.001139
0.000655
0.000550
0.000483
0.000383
0.000210
0.000188
0.000177
0.000118
0.000041
0.000013
0.000070
0.000033
0.000031
0.000010
0.000023
0.000009
0.000010
0.000012
0.000015
0.000001
0.000001
0.000000
0.000000
0.000002
0.000002
0.000000
0.000000
0.000000
0.000005
0.000000
0.000000
0.000000
0.000000
0.000000
0.000000
0.000003
0.000000
0.000000
0.000000
0.000000
0.000000
0.000000
0.000000
0.000000
0.000000
0.000000
0.000000
0.000000
0.000000
0.000000
0.000000
0.000000
0.000000
0.000000
0.000000
0.000000
0.000000
0.000000
0.000000
0.000000
0.000000
0.000000
0.000000
0.000000
0.000000
0.000000
0.000000
0.000000
0.000000
0.000000
0.000000
0.000000
0.000000
0.000000
0.000000
0.000000
0.000000
0.000000
0.000000
0.000000
0.000000
0.000000
0.000000
0.000000
0.000000
0.000000
0.000000
0.000000
0.000000
0.000000
0.000000
0.000000
0.000000
0.000000
0.000000
0.000000
0.000000
0.000000
0.000000
0.000000
0.000000
0.000000
0.000000
0.000000
0.000000
0.000000
0.000000
0.000000
0.000000
0.000000
0.000000
0.000000
0.000000
0.000000
0.000000
0.000000
0.000000
0.000000
0.000000
0.000000
0.000000
0.000000
0.000000
0.000000
0.000000
0.000000
0.000000
0.000000
0.000000
0.000000
0.000000
0.000000
0.000000
0.000000
0.000000
0.000000
0.000000
0.000000
0.000000
0.000000
0.000000
0.000000
0.000000
0.000000
0.000000
0.000000
0.000000
0.000000
0.000000
0.000000
0.000000
0.000000
0.000000
0.000000
0.000000
0.000000
0.000000
0.000000
0.000000
0.000000
0.000000
