82.643900
50.379300
814.510000
158.340000
55.716000
31.941000
17.853000
11.275000
6.594400
5.232400
3.310900
2.440400
1.584700
1.084200
0.954940
0.539750
0.369830
0.349270
0.216940
0.170010
0.118800
0.099666
0.068771
0.059588
0.032177
0.031839
0.021990
0.013422
0.012220
0.011309
0.006030
0.004617
0.007662
0.002827
0.002038
0.001242
0.001098
0.000574
0.001024
0.000130
0.000962
0.000267
0.000431
0.000236
0.000705
0.000028
0.000125
0.000047
0.000013
0.000424
0.000006
0.000005
0.000009
0.000006
0.000010
0.000000
0.000010
0.000007
0.000017
0.000000
0.000002
0.000004
0.000000
0.000007
0.000000
0.000000
0.000000
0.000000
0.000000
0.000000
0.000000
0.000000
0.000000
0.000000
0.000000
0.000000
0.000000
0.000000
0.000000
0.000000
0.000000
0.000000
0.000000
0.000000
0.000000
0.000000
0.000000
0.000000
0.000000
0.000000
0.000000
0.000000
0.000000
0.000000
0.000000
0.000000
0.000000
0.000000
0.000000
0.000000
0.000000
0.000000
0.000000
0.000000
0.000000
0.000000
0.000000
0.000000
0.000000
0.000000
0.000000
0.000000
0.000000
0.000000
0.000000
0.000000
0.000000
0.000000
0.000000
0.000000
0.000000
0.000000
0.000000
0.000000
0.000000
0.000000
0.000000
0.000000
0.000000
0.000000
0.000000
0.000000
0.000000
0.000000
0.000000
0.000000
0.000000
0.000000
0.000000
0.000000
0.000000
0.000000
0.000000
0.000000
0.000000
0.000000
0.000000
0.000000
0.000000
0.000000
0.000000
0.000000
0.000000
0.000000
0.000000
0.000000
0.000000
0.000000
0.000000
0.000000
0.000000
0.000000
0.000000
0.000000
0.000000
0.000000
0.000000
0.000000
0.000000
0.000000
0.000000
0.000000
0.000000
0.000000
0.000000
0.000000
0.000000
0.000000
0.000000
0.000000
0.000000
0.000000
0.000000
0.000000
0.000000
0.000000
0.000000
0.000000
0.000000
0.000000
0.000000
0.000000
0.000000
0.000000
0.000000
0.000000
0.000000
0.000000
0.000000
0.000000
0.000000
0.000000
