55.895300
27.416400
853.880000
199.530000
90.171000
50.552000
32.091000
22.230000
14.951000
11.090000
7.827100
5.665500
4.675000
3.165800
2.770000
2.256500
1.698200
1.210500
1.148100
0.925720
0.772840
0.552240
0.467690
0.332050
0.258890
0.204620
0.157590
0.139740
0.151570
0.109390
0.085589
0.070955
0.065143
0.055458
0.038606
0.028613
0.029750
0.019387
0.015757
0.011766
0.009299
0.008799
0.007872
0.008317
0.004336
0.007908
0.003252
0.004215
0.001590
0.000887
0.001784
0.001163
0.000866
0.000953
0.000652
0.001021
0.000679
0.000682
0.000360
0.000175
0.000039
0.000494
0.000281
0.000220
0.000034
0.000152
0.000161
0.000026
0.000041
0.000011
0.000011
0.000015
0.000006
0.000001
0.000018
0.000000
0.000000
0.000000
0.000004
0.000002
0.000023
0.000000
0.000000
0.000000
0.000000
0.000003
0.000000
0.000000
0.000000
0.000000
0.000000
0.000000
0.000000
0.000000
0.000000
0.000000
0.000000
0.000000
0.000000
0.000000
0.000000
0.000000
0.000000
0.000000
0.000000
0.000000
0.000000
0.000000
0.000000
0.000000
0.000000
0.000000
0.000000
0.000000
0.000000
0.000000
0.000000
0.000000
0.000000
0.000000
0.000000
0.000000
0.000000
0.000000
0.000000
0.000000
0.000000
0.000000
0.000000
0.000000
0.000000
0.000000
0.000000
0.000000
0.000000
0.000000
0.000000
0.000000
0.000000
0.000000
0.000000
0.000000
0.000000
0.000000
0.000000
0.000000
0.000000
0.000000
0.000000
0.000000
0.000000
0.000000
0.000000
0.000000
0.000000
0.000000
0.000000
0.000000
0.000000
0.000000
0.000000
0.000000
0.000000
0.000000
0.000000
0.000000
0.000000
0.000000
0.000000
0.000000
0.000000
0.000000
0.000000
0.000000
0.000000
0.000000
0.000000
0.000000
0.000000
0.000000
0.000000
0.000000
0.000000
0.000000
0.000000
0.000000
0.000000
0.000000
0.000000
0.000000
0.000000
0.000000
0.000000
0.000000
0.000000
0.000000
0.000000
0.000000
0.000000
0.000000
0.000000
0.000000
