48.197700
37.401700
980.390000
222.080000
100.770000
59.910000
37.404000
24.659000
17.688000
12.290000
8.703900
6.849900
5.362900
4.009100
2.828700
2.237500
1.759600
1.463700
1.184400
0.768100
0.739710
0.537630
0.394890
0.357480
0.276130
0.226490
0.145560
0.126250
0.107700
0.084337
0.066209
0.050231
0.052306
0.029003
0.017339
0.017826
0.015082
0.016049
0.007620
0.009411
0.008274
0.004264
0.005339
0.004051
0.000980
0.001750
0.001711
0.000612
0.001675
0.000926
0.000279
0.001847
0.000463
0.000326
0.000488
0.000138
0.000203
0.000147
0.000085
0.000031
0.000036
0.000033
0.000039
0.000035
0.000055
0.000007
0.000024
0.000034
0.000000
0.000032
0.000000
0.000000
0.000000
0.000080
0.000000
0.000000
0.000000
0.000003
0.000000
0.000000
0.000000
0.000000
0.000000
0.000000
0.000003
0.000000
0.000000
0.000000
0.000000
0.000000
0.000000
0.000000
0.000000
0.000000
0.000000
0.000000
0.000000
0.000000
0.000000
0.000000
0.000000
0.000000
0.000000
0.000000
0.000000
0.000000
0.000000
0.000000
0.000000
0.000000
0.000000
0.000000
0.000000
0.000000
0.000000
0.000000
0.000000
0.000000
0.000000
0.000000
0.000000
0.000000
0.000000
0.000000
0.000000
0.000000
0.000000
0.000000
0.000000
0.000000
0.000000
0.000000
0.000000
0.000000
0.000000
0.000000
0.000000
0.000000
0.000000
0.000000
0.000000
0.000000
0.000000
0.000000
0.000000
0.000000
0.000000
0.000000
0.000000
0.000000
0.000000
0.000000
0.000000
0.000000
0.000000
0.000000
0.000000
0.000000
0.000000
0.000000
0.000000
0.000000
0.000000
0.000000
0.000000
0.000000
0.000000
0.000000
0.000000
0.000000
0.000000
0.000000
0.000000
0.000000
0.000000
0.000000
0.000000
0.000000
0.000000
0.000000
0.000000
0.000000
0.000000
0.000000
0.000000
0.000000
0.000000
0.000000
0.000000
0.000000
0.000000
0.000000
0.000000
0.000000
0.000000
0.000000
0.000000
0.000000
0.000000
0.000000
0.000000
0.000000
