47.582000
30.994600
964.330000
222.650000
96.782000
61.443000
36.436000
26.459000
18.366000
13.150000
11.190000
8.707000
5.867300
4.157200
3.856300
2.394300
2.275000
1.446900
1.299000
1.075000
0.811910
0.636700
0.550940
0.426860
0.355280
0.274490
0.217110
0.187420
0.164120
0.100840
0.091022
0.083055
0.053885
0.049211
0.035826
0.031072
0.025725
0.028268
0.021473
0.010561
0.012137
0.009867
0.004658
0.004229
0.004302
0.003169
0.003274
0.003405
0.002214
0.002577
0.001341
0.000546
0.001348
0.000733
0.000435
0.000310
0.000594
0.000377
0.000120
0.000841
0.000130
0.000074
0.000223
0.000217
0.000076
0.000085
0.000034
0.000005
0.000017
0.000025
0.000008
0.000056
0.000015
0.000016
0.000042
0.000016
0.000036
0.000018
0.000005
0.000005
0.000002
0.000002
0.000003
0.000000
0.000004
0.000003
0.000000
0.000001
0.000000
0.000000
0.000000
0.000000
0.000000
0.000000
0.000000
0.000000
0.000000
0.000000
0.000000
0.000000
0.000000
0.000000
0.000000
0.000000
0.000000
0.000000
0.000000
0.000000
0.000000
0.000000
0.000000
0.000000
0.000000
0.000000
0.000000
0.000000
0.000000
0.000000
0.000000
0.000000
0.000000
0.000000
0.000000
0.000000
0.000000
0.000000
0.000000
0.000000
0.000000
0.000000
0.000000
0.000000
0.000000
0.000000
0.000000
0.000000
0.000000
0.000000
0.000000
0.000000
0.000000
0.000000
0.000000
0.000000
0.000000
0.000000
0.000000
0.000000
0.000000
0.000000
0.000000
0.000000
0.000000
0.000000
0.000000
0.000000
0.000000
0.000000
0.000000
0.000000
0.000000
0.000000
0.000000
0.000000
0.000000
0.000000
0.000000
0.000000
0.000000
0.000000
0.000000
0.000000
0.000000
0.000000
0.000000
0.000000
0.000000
0.000000
0.000000
0.000000
0.000000
0.000000
0.000000
0.000000
0.000000
0.000000
0.000000
0.000000
0.000000
0.000000
0.000000
0.000000
0.000000
0.000000
0.000000
0.000000
0.000000
0.000000
0.000000
0.000000
0.000000
0.000000
