59.355500
47.112700
876.320000
193.200000
86.816000
49.585000
28.260000
16.965000
12.212000
9.254100
6.440000
3.990500
3.316800
2.547600
1.797000
1.260900
0.932280
0.787560
0.461730
0.481140
0.258260
0.215980
0.214300
0.139270
0.113030
0.085760
0.065535
0.048584
0.026430
0.036391
0.023057
0.016123
0.014079
0.007528
0.007462
0.005719
0.007646
0.003114
0.001915
0.002746
0.001327
0.001419
0.001064
0.001829
0.000991
0.000405
0.000687
0.000307
0.000630
0.000069
0.000070
0.000126
0.000055
0.000113
0.000032
0.000034
0.000042
0.000028
0.000043
0.000002
0.000005
0.000000
0.000029
0.000004
0.000000
0.000000
0.000004
0.000000
0.000000
0.000000
0.000000
0.000000
0.000000
0.000000
0.000000
0.000000
0.000000
0.000007
0.000000
0.000000
0.000000
0.000000
0.000000
0.000000
0.000000
0.000000
0.000000
0.000000
0.000000
0.000000
0.000000
0.000000
0.000000
0.000000
0.000000
0.000000
0.000000
0.000000
0.000000
0.000000
0.000000
0.000000
0.000000
0.000000
0.000000
0.000000
0.000000
0.000000
0.000000
0.000000
0.000000
0.000000
0.000000
0.000000
0.000000
0.000000
0.000000
0.000000
0.000000
0.000000
0.000000
0.000000
0.000000
0.000000
0.000000
0.000000
0.000000
0.000000
0.000000
0.000000
0.000000
0.000000
0.000000
0.000000
0.000000
0.000000
0.000000
0.000000
0.000000
0.000000
0.000000
0.000000
0.000000
0.000000
0.000000
0.000000
0.000000
0.000000
0.000000
0.000000
0.000000
0.000000
0.000000
0.000000
0.000000
0.000000
0.000000
0.000000
0.000000
0.000000
0.000000
0.000000
0.000000
0.000000
0.000000
0.000000
0.000000
0.000000
0.000000
0.000000
0.000000
0.000000
0.000000
0.000000
0.000000
0.000000
0.000000
0.000000
0.000000
0.000000
0.000000
0.000000
0.000000
0.000000
0.000000
0.000000
0.000000
0.000000
0.000000
0.000000
0.000000
0.000000
0.000000
0.000000
0.000000
0.000000
0.000000
0.000000
0.000000
0.000000
0.000000
0.000000
