75.102000
17.350200
853.490000
176.840000
68.065000
40.719000
23.657000
15.270000
10.866000
7.272700
5.733600
4.524700
3.261400
2.337500
1.980300
1.425200
1.167200
0.976850
0.759740
0.609350
0.462030
0.484330
0.388390
0.319470
0.271060
0.261130
0.199710
0.183160
0.150660
0.105340
0.131800
0.095638
0.075107
0.068100
0.050969
0.034751
0.033963
0.038735
0.031300
0.013857
0.012593
0.017406
0.014069
0.013634
0.008976
0.004036
0.004956
0.007168
0.003495
0.002828
0.003459
0.004017
0.001260
0.001405
0.002826
0.000635
0.000940
0.000472
0.000227
0.000304
0.000686
0.000224
0.000472
0.000093
0.000919
0.000097
0.000244
0.000022
0.000169
0.000028
0.000084
0.000326
0.000036
0.000002
0.000051
0.000000
0.000075
0.000006
0.000000
0.000108
0.000010
0.000000
0.000096
0.000000
0.000000
0.000000
0.000008
0.000000
0.000002
0.000003
0.000000
0.000001
0.000000
0.000002
0.000000
0.000000
0.000000
0.000000
0.000000
0.000000
0.000000
0.000000
0.000000
0.000000
0.000000
0.000000
0.000000
0.000000
0.000000
0.000000
0.000000
0.000000
0.000000
0.000000
0.000000
0.000000
0.000000
0.000000
0.000000
0.000000
0.000000
0.000000
0.000000
0.000000
0.000000
0.000000
0.000000
0.000000
0.000000
0.000000
0.000000
0.000000
0.000000
0.000000
0.000000
0.000000
0.000000
0.000000
0.000000
0.000000
0.000000
0.000000
0.000000
0.000000
0.000000
0.000000
0.000000
0.000000
0.000000
0.000000
0.000000
0.000000
0.000000
0.000000
0.000000
0.000000
0.000000
0.000000
0.000000
0.000000
0.000000
0.000000
0.000000
0.000000
0.000000
0.000000
0.000000
0.000000
0.000000
0.000000
0.000000
0.000000
0.000000
0.000000
0.000000
0.000000
0.000000
0.000000
0.000000
0.000000
0.000000
0.000000
0.000000
0.000000
0.000000
0.000000
0.000000
0.000000
0.000000
0.000000
0.000000
0.000000
0.000000
0.000000
0.000000
0.000000
0.000000
0.000000
0.000000
0.000000
0.000000
0.000000
