63.321100
37.559800
885.440000
184.360000
81.394000
42.616000
27.188000
17.994000
12.145000
8.537700
5.929900
4.433900
3.357900
2.740400
2.008000
1.386800
1.006200
0.795650
0.588430
0.518100
0.337260
0.273140
0.194200
0.197420
0.142680
0.095599
0.079974
0.050992
0.053846
0.036155
0.055270
0.033399
0.019731
0.014786
0.009201
0.008890
0.009626
0.006230
0.004639
0.011080
0.002793
0.002336
0.000928
0.001965
0.000645
0.000933
0.001143
0.000720
0.001064
0.000297
0.000369
0.000186
0.000255
0.000028
0.000051
0.000288
0.000025
0.000177
0.000021
0.000043
0.000000
0.000068
0.000021
0.000000
0.000020
0.000001
0.000006
0.000009
0.000005
0.000006
0.000013
0.000000
0.000000
0.000092
0.000000
0.000000
0.000002
0.000000
0.000001
0.000000
0.000000
0.000000
0.000000
0.000000
0.000000
0.000000
0.000000
0.000001
0.000000
0.000000
0.000000
0.000000
0.000000
0.000000
0.000000
0.000000
0.000000
0.000000
0.000000
0.000000
0.000000
0.000000
0.000000
0.000000
0.000000
0.000000
0.000000
0.000000
0.000000
0.000000
0.000000
0.000000
0.000000
0.000000
0.000000
0.000000
0.000000
0.000000
0.000000
0.000000
0.000000
0.000000
0.000000
0.000000
0.000000
0.000000
0.000000
0.000000
0.000000
0.000000
0.000000
0.000000
0.000000
0.000000
0.000000
0.000000
0.000000
0.000000
0.000000
0.000000
0.000000
0.000000
0.000000
0.000000
0.000000
0.000000
0.000000
0.000000
0.000000
0.000000
0.000000
0.000000
0.000000
0.000000
0.000000
0.000000
0.000000
0.000000
0.000000
0.000000
0.000000
0.000000
0.000000
0.000000
0.000000
0.000000
0.000000
0.000000
0.000000
0.000000
0.000000
0.000000
0.000000
0.000000
0.000000
0.000000
0.000000
0.000000
0.000000
0.000000
0.000000
0.000000
0.000000
0.000000
0.000000
0.000000
0.000000
0.000000
0.000000
0.000000
0.000000
0.000000
0.000000
0.000000
0.000000
0.000000
0.000000
0.000000
0.000000
0.000000
0.000000
0.000000
