81.019500
32.928700
835.020000
156.810000
62.804000
35.164000
20.748000
13.107000
8.109600
5.194300
3.962300
2.368000
2.014600
1.531100
1.011700
0.794510
0.578420
0.477660
0.379130
0.302200
0.206420
0.200540
0.116020
0.113170
0.083499
0.055829
0.065043
0.056105
0.037120
0.029775
0.018470
0.024806
0.013783
0.015730
0.009800
0.010421
0.006648
0.008631
0.003997
0.003096
0.002770
0.001672
0.001199
0.000887
0.000563
0.000834
0.001175
0.000611
0.000320
0.000241
0.000070
0.000060
0.000356
0.000150
0.000043
0.000054
0.000019
0.000014
0.000081
0.000016
0.000025
0.000024
0.000007
0.000031
0.000000
0.000022
0.000002
0.000009
0.000000
0.000001
0.000009
0.000000
0.000000
0.000003
0.000000
0.000000
0.000000
0.000000
0.000000
0.000000
0.000003
0.000000
0.000000
0.000000
0.000000
0.000000
0.000000
0.000000
0.000000
0.000000
0.000000
0.000000
0.000000
0.000000
0.000000
0.000000
0.000000
0.000000
0.000000
0.000000
0.000000
0.000000
0.000000
0.000000
0.000000
0.000000
0.000000
0.000000
0.000000
0.000000
0.000000
0.000000
0.000000
0.000000
0.000000
0.000000
0.000000
0.000000
0.000000
0.000000
0.000000
0.000000
0.000000
0.000000
0.000000
0.000000
0.000000
0.000000
0.000000
0.000000
0.000000
0.000000
0.000000
0.000000
0.000000
0.000000
0.000000
0.000000
0.000000
0.000000
0.000000
0.000000
0.000000
0.000000
0.000000
0.000000
0.000000
0.000000
0.000000
0.000000
0.000000
0.000000
0.000000
0.000000
0.000000
0.000000
0.000000
0.000000
0.000000
0.000000
0.000000
0.000000
0.000000
0.000000
0.000000
0.000000
0.000000
0.000000
0.000000
0.000000
0.000000
0.000000
0.000000
0.000000
0.000000
0.000000
0.000000
0.000000
0.000000
0.000000
0.000000
0.000000
0.000000
0.000000
0.000000
0.000000
0.000000
0.000000
0.000000
0.000000
0.000000
0.000000
0.000000
0.000000
0.000000
0.000000
0.000000
0.000000
0.000000
0.000000
0.000000
0.000000
