55.737100
10.629100
899.630000
202.810000
91.792000
57.193000
35.374000
23.065000
18.673000
13.696000
10.604000
8.282500
6.920400
4.998300
4.187300
3.726400
2.997000
2.392400
2.284200
1.879000
1.334100
1.355800
1.109900
0.953270
0.755570
0.679880
0.585840
0.466530
0.463730
0.294950
0.308870
0.259000
0.258410
0.232240
0.147690
0.157540
0.093868
0.107490
0.107010
0.082359
0.065834
0.056238
0.042376
0.036501
0.031957
0.037688
0.023460
0.031813
0.019517
0.021863
0.021944
0.020746
0.010516
0.006736
0.008550
0.010214
0.013007
0.004941
0.005613
0.004071
0.002893
0.001115
0.003397
0.001675
0.001998
0.001481
0.003570
0.001180
0.000524
0.000872
0.000906
0.000198
0.000499
0.001308
0.000617
0.000709
0.000375
0.000713
0.000086
0.000413
0.000453
0.000166
0.000074
0.000032
0.000016
0.000031
0.000015
0.000144
0.000016
0.000009
0.000000
0.000002
0.000016
0.000098
0.000000
0.000000
0.000065
0.000012
0.000002
0.000000
0.000003
0.000000
0.000000
0.000000
0.000000
0.000000
0.000001
0.000001
0.000000
0.000050
0.000006
0.000000
0.000000
0.000000
0.000000
0.000000
0.000000
0.000000
0.000000
0.000000
0.000000
0.000000
0.000000
0.000010
0.000000
0.000000
0.000000
0.000000
0.000000
0.000000
0.000000
0.000000
0.000000
0.000000
0.000000
0.000000
0.000000
0.000000
0.000000
0.000000
0.000000
0.000000
0.000000
0.000000
0.000000
0.000000
0.000000
0.000000
0.000000
0.000000
0.000000
0.000000
0.000000
0.000000
0.000000
0.000000
0.000000
0.000000
0.000000
0.000000
0.000000
0.000000
0.000000
0.000000
0.000000
0.000000
0.000000
0.000000
0.000000
0.000000
0.000000
0.000000
0.000000
0.000000
0.000000
0.000000
0.000000
0.000000
0.000000
0.000000
0.000000
0.000000
0.000000
0.000000
0.000000
0.000000
0.000000
0.000000
0.000000
0.000000
0.000000
0.000000
0.000000
0.000000
0.000000
0.000000
0.000000
0.000000
0.000000
0.000000
0.000000
0.000000
