42.115200
42.348200
936.460000
232.040000
115.410000
66.003000
41.326000
29.725000
20.746000
14.131000
11.355000
7.775900
5.390200
4.361200
3.109300
2.624900
2.016200
1.574700
1.219000
1.031800
0.750400
0.569450
0.403700
0.373550
0.186620
0.185360
0.161050
0.156450
0.079830
0.083430
0.067661
0.058533
0.040965
0.046625
0.031322
0.018586
0.017836
0.015145
0.010191
0.009043
0.004779
0.005573
0.004587
0.002807
0.001872
0.002619
0.001831
0.000969
0.001075
0.001097
0.000709
0.000714
0.000372
0.000346
0.000186
0.000059
0.000174
0.000305
0.000263
0.000081
0.000005
0.000011
0.000034
0.000086
0.000031
0.000038
0.000060
0.000014
0.000008
0.000000
0.000008
0.000017
0.000001
0.000002
0.000000
0.000004
0.000002
0.000000
0.000000
0.000000
0.000000
0.000000
0.000004
0.000000
0.000000
0.000000
0.000000
0.000000
0.000000
0.000000
0.000000
0.000000
0.000000
0.000000
0.000000
0.000000
0.000000
0.000000
0.000000
0.000000
0.000000
0.000000
0.000000
0.000000
0.000000
0.000000
0.000000
0.000000
0.000000
0.000000
0.000000
0.000000
0.000000
0.000000
0.000000
0.000000
0.000000
0.000000
0.000000
0.000000
0.000000
0.000000
0.000000
0.000000
0.000000
0.000000
0.000000
0.000000
0.000000
0.000000
0.000000
0.000000
0.000000
0.000000
0.000000
0.000000
0.000000
0.000000
0.000000
0.000000
0.000000
0.000000
0.000000
0.000000
0.000000
0.000000
0.000000
0.000000
0.000000
0.000000
0.000000
0.000000
0.000000
0.000000
0.000000
0.000000
0.000000
0.000000
0.000000
0.000000
0.000000
0.000000
0.000000
0.000000
0.000000
0.000000
0.000000
0.000000
0.000000
0.000000
0.000000
0.000000
0.000000
0.000000
0.000000
0.000000
0.000000
0.000000
0.000000
0.000000
0.000000
0.000000
0.000000
0.000000
0.000000
0.000000
0.000000
0.000000
0.000000
0.000000
0.000000
0.000000
0.000000
0.000000
0.000000
0.000000
0.000000
0.000000
0.000000
0.000000
0.000000
0.000000
