66.136700
34.781900
836.580000
169.320000
80.981000
41.163000
26.541000
17.484000
11.318000
7.640900
5.686500
4.255600
2.967600
2.255600
1.646700
1.386300
1.081800
0.695730
0.524880
0.420250
0.328340
0.262980
0.222160
0.179800
0.108710
0.107520
0.074541
0.073188
0.047249
0.050935
0.037285
0.030806
0.029201
0.020228
0.011965
0.013443
0.008127
0.009879
0.004988
0.003656
0.002207
0.002314
0.001765
0.001236
0.001135
0.001389
0.001004
0.001059
0.001071
0.000202
0.000798
0.000277
0.000247
0.000530
0.000148
0.000125
0.000037
0.000102
0.000659
0.000052
0.000068
0.000004
0.000002
0.000028
0.000048
0.000012
0.000000
0.000018
0.000003
0.000004
0.000007
0.000000
0.000012
0.000000
0.000000
0.000003
0.000000
0.000005
0.000000
0.000001
0.000000
0.000001
0.000000
0.000000
0.000000
0.000000
0.000000
0.000000
0.000000
0.000000
0.000000
0.000000
0.000000
0.000000
0.000000
0.000000
0.000000
0.000000
0.000000
0.000000
0.000000
0.000000
0.000000
0.000000
0.000000
0.000000
0.000000
0.000000
0.000000
0.000000
0.000000
0.000000
0.000000
0.000000
0.000000
0.000000
0.000000
0.000000
0.000000
0.000000
0.000000
0.000000
0.000000
0.000000
0.000000
0.000000
0.000000
0.000000
0.000000
0.000000
0.000000
0.000000
0.000000
0.000000
0.000000
0.000000
0.000000
0.000000
0.000000
0.000000
0.000000
0.000000
0.000000
0.000000
0.000000
0.000000
0.000000
0.000000
0.000000
0.000000
0.000000
0.000000
0.000000
0.000000
0.000000
0.000000
0.000000
0.000000
0.000000
0.000000
0.000000
0.000000
0.000000
0.000000
0.000000
0.000000
0.000000
0.000000
0.000000
0.000000
0.000000
0.000000
0.000000
0.000000
0.000000
0.000000
0.000000
0.000000
0.000000
0.000000
0.000000
0.000000
0.000000
0.000000
0.000000
0.000000
0.000000
0.000000
0.000000
0.000000
0.000000
0.000000
0.000000
0.000000
0.000000
0.000000
0.000000
0.000000
0.000000
0.000000
0.000000
0.000000
