42.342600
30.093400
978.440000
234.160000
110.530000
68.850000
42.387000
27.501000
23.215000
15.839000
12.125000
9.232700
6.977700
5.189100
3.963200
3.059300
2.629200
2.127600
1.583100
1.325500
0.988410
0.734640
0.641030
0.469010
0.438180
0.366880
0.310570
0.208380
0.167620
0.124550
0.129610
0.114730
0.081457
0.068915
0.061921
0.035577
0.042511
0.028500
0.017500
0.018182
0.012772
0.013255
0.008929
0.009264
0.006900
0.006846
0.006438
0.006107
0.005291
0.002625
0.003538
0.001624
0.001255
0.000529
0.001770
0.001402
0.000627
0.000200
0.000375
0.000072
0.000097
0.000230
0.000168
0.000160
0.000055
0.000281
0.000044
0.000009
0.000022
0.000131
0.000088
0.000018
0.000064
0.000010
0.000027
0.000117
0.000106
0.000010
0.000013
0.000002
0.000001
0.000009
0.000000
0.000000
0.000009
0.000000
0.000014
0.000000
0.000000
0.000000
0.000000
0.000000
0.000000
0.000000
0.000000
0.000000
0.000000
0.000000
0.000000
0.000002
0.000000
0.000000
0.000000
0.000000
0.000000
0.000000
0.000000
0.000000
0.000000
0.000000
0.000000
0.000000
0.000000
0.000000
0.000000
0.000000
0.000000
0.000000
0.000000
0.000000
0.000000
0.000000
0.000000
0.000000
0.000000
0.000000
0.000000
0.000000
0.000000
0.000000
0.000000
0.000000
0.000000
0.000000
0.000000
0.000000
0.000000
0.000000
0.000000
0.000000
0.000000
0.000000
0.000000
0.000000
0.000000
0.000000
0.000000
0.000000
0.000000
0.000000
0.000000
0.000000
0.000000
0.000000
0.000000
0.000000
0.000000
0.000000
0.000000
0.000000
0.000000
0.000000
0.000000
0.000000
0.000000
0.000000
0.000000
0.000000
0.000000
0.000000
0.000000
0.000000
0.000000
0.000000
0.000000
0.000000
0.000000
0.000000
0.000000
0.000000
0.000000
0.000000
0.000000
0.000000
0.000000
0.000000
0.000000
0.000000
0.000000
0.000000
0.000000
0.000000
0.000000
0.000000
0.000000
0.000000
0.000000
0.000000
0.000000
0.000000
0.000000
0.000000
