45.728200
43.630400
959.090000
218.400000
104.120000
56.044000
38.375000
24.847000
17.527000
13.481000
8.533100
6.866300
5.282200
3.842500
2.762200
2.228000
1.922600
1.412200
1.073200
0.779770
0.567660
0.453140
0.380900
0.318310
0.219090
0.156920
0.137730
0.120160
0.082113
0.078373
0.061313
0.039262
0.033343
0.025502
0.024609
0.016529
0.010320
0.013319
0.007646
0.007272
0.003934
0.004797
0.004080
0.002068
0.001154
0.001667
0.000905
0.000650
0.000922
0.000690
0.000127
0.000203
0.000205
0.000134
0.000048
0.000076
0.000175
0.000333
0.000044
0.000002
0.000058
0.000007
0.000008
0.000013
0.000028
0.000014
0.000044
0.000011
0.000002
0.000007
0.000000
0.000000
0.000000
0.000008
0.000000
0.000000
0.000001
0.000000
0.000000
0.000000
0.000001
0.000003
0.000000
0.000000
0.000000
0.000000
0.000000
0.000000
0.000000
0.000000
0.000000
0.000000
0.000000
0.000000
0.000000
0.000000
0.000000
0.000000
0.000000
0.000000
0.000000
0.000000
0.000000
0.000000
0.000000
0.000000
0.000000
0.000000
0.000000
0.000000
0.000000
0.000000
0.000000
0.000000
0.000000
0.000000
0.000000
0.000000
0.000000
0.000000
0.000000
0.000000
0.000000
0.000000
0.000000
0.000000
0.000000
0.000000
0.000000
0.000000
0.000000
0.000000
0.000000
0.000000
0.000000
0.000000
0.000000
0.000000
0.000000
0.000000
0.000000
0.000000
0.000000
0.000000
0.000000
0.000000
0.000000
0.000000
0.000000
0.000000
0.000000
0.000000
0.000000
0.000000
0.000000
0.000000
0.000000
0.000000
0.000000
0.000000
0.000000
0.000000
0.000000
0.000000
0.000000
0.000000
0.000000
0.000000
0.000000
0.000000
0.000000
0.000000
0.000000
0.000000
0.000000
0.000000
0.000000
0.000000
0.000000
0.000000
0.000000
0.000000
0.000000
0.000000
0.000000
0.000000
0.000000
0.000000
0.000000
0.000000
0.000000
0.000000
0.000000
0.000000
0.000000
0.000000
0.000000
0.000000
0.000000
0.000000
0.000000
0.000000
