70.242300
29.078100
833.920000
166.610000
74.872000
43.366000
25.894000
16.657000
11.151000
6.469200
5.363400
3.757100
2.940200
2.274400
1.732500
1.339800
0.999690
0.678530
0.621140
0.443740
0.427080
0.397650
0.221110
0.186440
0.154660
0.130150
0.092630
0.071221
0.061076
0.051613
0.038751
0.032582
0.024296
0.029405
0.013314
0.017509
0.009718
0.009355
0.010846
0.010747
0.005829
0.003052
0.003208
0.002240
0.002319
0.001960
0.001101
0.000975
0.000517
0.002064
0.000287
0.000876
0.000121
0.000405
0.000061
0.000166
0.000385
0.000205
0.000370
0.000036
0.000179
0.000046
0.000015
0.000086
0.000019
0.000178
0.000005
0.000013
0.000012
0.000004
0.000000
0.000025
0.000000
0.000000
0.000005
0.000005
0.000000
0.000003
0.000000
0.000000
0.000000
0.000000
0.000000
0.000000
0.000000
0.000000
0.000000
0.000002
0.000000
0.000001
0.000000
0.000000
0.000000
0.000000
0.000000
0.000000
0.000000
0.000000
0.000000
0.000000
0.000000
0.000000
0.000000
0.000000
0.000000
0.000000
0.000000
0.000000
0.000000
0.000000
0.000000
0.000000
0.000000
0.000000
0.000000
0.000000
0.000000
0.000000
0.000000
0.000000
0.000000
0.000000
0.000000
0.000000
0.000000
0.000000
0.000000
0.000000
0.000000
0.000000
0.000000
0.000000
0.000000
0.000000
0.000000
0.000000
0.000000
0.000000
0.000000
0.000000
0.000000
0.000000
0.000000
0.000000
0.000000
0.000000
0.000000
0.000000
0.000000
0.000000
0.000000
0.000000
0.000000
0.000000
0.000000
0.000000
0.000000
0.000000
0.000000
0.000000
0.000000
0.000000
0.000000
0.000000
0.000000
0.000000
0.000000
0.000000
0.000000
0.000000
0.000000
0.000000
0.000000
0.000000
0.000000
0.000000
0.000000
0.000000
0.000000
0.000000
0.000000
0.000000
0.000000
0.000000
0.000000
0.000000
0.000000
0.000000
0.000000
0.000000
0.000000
0.000000
0.000000
0.000000
0.000000
0.000000
0.000000
0.000000
0.000000
0.000000
0.000000
0.000000
