56.094200
52.559700
922.510000
187.670000
83.974000
48.257000
29.615000
20.670000
13.854000
8.635300
7.407300
4.823600
3.470900
2.480300
1.970400
1.265100
0.882150
0.781920
0.653500
0.426330
0.343050
0.228570
0.162320
0.138490
0.115830
0.081272
0.070365
0.040683
0.038534
0.026510
0.021131
0.011651
0.008334
0.010043
0.006622
0.004461
0.006742
0.002790
0.002406
0.001462
0.001183
0.000861
0.000632
0.000876
0.000602
0.000732
0.000164
0.000178
0.000735
0.000122
0.000095
0.000031
0.000025
0.000019
0.000067
0.000039
0.000022
0.000023
0.000022
0.000084
0.000005
0.000003
0.000006
0.000005
0.000002
0.000002
0.000000
0.000000
0.000011
0.000000
0.000000
0.000000
0.000000
0.000000
0.000000
0.000000
0.000000
0.000000
0.000000
0.000000
0.000000
0.000000
0.000000
0.000000
0.000000
0.000000
0.000000
0.000000
0.000000
0.000000
0.000000
0.000000
0.000000
0.000000
0.000000
0.000000
0.000000
0.000000
0.000000
0.000000
0.000000
0.000000
0.000000
0.000000
0.000000
0.000000
0.000000
0.000000
0.000000
0.000000
0.000000
0.000000
0.000000
0.000000
0.000000
0.000000
0.000000
0.000000
0.000000
0.000000
0.000000
0.000000
0.000000
0.000000
0.000000
0.000000
0.000000
0.000000
0.000000
0.000000
0.000000
0.000000
0.000000
0.000000
0.000000
0.000000
0.000000
0.000000
0.000000
0.000000
0.000000
0.000000
0.000000
0.000000
0.000000
0.000000
0.000000
0.000000
0.000000
0.000000
0.000000
0.000000
0.000000
0.000000
0.000000
0.000000
0.000000
0.000000
0.000000
0.000000
0.000000
0.000000
0.000000
0.000000
0.000000
0.000000
0.000000
0.000000
0.000000
0.000000
0.000000
0.000000
0.000000
0.000000
0.000000
0.000000
0.000000
0.000000
0.000000
0.000000
0.000000
0.000000
0.000000
0.000000
0.000000
0.000000
0.000000
0.000000
0.000000
0.000000
0.000000
0.000000
0.000000
0.000000
0.000000
0.000000
0.000000
0.000000
0.000000
0.000000
0.000000
0.000000
