64.739400
32.738600
890.440000
178.300000
77.511000
45.782000
25.305000
18.613000
11.767000
8.918000
5.844100
4.628000
3.424500
2.648200
1.760600
1.424400
1.080300
0.842060
0.685720
0.478520
0.377960
0.295800
0.268150
0.215250
0.152440
0.139030
0.104110
0.098577
0.064182
0.047400
0.037700
0.037649
0.026477
0.016471
0.017098
0.014548
0.013210
0.007825
0.008372
0.005281
0.008171
0.003585
0.003963
0.003058
0.001221
0.001615
0.000626
0.001476
0.001604
0.000664
0.000637
0.000863
0.001963
0.001287
0.000405
0.000193
0.000380
0.000109
0.000048
0.000073
0.000019
0.000178
0.000061
0.000031
0.000005
0.000015
0.000065
0.000012
0.000000
0.000000
0.000000
0.000000
0.000000
0.000077
0.000003
0.000001
0.000000
0.000009
0.000000
0.000000
0.000000
0.000000
0.000000
0.000000
0.000000
0.000000
0.000000
0.000000
0.000000
0.000000
0.000000
0.000000
0.000000
0.000000
0.000000
0.000000
0.000000
0.000000
0.000000
0.000001
0.000000
0.000000
0.000000
0.000000
0.000000
0.000000
0.000000
0.000000
0.000000
0.000000
0.000000
0.000000
0.000000
0.000000
0.000000
0.000000
0.000000
0.000000
0.000000
0.000000
0.000000
0.000000
0.000000
0.000000
0.000000
0.000000
0.000000
0.000000
0.000000
0.000000
0.000000
0.000000
0.000000
0.000000
0.000000
0.000000
0.000000
0.000000
0.000000
0.000000
0.000000
0.000000
0.000000
0.000000
0.000000
0.000000
0.000000
0.000000
0.000000
0.000000
0.000000
0.000000
0.000000
0.000000
0.000000
0.000000
0.000000
0.000000
0.000000
0.000000
0.000000
0.000000
0.000000
0.000000
0.000000
0.000000
0.000000
0.000000
0.000000
0.000000
0.000000
0.000000
0.000000
0.000000
0.000000
0.000000
0.000000
0.000000
0.000000
0.000000
0.000000
0.000000
0.000000
0.000000
0.000000
0.000000
0.000000
0.000000
0.000000
0.000000
0.000000
0.000000
0.000000
0.000000
0.000000
0.000000
0.000000
0.000000
0.000000
0.000000
0.000000
0.000000
