78.235600
27.982100
895.780000
152.960000
63.314000
33.979000
22.036000
14.460000
9.040500
6.659800
4.331100
3.234600
2.420900
1.802000
1.344000
1.030300
0.781050
0.602470
0.491820
0.454950
0.335920
0.272100
0.208550
0.158410
0.137780
0.107910
0.083042
0.082339
0.045770
0.031755
0.037423
0.028748
0.016160
0.015741
0.014237
0.009481
0.009378
0.012171
0.005097
0.004135
0.002925
0.002735
0.001836
0.002995
0.002946
0.001494
0.002183
0.001770
0.001813
0.001014
0.000953
0.000793
0.000134
0.000469
0.000201
0.000031
0.000102
0.000104
0.000045
0.000026
0.000027
0.000030
0.000078
0.000035
0.000019
0.000040
0.000041
0.000037
0.000034
0.000028
0.000004
0.000001
0.000000
0.000010
0.000002
0.000009
0.000000
0.000000
0.000025
0.000000
0.000000
0.000000
0.000000
0.000000
0.000000
0.000000
0.000000
0.000000
0.000000
0.000000
0.000000
0.000000
0.000000
0.000000
0.000000
0.000000
0.000000
0.000000
0.000000
0.000000
0.000000
0.000000
0.000000
0.000000
0.000000
0.000000
0.000000
0.000000
0.000000
0.000000
0.000000
0.000000
0.000000
0.000000
0.000000
0.000000
0.000000
0.000000
0.000000
0.000000
0.000000
0.000000
0.000000
0.000000
0.000000
0.000000
0.000000
0.000000
0.000000
0.000000
0.000000
0.000000
0.000000
0.000000
0.000000
0.000000
0.000000
0.000000
0.000000
0.000000
0.000000
0.000000
0.000000
0.000000
0.000000
0.000000
0.000000
0.000000
0.000000
0.000000
0.000000
0.000000
0.000000
0.000000
0.000000
0.000000
0.000000
0.000000
0.000000
0.000000
0.000000
0.000000
0.000000
0.000000
0.000000
0.000000
0.000000
0.000000
0.000000
0.000000
0.000000
0.000000
0.000000
0.000000
0.000000
0.000000
0.000000
0.000000
0.000000
0.000000
0.000000
0.000000
0.000000
0.000000
0.000000
0.000000
0.000000
0.000000
0.000000
0.000000
0.000000
0.000000
0.000000
0.000000
0.000000
0.000000
0.000000
0.000000
0.000000
0.000000
0.000000
0.000000
