55.442200
32.989500
967.530000
188.080000
90.953000
51.233000
32.208000
21.837000
16.393000
11.148000
7.851100
6.253300
4.050400
3.084300
2.594200
1.805300
1.502500
1.204200
0.795290
0.632920
0.524970
0.398770
0.336810
0.277740
0.184610
0.187780
0.146370
0.107710
0.089066
0.077167
0.069128
0.055636
0.043699
0.028425
0.018788
0.020125
0.015317
0.017448
0.008975
0.007325
0.005449
0.004618
0.003131
0.003760
0.003367
0.003534
0.001541
0.001997
0.002628
0.000887
0.000344
0.000397
0.000262
0.000565
0.000321
0.000474
0.000764
0.000156
0.000187
0.000136
0.000130
0.000053
0.000033
0.000011
0.000049
0.000006
0.000028
0.000061
0.000071
0.000287
0.000001
0.000000
0.000011
0.000003
0.000000
0.000001
0.000000
0.000000
0.000002
0.000001
0.000000
0.000000
0.000000
0.000005
0.000003
0.000000
0.000000
0.000000
0.000001
0.000000
0.000000
0.000000
0.000000
0.000000
0.000000
0.000000
0.000000
0.000000
0.000000
0.000000
0.000000
0.000000
0.000000
0.000000
0.000000
0.000000
0.000000
0.000000
0.000000
0.000000
0.000000
0.000000
0.000000
0.000000
0.000000
0.000000
0.000000
0.000000
0.000000
0.000000
0.000000
0.000000
0.000000
0.000000
0.000000
0.000000
0.000000
0.000000
0.000000
0.000000
0.000000
0.000000
0.000000
0.000000
0.000000
0.000000
0.000000
0.000000
0.000000
0.000000
0.000000
0.000000
0.000000
0.000000
0.000000
0.000000
0.000000
0.000000
0.000000
0.000000
0.000000
0.000000
0.000000
0.000000
0.000000
0.000000
0.000000
0.000000
0.000000
0.000000
0.000000
0.000000
0.000000
0.000000
0.000000
0.000000
0.000000
0.000000
0.000000
0.000000
0.000000
0.000000
0.000000
0.000000
0.000000
0.000000
0.000000
0.000000
0.000000
0.000000
0.000000
0.000000
0.000000
0.000000
0.000000
0.000000
0.000000
0.000000
0.000000
0.000000
0.000000
0.000000
0.000000
0.000000
0.000000
0.000000
0.000000
0.000000
0.000000
0.000000
0.000000
0.000000
