47.729700
28.759600
1003.000000
221.180000
105.780000
61.977000
39.323000
24.581000
17.887000
13.267000
10.529000
8.162300
5.512700
4.716000
3.429500
2.721700
2.157400
1.667400
1.496100
1.112000
0.891620
0.754500
0.519910
0.419190
0.392410
0.338060
0.245320
0.222870
0.146140
0.111680
0.123020
0.074159
0.071212
0.043209
0.052969
0.047256
0.045875
0.030113
0.020433
0.023151
0.010669
0.009376
0.007762
0.007287
0.008505
0.004643
0.004100
0.002320
0.001903
0.002558
0.001789
0.003126
0.000928
0.001110
0.001512
0.000570
0.000128
0.000511
0.000424
0.000509
0.000372
0.000510
0.000117
0.000162
0.000316
0.000026
0.000094
0.000083
0.000051
0.000000
0.000000
0.000062
0.000034
0.000008
0.000006
0.000000
0.000011
0.000000
0.000008
0.000035
0.000004
0.000002
0.000000
0.000000
0.000001
0.000000
0.000000
0.000000
0.000000
0.000013
0.000001
0.000000
0.000000
0.000000
0.000001
0.000000
0.000000
0.000000
0.000000
0.000000
0.000000
0.000000
0.000000
0.000000
0.000000
0.000000
0.000000
0.000000
0.000000
0.000000
0.000000
0.000000
0.000000
0.000000
0.000000
0.000000
0.000000
0.000000
0.000000
0.000000
0.000000
0.000000
0.000000
0.000000
0.000000
0.000000
0.000000
0.000000
0.000000
0.000000
0.000000
0.000000
0.000000
0.000000
0.000000
0.000000
0.000000
0.000000
0.000000
0.000000
0.000000
0.000000
0.000000
0.000000
0.000000
0.000000
0.000000
0.000000
0.000000
0.000000
0.000000
0.000000
0.000000
0.000000
0.000000
0.000000
0.000000
0.000000
0.000000
0.000000
0.000000
0.000000
0.000000
0.000000
0.000000
0.000000
0.000000
0.000000
0.000000
0.000000
0.000000
0.000000
0.000000
0.000000
0.000000
0.000000
0.000000
0.000000
0.000000
0.000000
0.000000
0.000000
0.000000
0.000000
0.000000
0.000000
0.000000
0.000000
0.000000
0.000000
0.000000
0.000000
0.000000
0.000000
0.000000
0.000000
0.000000
0.000000
0.000000
0.000000
0.000000
0.000000
