45.208300
25.763500
993.750000
214.310000
98.486000
60.639000
38.900000
28.520000
20.656000
15.230000
10.926000
8.173100
6.780400
5.516400
4.206100
3.235300
2.660400
2.038900
1.493100
1.417200
1.116700
0.792760
0.707200
0.549840
0.537120
0.359850
0.308640
0.287060
0.205200
0.146670
0.145450
0.131890
0.101080
0.082297
0.051969
0.051373
0.049886
0.045276
0.028564
0.020146
0.027198
0.017064
0.011184
0.007063
0.013706
0.006575
0.007585
0.006321
0.004023
0.002945
0.004808
0.002433
0.002175
0.002197
0.001360
0.000930
0.000754
0.001454
0.000599
0.000918
0.000680
0.000392
0.000183
0.000095
0.000402
0.000165
0.000039
0.000307
0.000092
0.000013
0.000084
0.000054
0.000059
0.000043
0.000019
0.000030
0.000012
0.000033
0.000022
0.000193
0.000000
0.000016
0.000000
0.000000
0.000000
0.000003
0.000000
0.000000
0.000000
0.000001
0.000000
0.000014
0.000000
0.000000
0.000000
0.000005
0.000000
0.000000
0.000000
0.000000
0.000000
0.000000
0.000000
0.000000
0.000000
0.000000
0.000003
0.000000
0.000000
0.000000
0.000000
0.000000
0.000000
0.000000
0.000000
0.000000
0.000000
0.000000
0.000000
0.000000
0.000000
0.000000
0.000000
0.000000
0.000000
0.000000
0.000000
0.000000
0.000000
0.000000
0.000000
0.000000
0.000000
0.000000
0.000000
0.000000
0.000000
0.000000
0.000000
0.000000
0.000000
0.000000
0.000000
0.000000
0.000000
0.000000
0.000000
0.000000
0.000000
0.000000
0.000000
0.000000
0.000000
0.000000
0.000000
0.000000
0.000000
0.000000
0.000000
0.000000
0.000000
0.000000
0.000000
0.000000
0.000000
0.000000
0.000000
0.000000
0.000000
0.000000
0.000000
0.000000
0.000000
0.000000
0.000000
0.000000
0.000000
0.000000
0.000000
0.000000
0.000000
0.000000
0.000000
0.000000
0.000000
0.000000
0.000000
0.000000
0.000000
0.000000
0.000000
0.000000
0.000000
0.000000
0.000000
0.000000
0.000000
0.000000
0.000000
0.000000
0.000000
0.000000
