46.049600
19.786800
955.590000
238.170000
105.590000
61.766000
36.559000
27.434000
20.117000
15.736000
11.289000
8.400500
7.167500
5.546300
4.216800
3.543700
3.331500
2.520500
2.103000
1.830500
1.482800
1.066100
0.852930
0.697450
0.572870
0.549970
0.432510
0.375100
0.302880
0.245600
0.191560
0.206840
0.163050
0.095739
0.107000
0.068830
0.064822
0.065730
0.050681
0.048507
0.039341
0.039229
0.018077
0.016392
0.013189
0.015383
0.013764
0.009623
0.011417
0.006592
0.009227
0.004934
0.003547
0.004840
0.001983
0.000784
0.003164
0.000907
0.001151
0.002146
0.001495
0.000489
0.000203
0.000132
0.000690
0.000306
0.000154
0.000750
0.000064
0.000047
0.000078
0.000048
0.000285
0.000057
0.000021
0.000058
0.000051
0.000115
0.000246
0.000016
0.000015
0.000028
0.000049
0.000005
0.000004
0.000010
0.000018
0.000009
0.000000
0.000044
0.000000
0.000001
0.000000
0.000011
0.000001
0.000009
0.000000
0.000000
0.000000
0.000000
0.000000
0.000021
0.000001
0.000000
0.000000
0.000000
0.000000
0.000000
0.000000
0.000000
0.000000
0.000007
0.000000
0.000000
0.000000
0.000000
0.000000
0.000000
0.000000
0.000000
0.000000
0.000000
0.000000
0.000000
0.000000
0.000000
0.000000
0.000000
0.000000
0.000000
0.000000
0.000000
0.000000
0.000000
0.000000
0.000000
0.000000
0.000000
0.000000
0.000000
0.000000
0.000000
0.000000
0.000000
0.000000
0.000000
0.000000
0.000000
0.000000
0.000000
0.000000
0.000000
0.000000
0.000000
0.000000
0.000000
0.000000
0.000000
0.000000
0.000000
0.000000
0.000000
0.000000
0.000000
0.000000
0.000000
0.000000
0.000000
0.000000
0.000000
0.000000
0.000000
0.000000
0.000000
0.000000
0.000000
0.000000
0.000000
0.000000
0.000000
0.000000
0.000000
0.000000
0.000000
0.000000
0.000000
0.000000
0.000000
0.000000
0.000000
0.000000
0.000000
0.000000
0.000000
0.000000
0.000000
0.000000
0.000000
0.000000
0.000000
0.000000
0.000000
