71.623100
10.249700
869.660000
166.290000
74.056000
40.472000
25.490000
16.965000
11.656000
9.278200
6.719400
5.415600
4.421200
3.657700
2.926900
2.179100
1.796100
1.718600
1.323600
0.917150
0.960670
0.798340
0.616920
0.529590
0.483310
0.403510
0.411170
0.280240
0.284890
0.223750
0.219230
0.170080
0.149860
0.119410
0.092851
0.072975
0.069968
0.067660
0.043753
0.053358
0.039338
0.039814
0.037354
0.023367
0.032232
0.015856
0.012702
0.014060
0.009156
0.011093
0.007572
0.006832
0.008456
0.012659
0.008638
0.002620
0.004704
0.001118
0.002696
0.001848
0.003228
0.001882
0.001579
0.000839
0.001036
0.001317
0.000823
0.000620
0.002767
0.000092
0.000067
0.000502
0.000735
0.000329
0.000108
0.000039
0.000525
0.000004
0.000022
0.000508
0.000107
0.000000
0.000016
0.000030
0.000004
0.000009
0.000045
0.000002
0.000000
0.000056
0.000002
0.000000
0.000000
0.000115
0.000000
0.000000
0.000037
0.000000
0.000000
0.000158
0.000053
0.000000
0.000000
0.000000
0.000000
0.000000
0.000000
0.000000
0.000079
0.000000
0.000000
0.000000
0.000000
0.000000
0.000001
0.000000
0.000000
0.000000
0.000000
0.000000
0.000000
0.000000
0.000000
0.000000
0.000000
0.000000
0.000000
0.000000
0.000000
0.000000
0.000000
0.000000
0.000000
0.000000
0.000000
0.000000
0.000000
0.000000
0.000000
0.000000
0.000000
0.000000
0.000000
0.000000
0.000000
0.000000
0.000000
0.000000
0.000000
0.000000
0.000000
0.000000
0.000000
0.000000
0.000000
0.000000
0.000000
0.000000
0.000000
0.000000
0.000000
0.000000
0.000000
0.000000
0.000000
0.000000
0.000000
0.000000
0.000000
0.000000
0.000000
0.000000
0.000000
0.000000
0.000000
0.000000
0.000000
0.000000
0.000000
0.000000
0.000000
0.000000
0.000000
0.000000
0.000000
0.000000
0.000000
0.000000
0.000000
0.000000
0.000000
0.000000
0.000000
0.000000
0.000000
0.000000
0.000000
0.000000
0.000000
0.000000
0.000000
0.000000
