62.447500
45.900500
853.450000
187.530000
75.876000
44.180000
28.434000
17.591000
11.305000
7.625800
5.950100
4.269000
2.892400
2.257200
1.535500
1.130800
0.788950
0.702030
0.507260
0.381800
0.301810
0.202900
0.164380
0.099616
0.079622
0.080356
0.058621
0.028643
0.030695
0.024942
0.026426
0.016663
0.011607
0.013845
0.007381
0.004740
0.003554
0.004582
0.002815
0.001859
0.001622
0.001533
0.001083
0.000400
0.000531
0.000464
0.000173
0.000206
0.000113
0.000045
0.000008
0.000269
0.000035
0.000046
0.000038
0.000127
0.000107
0.000021
0.000028
0.000051
0.000049
0.000016
0.000005
0.000009
0.000000
0.000024
0.000000
0.000000
0.000000
0.000000
0.000000
0.000000
0.000000
0.000000
0.000000
0.000000
0.000000
0.000000
0.000000
0.000000
0.000000
0.000000
0.000000
0.000000
0.000000
0.000000
0.000000
0.000000
0.000000
0.000000
0.000000
0.000000
0.000000
0.000000
0.000000
0.000000
0.000000
0.000000
0.000000
0.000000
0.000000
0.000000
0.000000
0.000000
0.000000
0.000000
0.000000
0.000000
0.000000
0.000000
0.000000
0.000000
0.000000
0.000000
0.000000
0.000000
0.000000
0.000000
0.000000
0.000000
0.000000
0.000000
0.000000
0.000000
0.000000
0.000000
0.000000
0.000000
0.000000
0.000000
0.000000
0.000000
0.000000
0.000000
0.000000
0.000000
0.000000
0.000000
0.000000
0.000000
0.000000
0.000000
0.000000
0.000000
0.000000
0.000000
0.000000
0.000000
0.000000
0.000000
0.000000
0.000000
0.000000
0.000000
0.000000
0.000000
0.000000
0.000000
0.000000
0.000000
0.000000
0.000000
0.000000
0.000000
0.000000
0.000000
0.000000
0.000000
0.000000
0.000000
0.000000
0.000000
0.000000
0.000000
0.000000
0.000000
0.000000
0.000000
0.000000
0.000000
0.000000
0.000000
0.000000
0.000000
0.000000
0.000000
0.000000
0.000000
0.000000
0.000000
0.000000
0.000000
0.000000
0.000000
0.000000
0.000000
0.000000
0.000000
0.000000
0.000000
0.000000
0.000000
