53.235800
41.046500
966.230000
198.470000
90.458000
48.896000
30.747000
21.524000
17.195000
10.938000
7.473300
5.671300
3.809300
2.971100
2.331400
1.870000
1.343500
1.007500
0.930790
0.728550
0.517370
0.392140
0.268340
0.232460
0.183590
0.111640
0.098971
0.096251
0.064117
0.049209
0.033251
0.038426
0.022433
0.019567
0.017704
0.013587
0.009610
0.006304
0.006382
0.004289
0.004511
0.003996
0.002164
0.002352
0.001784
0.001498
0.000874
0.000846
0.000394
0.000278
0.000580
0.000323
0.000146
0.000141
0.000093
0.000079
0.000084
0.000106
0.000123
0.000041
0.000024
0.000000
0.000030
0.000069
0.000003
0.000002
0.000002
0.000000
0.000000
0.000000
0.000002
0.000001
0.000005
0.000002
0.000000
0.000000
0.000000
0.000000
0.000000
0.000000
0.000000
0.000000
0.000002
0.000000
0.000000
0.000000
0.000000
0.000000
0.000000
0.000000
0.000000
0.000000
0.000000
0.000000
0.000000
0.000000
0.000000
0.000000
0.000000
0.000000
0.000000
0.000000
0.000000
0.000000
0.000000
0.000000
0.000000
0.000000
0.000000
0.000000
0.000000
0.000000
0.000000
0.000000
0.000000
0.000000
0.000000
0.000000
0.000000
0.000000
0.000000
0.000000
0.000000
0.000000
0.000000
0.000000
0.000000
0.000000
0.000000
0.000000
0.000000
0.000000
0.000000
0.000000
0.000000
0.000000
0.000000
0.000000
0.000000
0.000000
0.000000
0.000000
0.000000
0.000000
0.000000
0.000000
0.000000
0.000000
0.000000
0.000000
0.000000
0.000000
0.000000
0.000000
0.000000
0.000000
0.000000
0.000000
0.000000
0.000000
0.000000
0.000000
0.000000
0.000000
0.000000
0.000000
0.000000
0.000000
0.000000
0.000000
0.000000
0.000000
0.000000
0.000000
0.000000
0.000000
0.000000
0.000000
0.000000
0.000000
0.000000
0.000000
0.000000
0.000000
0.000000
0.000000
0.000000
0.000000
0.000000
0.000000
0.000000
0.000000
0.000000
0.000000
0.000000
0.000000
0.000000
0.000000
0.000000
0.000000
0.000000
0.000000
