68.260600
19.842100
861.960000
171.580000
82.044000
42.729000
27.746000
17.273000
11.825000
8.914700
6.497200
5.176400
3.786000
2.823800
2.488100
1.719300
1.501500
1.012600
0.895170
0.902860
0.593860
0.563360
0.432390
0.264980
0.363430
0.222530
0.207720
0.156520
0.122960
0.140890
0.087136
0.075672
0.063494
0.056144
0.047934
0.038363
0.030631
0.034926
0.025051
0.016439
0.013066
0.006360
0.011972
0.009704
0.006581
0.006472
0.005388
0.004208
0.007756
0.004736
0.001925
0.005568
0.001406
0.001058
0.003734
0.001840
0.001459
0.000931
0.000619
0.000517
0.000227
0.000105
0.000347
0.000284
0.000117
0.000127
0.000196
0.000117
0.000049
0.000043
0.000088
0.000013
0.000010
0.000042
0.000000
0.000356
0.000002
0.000002
0.000000
0.000000
0.000000
0.000002
0.000000
0.000015
0.000006
0.000015
0.000000
0.000044
0.000000
0.000009
0.000014
0.000000
0.000000
0.000000
0.000000
0.000000
0.000000
0.000000
0.000000
0.000000
0.000000
0.000000
0.000000
0.000000
0.000000
0.000000
0.000000
0.000000
0.000000
0.000000
0.000000
0.000000
0.000000
0.000000
0.000000
0.000000
0.000000
0.000000
0.000000
0.000000
0.000000
0.000000
0.000000
0.000000
0.000000
0.000000
0.000000
0.000000
0.000000
0.000000
0.000000
0.000000
0.000000
0.000000
0.000000
0.000000
0.000000
0.000000
0.000000
0.000000
0.000000
0.000000
0.000000
0.000000
0.000000
0.000000
0.000000
0.000000
0.000000
0.000000
0.000000
0.000000
0.000000
0.000000
0.000000
0.000000
0.000000
0.000000
0.000000
0.000000
0.000000
0.000000
0.000000
0.000000
0.000000
0.000000
0.000000
0.000000
0.000000
0.000000
0.000000
0.000000
0.000000
0.000000
0.000000
0.000000
0.000000
0.000000
0.000000
0.000000
0.000000
0.000000
0.000000
0.000000
0.000000
0.000000
0.000000
0.000000
0.000000
0.000000
0.000000
0.000000
0.000000
0.000000
0.000000
0.000000
0.000000
0.000000
0.000000
0.000000
0.000000
0.000000
