81.549400
43.548400
850.780000
153.010000
59.220000
31.821000
19.289000
11.741000
7.285500
4.801800
3.324600
2.645900
1.766700
1.172800
0.806830
0.697640
0.471430
0.299780
0.260650
0.191530
0.138080
0.119100
0.103220
0.069779
0.054423
0.040605
0.026830
0.023290
0.021505
0.016967
0.012711
0.008632
0.004985
0.004861
0.002791
0.002012
0.001956
0.001609
0.003065
0.001118
0.000359
0.000893
0.000394
0.000305
0.000542
0.000149
0.000443
0.000023
0.000093
0.000039
0.000059
0.000054
0.000016
0.000235
0.000014
0.000011
0.000025
0.000009
0.000000
0.000008
0.000000
0.000000
0.000005
0.000000
0.000000
0.000005
0.000000
0.000000
0.000000
0.000000
0.000000
0.000000
0.000002
0.000000
0.000000
0.000000
0.000000
0.000000
0.000000
0.000000
0.000000
0.000000
0.000000
0.000000
0.000000
0.000000
0.000000
0.000000
0.000000
0.000000
0.000000
0.000000
0.000000
0.000000
0.000000
0.000000
0.000000
0.000000
0.000000
0.000000
0.000000
0.000000
0.000000
0.000000
0.000000
0.000000
0.000000
0.000000
0.000000
0.000000
0.000000
0.000000
0.000000
0.000000
0.000000
0.000000
0.000000
0.000000
0.000000
0.000000
0.000000
0.000000
0.000000
0.000000
0.000000
0.000000
0.000000
0.000000
0.000000
0.000000
0.000000
0.000000
0.000000
0.000000
0.000000
0.000000
0.000000
0.000000
0.000000
0.000000
0.000000
0.000000
0.000000
0.000000
0.000000
0.000000
0.000000
0.000000
0.000000
0.000000
0.000000
0.000000
0.000000
0.000000
0.000000
0.000000
0.000000
0.000000
0.000000
0.000000
0.000000
0.000000
0.000000
0.000000
0.000000
0.000000
0.000000
0.000000
0.000000
0.000000
0.000000
0.000000
0.000000
0.000000
0.000000
0.000000
0.000000
0.000000
0.000000
0.000000
0.000000
0.000000
0.000000
0.000000
0.000000
0.000000
0.000000
0.000000
0.000000
0.000000
0.000000
0.000000
0.000000
0.000000
0.000000
0.000000
0.000000
0.000000
0.000000
0.000000
0.000000
0.000000
