56.063000
10.758500
923.200000
206.260000
91.827000
57.298000
38.584000
23.772000
17.508000
13.657000
10.564000
7.917100
7.038400
5.244100
4.499600
3.662900
2.812800
2.650000
2.038900
1.758500
1.608400
1.387500
0.910040
0.879830
0.826080
0.610040
0.447480
0.421350
0.356430
0.426090
0.282780
0.289820
0.211650
0.187620
0.138080
0.170020
0.111770
0.111480
0.103770
0.072754
0.062047
0.088152
0.066711
0.057147
0.028995
0.029710
0.029016
0.021403
0.023191
0.010069
0.010307
0.017049
0.007531
0.009428
0.010086
0.012376
0.004440
0.005796
0.003041
0.002276
0.001825
0.002397
0.004637
0.001278
0.002555
0.000460
0.003265
0.001736
0.001631
0.000859
0.000721
0.000621
0.000167
0.000376
0.000123
0.000369
0.000332
0.000066
0.000023
0.000416
0.000001
0.000617
0.000124
0.000004
0.000055
0.000077
0.000006
0.000024
0.000018
0.000002
0.000100
0.000011
0.000002
0.000141
0.000167
0.000000
0.000000
0.000023
0.000000
0.000000
0.000002
0.000001
0.000000
0.000000
0.000008
0.000000
0.000000
0.000000
0.000000
0.000037
0.000000
0.000000
0.000000
0.000000
0.000000
0.000000
0.000000
0.000000
0.000000
0.000000
0.000000
0.000000
0.000009
0.000000
0.000000
0.000000
0.000000
0.000000
0.000000
0.000000
0.000000
0.000000
0.000000
0.000000
0.000000
0.000000
0.000000
0.000000
0.000000
0.000000
0.000000
0.000000
0.000000
0.000000
0.000000
0.000000
0.000000
0.000000
0.000000
0.000000
0.000000
0.000000
0.000000
0.000000
0.000000
0.000000
0.000000
0.000000
0.000000
0.000000
0.000000
0.000000
0.000000
0.000000
0.000000
0.000000
0.000000
0.000000
0.000000
0.000000
0.000000
0.000000
0.000000
0.000000
0.000000
0.000000
0.000000
0.000000
0.000000
0.000000
0.000000
0.000000
0.000000
0.000000
0.000000
0.000000
0.000000
0.000000
0.000000
0.000000
0.000000
0.000000
0.000000
0.000000
0.000000
0.000000
0.000000
0.000000
0.000000
0.000000
0.000000
0.000000
