48.857100
31.101000
921.000000
217.220000
100.240000
55.501000
34.729000
26.902000
16.974000
12.866000
9.865600
7.078300
5.496500
4.276300
3.360600
2.653200
2.028100
1.464400
1.172100
0.933860
0.758590
0.563420
0.475510
0.429090
0.331620
0.225870
0.188900
0.190790
0.141790
0.127440
0.095697
0.067158
0.062702
0.047736
0.046569
0.030369
0.029220
0.015160
0.009635
0.024715
0.011695
0.008813
0.004079
0.005472
0.002958
0.006993
0.004811
0.001014
0.001135
0.001784
0.002764
0.000515
0.001332
0.000243
0.000377
0.001282
0.001188
0.000291
0.000280
0.000069
0.000068
0.000104
0.000057
0.000443
0.000044
0.000066
0.000056
0.000082
0.000002
0.000005
0.000009
0.000000
0.000028
0.000002
0.000013
0.000006
0.000010
0.000006
0.000007
0.000001
0.000000
0.000000
0.000000
0.000000
0.000000
0.000002
0.000001
0.000000
0.000000
0.000000
0.000000
0.000000
0.000000
0.000000
0.000002
0.000000
0.000000
0.000000
0.000008
0.000000
0.000000
0.000000
0.000000
0.000000
0.000000
0.000000
0.000000
0.000000
0.000000
0.000000
0.000000
0.000000
0.000000
0.000000
0.000000
0.000000
0.000000
0.000000
0.000000
0.000000
0.000000
0.000000
0.000000
0.000000
0.000000
0.000000
0.000000
0.000000
0.000000
0.000000
0.000000
0.000000
0.000000
0.000000
0.000000
0.000000
0.000000
0.000000
0.000000
0.000000
0.000000
0.000000
0.000000
0.000000
0.000000
0.000000
0.000000
0.000000
0.000000
0.000000
0.000000
0.000000
0.000000
0.000000
0.000000
0.000000
0.000000
0.000000
0.000000
0.000000
0.000000
0.000000
0.000000
0.000000
0.000000
0.000000
0.000000
0.000000
0.000000
0.000000
0.000000
0.000000
0.000000
0.000000
0.000000
0.000000
0.000000
0.000000
0.000000
0.000000
0.000000
0.000000
0.000000
0.000000
0.000000
0.000000
0.000000
0.000000
0.000000
0.000000
0.000000
0.000000
0.000000
0.000000
0.000000
0.000000
0.000000
0.000000
0.000000
0.000000
0.000000
0.000000
