41.283000
27.510500
994.500000
233.290000
110.700000
68.429000
40.674000
31.019000
21.975000
15.924000
12.418000
9.069200
7.613600
5.444800
4.328300
3.390000
2.706100
2.173800
1.874200
1.561100
1.146300
0.926240
0.855950
0.634780
0.547020
0.450580
0.302210
0.252440
0.234150
0.192390
0.167140
0.121420
0.067475
0.082463
0.072700
0.050341
0.032639
0.030276
0.032254
0.022382
0.020712
0.019936
0.011712
0.009660
0.012627
0.006084
0.003211
0.005584
0.005270
0.004311
0.003811
0.003159
0.001558
0.001949
0.004349
0.001277
0.001031
0.001148
0.000460
0.001595
0.000971
0.000263
0.000706
0.000216
0.000250
0.000028
0.000040
0.000008
0.000305
0.000084
0.000041
0.000051
0.000021
0.000103
0.000057
0.000002
0.000014
0.000025
0.000012
0.000015
0.000005
0.000010
0.000000
0.000000
0.000001
0.000000
0.000022
0.000003
0.000003
0.000000
0.000011
0.000000
0.000000
0.000000
0.000000
0.000000
0.000000
0.000000
0.000000
0.000000
0.000000
0.000000
0.000000
0.000000
0.000000
0.000000
0.000000
0.000000
0.000000
0.000000
0.000000
0.000000
0.000000
0.000000
0.000000
0.000000
0.000000
0.000000
0.000000
0.000000
0.000000
0.000000
0.000000
0.000000
0.000000
0.000000
0.000000
0.000000
0.000000
0.000000
0.000000
0.000000
0.000000
0.000000
0.000000
0.000000
0.000000
0.000000
0.000000
0.000000
0.000000
0.000000
0.000000
0.000000
0.000000
0.000000
0.000000
0.000000
0.000000
0.000000
0.000000
0.000000
0.000000
0.000000
0.000000
0.000000
0.000000
0.000000
0.000000
0.000000
0.000000
0.000000
0.000000
0.000000
0.000000
0.000000
0.000000
0.000000
0.000000
0.000000
0.000000
0.000000
0.000000
0.000000
0.000000
0.000000
0.000000
0.000000
0.000000
0.000000
0.000000
0.000000
0.000000
0.000000
0.000000
0.000000
0.000000
0.000000
0.000000
0.000000
0.000000
0.000000
0.000000
0.000000
0.000000
0.000000
0.000000
0.000000
0.000000
0.000000
0.000000
0.000000
