66.858500
20.243000
891.150000
178.910000
81.677000
43.428000
26.953000
19.176000
12.159000
8.541000
7.130000
4.920100
3.683600
2.801100
2.155600
1.724100
1.413000
1.056500
0.863560
0.771590
0.711390
0.557990
0.446500
0.364480
0.304570
0.268950
0.217680
0.157410
0.175470
0.113630
0.069680
0.096390
0.067696
0.044322
0.047904
0.028910
0.032009
0.047132
0.023604
0.018948
0.015935
0.010943
0.008283
0.006981
0.005494
0.005761
0.006535
0.005132
0.002222
0.002743
0.003373
0.003058
0.002098
0.001113
0.001983
0.000247
0.000853
0.001599
0.000380
0.000506
0.000285
0.000195
0.000569
0.000279
0.000181
0.000402
0.000040
0.000187
0.000048
0.000232
0.000054
0.000005
0.000055
0.000005
0.000095
0.000095
0.000007
0.000003
0.000000
0.000016
0.000037
0.000011
0.000011
0.000000
0.000004
0.000006
0.000000
0.000006
0.000000
0.000004
0.000001
0.000000
0.000000
0.000000
0.000000
0.000000
0.000000
0.000000
0.000000
0.000000
0.000000
0.000000
0.000000
0.000000
0.000000
0.000000
0.000000
0.000000
0.000000
0.000000
0.000000
0.000000
0.000000
0.000000
0.000000
0.000000
0.000000
0.000000
0.000000
0.000000
0.000000
0.000000
0.000000
0.000000
0.000000
0.000000
0.000000
0.000000
0.000000
0.000000
0.000000
0.000000
0.000000
0.000000
0.000000
0.000000
0.000000
0.000000
0.000000
0.000000
0.000000
0.000000
0.000000
0.000000
0.000000
0.000000
0.000000
0.000000
0.000000
0.000000
0.000000
0.000000
0.000000
0.000000
0.000000
0.000000
0.000000
0.000000
0.000000
0.000000
0.000000
0.000000
0.000000
0.000000
0.000000
0.000000
0.000000
0.000000
0.000000
0.000000
0.000000
0.000000
0.000000
0.000000
0.000000
0.000000
0.000000
0.000000
0.000000
0.000000
0.000000
0.000000
0.000000
0.000000
0.000000
0.000000
0.000000
0.000000
0.000000
0.000000
0.000000
0.000000
0.000000
0.000000
0.000000
0.000000
0.000000
0.000000
0.000000
0.000000
0.000000
0.000000
