41.935800
34.352700
965.570000
244.040000
114.640000
66.828000
42.148000
28.438000
19.970000
14.043000
11.595000
8.915000
5.877900
5.403000
3.457100
3.175000
2.503000
1.806100
1.409200
1.074100
0.853390
0.632150
0.616630
0.461820
0.367160
0.317870
0.209030
0.203280
0.155380
0.111120
0.114880
0.094037
0.070762
0.058533
0.041334
0.040526
0.022606
0.030232
0.016673
0.015833
0.008817
0.006605
0.007761
0.007331
0.006641
0.005051
0.001652
0.001796
0.002182
0.001824
0.000888
0.000396
0.000441
0.000475
0.000735
0.000739
0.000185
0.000458
0.000097
0.000230
0.000279
0.000043
0.000086
0.000188
0.000071
0.000033
0.000064
0.000069
0.000019
0.000070
0.000003
0.000015
0.000004
0.000006
0.000001
0.000003
0.000001
0.000000
0.000042
0.000002
0.000000
0.000000
0.000006
0.000000
0.000000
0.000009
0.000009
0.000000
0.000000
0.000000
0.000000
0.000000
0.000000
0.000000
0.000000
0.000000
0.000000
0.000000
0.000000
0.000000
0.000000
0.000000
0.000000
0.000000
0.000000
0.000000
0.000000
0.000000
0.000000
0.000000
0.000000
0.000000
0.000000
0.000000
0.000000
0.000000
0.000000
0.000000
0.000000
0.000000
0.000000
0.000000
0.000000
0.000000
0.000000
0.000000
0.000000
0.000000
0.000000
0.000000
0.000000
0.000000
0.000000
0.000000
0.000000
0.000000
0.000000
0.000000
0.000000
0.000000
0.000000
0.000000
0.000000
0.000000
0.000000
0.000000
0.000000
0.000000
0.000000
0.000000
0.000000
0.000000
0.000000
0.000000
0.000000
0.000000
0.000000
0.000000
0.000000
0.000000
0.000000
0.000000
0.000000
0.000000
0.000000
0.000000
0.000000
0.000000
0.000000
0.000000
0.000000
0.000000
0.000000
0.000000
0.000000
0.000000
0.000000
0.000000
0.000000
0.000000
0.000000
0.000000
0.000000
0.000000
0.000000
0.000000
0.000000
0.000000
0.000000
0.000000
0.000000
0.000000
0.000000
0.000000
0.000000
0.000000
0.000000
0.000000
0.000000
0.000000
0.000000
0.000000
