45.120500
43.356200
969.330000
225.500000
104.520000
57.833000
37.027000
25.757000
18.186000
12.814000
9.862700
7.365700
5.005300
3.774100
3.079000
2.401900
1.846100
1.372100
1.070100
0.853320
0.549680
0.409930
0.453310
0.280210
0.197240
0.194120
0.170570
0.112250
0.075475
0.083754
0.060578
0.048161
0.041271
0.030666
0.022643
0.020312
0.010097
0.008849
0.009466
0.010605
0.006269
0.004678
0.002288
0.001718
0.002252
0.002062
0.001276
0.001240
0.001311
0.000305
0.000569
0.000139
0.000394
0.000124
0.000193
0.000218
0.000182
0.000137
0.000045
0.000056
0.000073
0.000014
0.000081
0.000004
0.000039
0.000012
0.000013
0.000023
0.000010
0.000000
0.000012
0.000002
0.000004
0.000000
0.000000
0.000000
0.000000
0.000000
0.000001
0.000000
0.000000
0.000000
0.000000
0.000002
0.000000
0.000000
0.000000
0.000020
0.000000
0.000000
0.000000
0.000000
0.000000
0.000000
0.000000
0.000000
0.000000
0.000000
0.000000
0.000000
0.000000
0.000000
0.000000
0.000000
0.000000
0.000000
0.000000
0.000000
0.000000
0.000000
0.000000
0.000000
0.000000
0.000000
0.000000
0.000000
0.000000
0.000000
0.000000
0.000000
0.000000
0.000000
0.000000
0.000000
0.000000
0.000000
0.000000
0.000000
0.000000
0.000000
0.000000
0.000000
0.000000
0.000000
0.000000
0.000000
0.000000
0.000000
0.000000
0.000000
0.000000
0.000000
0.000000
0.000000
0.000000
0.000000
0.000000
0.000000
0.000000
0.000000
0.000000
0.000000
0.000000
0.000000
0.000000
0.000000
0.000000
0.000000
0.000000
0.000000
0.000000
0.000000
0.000000
0.000000
0.000000
0.000000
0.000000
0.000000
0.000000
0.000000
0.000000
0.000000
0.000000
0.000000
0.000000
0.000000
0.000000
0.000000
0.000000
0.000000
0.000000
0.000000
0.000000
0.000000
0.000000
0.000000
0.000000
0.000000
0.000000
0.000000
0.000000
0.000000
0.000000
0.000000
0.000000
0.000000
0.000000
0.000000
0.000000
0.000000
0.000000
0.000000
