59.940600
57.515200
943.990000
196.130000
86.639000
42.139000
27.734000
18.142000
12.006000
8.533100
5.965100
4.224900
3.217700
2.192400
1.446500
1.242800
0.777650
0.669300
0.462820
0.316970
0.232980
0.164770
0.130510
0.112920
0.089754
0.079659
0.042251
0.031094
0.026174
0.015708
0.013528
0.008814
0.007426
0.003836
0.001862
0.002873
0.004216
0.003006
0.001133
0.000463
0.000928
0.001356
0.000433
0.000265
0.000240
0.000481
0.000058
0.000038
0.000061
0.000033
0.000046
0.000076
0.000106
0.000005
0.000003
0.000005
0.000005
0.000000
0.000003
0.000000
0.000030
0.000035
0.000000
0.000000
0.000000
0.000000
0.000000
0.000000
0.000000
0.000000
0.000000
0.000000
0.000000
0.000000
0.000000
0.000000
0.000000
0.000000
0.000000
0.000000
0.000000
0.000000
0.000000
0.000000
0.000000
0.000000
0.000000
0.000000
0.000000
0.000000
0.000000
0.000000
0.000000
0.000000
0.000000
0.000000
0.000000
0.000000
0.000000
0.000000
0.000000
0.000000
0.000000
0.000000
0.000000
0.000000
0.000000
0.000000
0.000000
0.000000
0.000000
0.000000
0.000000
0.000000
0.000000
0.000000
0.000000
0.000000
0.000000
0.000000
0.000000
0.000000
0.000000
0.000000
0.000000
0.000000
0.000000
0.000000
0.000000
0.000000
0.000000
0.000000
0.000000
0.000000
0.000000
0.000000
0.000000
0.000000
0.000000
0.000000
0.000000
0.000000
0.000000
0.000000
0.000000
0.000000
0.000000
0.000000
0.000000
0.000000
0.000000
0.000000
0.000000
0.000000
0.000000
0.000000
0.000000
0.000000
0.000000
0.000000
0.000000
0.000000
0.000000
0.000000
0.000000
0.000000
0.000000
0.000000
0.000000
0.000000
0.000000
0.000000
0.000000
0.000000
0.000000
0.000000
0.000000
0.000000
0.000000
0.000000
0.000000
0.000000
0.000000
0.000000
0.000000
0.000000
0.000000
0.000000
0.000000
0.000000
0.000000
0.000000
0.000000
0.000000
0.000000
0.000000
0.000000
0.000000
0.000000
0.000000
0.000000
0.000000
