52.232700
39.101300
954.080000
208.030000
98.839000
52.512000
31.177000
21.849000
15.713000
11.754000
8.155600
6.213600
4.998500
3.508300
2.644400
1.922800
1.586200
1.125900
0.817060
0.813650
0.548850
0.402190
0.329690
0.237320
0.221910
0.144780
0.119680
0.095648
0.075087
0.051716
0.041190
0.037940
0.027594
0.025754
0.022561
0.009933
0.006171
0.011611
0.006768
0.010058
0.007176
0.003128
0.002454
0.002280
0.004043
0.002868
0.001881
0.001032
0.000921
0.000398
0.000303
0.000220
0.000097
0.000242
0.000194
0.000067
0.000054
0.000097
0.000053
0.000156
0.000150
0.000058
0.000018
0.000014
0.000022
0.000009
0.000000
0.000002
0.000017
0.000001
0.000000
0.000000
0.000003
0.000000
0.000007
0.000000
0.000000
0.000002
0.000000
0.000000
0.000000
0.000000
0.000000
0.000007
0.000000
0.000000
0.000000
0.000000
0.000000
0.000001
0.000000
0.000000
0.000000
0.000000
0.000000
0.000000
0.000000
0.000000
0.000000
0.000000
0.000000
0.000000
0.000000
0.000000
0.000000
0.000000
0.000000
0.000000
0.000000
0.000000
0.000000
0.000000
0.000000
0.000000
0.000000
0.000000
0.000000
0.000000
0.000000
0.000000
0.000000
0.000000
0.000000
0.000000
0.000000
0.000000
0.000000
0.000000
0.000000
0.000000
0.000000
0.000000
0.000000
0.000000
0.000000
0.000000
0.000000
0.000000
0.000000
0.000000
0.000000
0.000000
0.000000
0.000000
0.000000
0.000000
0.000000
0.000000
0.000000
0.000000
0.000000
0.000000
0.000000
0.000000
0.000000
0.000000
0.000000
0.000000
0.000000
0.000000
0.000000
0.000000
0.000000
0.000000
0.000000
0.000000
0.000000
0.000000
0.000000
0.000000
0.000000
0.000000
0.000000
0.000000
0.000000
0.000000
0.000000
0.000000
0.000000
0.000000
0.000000
0.000000
0.000000
0.000000
0.000000
0.000000
0.000000
0.000000
0.000000
0.000000
0.000000
0.000000
0.000000
0.000000
0.000000
0.000000
0.000000
0.000000
0.000000
0.000000
0.000000
0.000000
