81.099400
16.862600
890.930000
147.940000
64.473000
33.515000
20.671000
14.013000
9.602900
6.293500
5.143000
3.297700
2.570100
1.813200
1.494300
1.510600
1.037600
0.972730
0.684830
0.717520
0.402490
0.379360
0.361780
0.230190
0.228440
0.221490
0.183670
0.153400
0.113010
0.088786
0.059048
0.061870
0.090563
0.045044
0.027388
0.028248
0.026989
0.023190
0.017957
0.013513
0.011335
0.017025
0.013228
0.009652
0.009026
0.008929
0.003089
0.004357
0.002776
0.003246
0.002101
0.000672
0.001715
0.000917
0.000459
0.001226
0.001677
0.000217
0.000186
0.000283
0.000456
0.000134
0.000287
0.000037
0.000135
0.000190
0.000244
0.000671
0.000024
0.000041
0.000000
0.000054
0.000009
0.000005
0.000038
0.000077
0.000223
0.000018
0.000000
0.000050
0.000005
0.000100
0.000000
0.000017
0.000000
0.000002
0.000008
0.000012
0.000001
0.000000
0.000000
0.000002
0.000000
0.000000
0.000000
0.000001
0.000000
0.000000
0.000006
0.000000
0.000000
0.000000
0.000000
0.000000
0.000000
0.000000
0.000000
0.000000
0.000000
0.000000
0.000000
0.000000
0.000000
0.000000
0.000000
0.000000
0.000000
0.000000
0.000000
0.000000
0.000000
0.000000
0.000000
0.000000
0.000000
0.000000
0.000000
0.000000
0.000000
0.000000
0.000000
0.000000
0.000000
0.000000
0.000000
0.000000
0.000000
0.000000
0.000000
0.000000
0.000000
0.000000
0.000000
0.000000
0.000000
0.000000
0.000000
0.000000
0.000000
0.000000
0.000000
0.000000
0.000000
0.000000
0.000000
0.000000
0.000000
0.000000
0.000000
0.000000
0.000000
0.000000
0.000000
0.000000
0.000000
0.000000
0.000000
0.000000
0.000000
0.000000
0.000000
0.000000
0.000000
0.000000
0.000000
0.000000
0.000000
0.000000
0.000000
0.000000
0.000000
0.000000
0.000000
0.000000
0.000000
0.000000
0.000000
0.000000
0.000000
0.000000
0.000000
0.000000
0.000000
0.000000
0.000000
0.000000
0.000000
0.000000
0.000000
0.000000
0.000000
0.000000
