67.817800
28.498700
895.420000
177.920000
79.391000
44.245000
25.657000
16.952000
10.994000
8.108200
5.543800
4.229700
3.020600
2.267900
1.839200
1.482700
1.071700
0.883080
0.717370
0.564920
0.422250
0.275990
0.337600
0.223920
0.182180
0.139520
0.095668
0.087797
0.082792
0.071679
0.052733
0.035403
0.034034
0.021769
0.029653
0.025779
0.017889
0.012017
0.009815
0.006730
0.005332
0.006547
0.003613
0.004038
0.001030
0.002639
0.002254
0.000645
0.000901
0.000777
0.001645
0.000438
0.000869
0.000395
0.000646
0.000154
0.000744
0.000179
0.000067
0.000169
0.000093
0.000092
0.000039
0.000010
0.000033
0.000029
0.000013
0.000100
0.000055
0.000009
0.000013
0.000000
0.000019
0.000001
0.000005
0.000000
0.000026
0.000000
0.000000
0.000001
0.000000
0.000000
0.000001
0.000000
0.000002
0.000000
0.000000
0.000000
0.000000
0.000000
0.000000
0.000000
0.000000
0.000004
0.000000
0.000000
0.000000
0.000000
0.000000
0.000000
0.000000
0.000000
0.000000
0.000000
0.000000
0.000000
0.000000
0.000000
0.000000
0.000000
0.000000
0.000000
0.000000
0.000000
0.000000
0.000000
0.000000
0.000000
0.000000
0.000000
0.000000
0.000000
0.000000
0.000000
0.000000
0.000000
0.000000
0.000000
0.000000
0.000000
0.000000
0.000000
0.000000
0.000000
0.000000
0.000000
0.000000
0.000000
0.000000
0.000000
0.000000
0.000000
0.000000
0.000000
0.000000
0.000000
0.000000
0.000000
0.000000
0.000000
0.000000
0.000000
0.000000
0.000000
0.000000
0.000000
0.000000
0.000000
0.000000
0.000000
0.000000
0.000000
0.000000
0.000000
0.000000
0.000000
0.000000
0.000000
0.000000
0.000000
0.000000
0.000000
0.000000
0.000000
0.000000
0.000000
0.000000
0.000000
0.000000
0.000000
0.000000
0.000000
0.000000
0.000000
0.000000
0.000000
0.000000
0.000000
0.000000
0.000000
0.000000
0.000000
0.000000
0.000000
0.000000
0.000000
0.000000
0.000000
0.000000
0.000000
0.000000
0.000000
