56.892500
55.618300
888.910000
199.840000
84.067000
45.653000
31.317000
18.273000
12.903000
9.597300
6.330500
4.491400
3.544900
2.391300
1.661200
1.121500
0.914800
0.737390
0.603690
0.371960
0.276700
0.220030
0.176210
0.123430
0.083827
0.077512
0.059637
0.052274
0.034334
0.021528
0.024714
0.010200
0.007728
0.008611
0.008241
0.003313
0.004872
0.002252
0.001827
0.001422
0.000860
0.000796
0.000607
0.000598
0.000224
0.000298
0.000111
0.000212
0.000372
0.000141
0.000021
0.000012
0.000022
0.000020
0.000002
0.000000
0.000011
0.000035
0.000003
0.000019
0.000002
0.000004
0.000000
0.000000
0.000000
0.000000
0.000015
0.000000
0.000014
0.000000
0.000000
0.000000
0.000000
0.000000
0.000000
0.000000
0.000000
0.000000
0.000000
0.000000
0.000000
0.000000
0.000000
0.000000
0.000000
0.000000
0.000000
0.000000
0.000000
0.000000
0.000000
0.000000
0.000000
0.000000
0.000000
0.000000
0.000000
0.000000
0.000000
0.000000
0.000000
0.000000
0.000000
0.000000
0.000000
0.000000
0.000000
0.000000
0.000000
0.000000
0.000000
0.000000
0.000000
0.000000
0.000000
0.000000
0.000000
0.000000
0.000000
0.000000
0.000000
0.000000
0.000000
0.000000
0.000000
0.000000
0.000000
0.000000
0.000000
0.000000
0.000000
0.000000
0.000000
0.000000
0.000000
0.000000
0.000000
0.000000
0.000000
0.000000
0.000000
0.000000
0.000000
0.000000
0.000000
0.000000
0.000000
0.000000
0.000000
0.000000
0.000000
0.000000
0.000000
0.000000
0.000000
0.000000
0.000000
0.000000
0.000000
0.000000
0.000000
0.000000
0.000000
0.000000
0.000000
0.000000
0.000000
0.000000
0.000000
0.000000
0.000000
0.000000
0.000000
0.000000
0.000000
0.000000
0.000000
0.000000
0.000000
0.000000
0.000000
0.000000
0.000000
0.000000
0.000000
0.000000
0.000000
0.000000
0.000000
0.000000
0.000000
0.000000
0.000000
0.000000
0.000000
0.000000
0.000000
0.000000
0.000000
0.000000
0.000000
0.000000
