53.435300
49.039900
905.320000
205.870000
90.997000
53.297000
33.431000
20.369000
14.194000
9.841400
6.807500
5.306900
3.826100
2.820300
2.186000
1.588800
1.245500
0.906670
0.644330
0.488520
0.339270
0.260340
0.268640
0.159980
0.153400
0.111090
0.072506
0.057209
0.044029
0.033427
0.032094
0.024265
0.013837
0.009040
0.007058
0.014060
0.004578
0.007154
0.004079
0.001585
0.002795
0.000866
0.001381
0.000564
0.000506
0.000538
0.000183
0.000358
0.000116
0.000298
0.000459
0.000047
0.000495
0.000191
0.000245
0.000056
0.000060
0.000024
0.000002
0.000024
0.000014
0.000003
0.000011
0.000000
0.000006
0.000017
0.000019
0.000005
0.000005
0.000000
0.000000
0.000000
0.000000
0.000000
0.000000
0.000000
0.000000
0.000000
0.000000
0.000001
0.000000
0.000000
0.000000
0.000000
0.000000
0.000000
0.000000
0.000000
0.000000
0.000000
0.000000
0.000000
0.000000
0.000000
0.000000
0.000000
0.000000
0.000000
0.000000
0.000000
0.000000
0.000000
0.000000
0.000000
0.000000
0.000000
0.000000
0.000000
0.000000
0.000000
0.000000
0.000000
0.000000
0.000000
0.000000
0.000000
0.000000
0.000000
0.000000
0.000000
0.000000
0.000000
0.000000
0.000000
0.000000
0.000000
0.000000
0.000000
0.000000
0.000000
0.000000
0.000000
0.000000
0.000000
0.000000
0.000000
0.000000
0.000000
0.000000
0.000000
0.000000
0.000000
0.000000
0.000000
0.000000
0.000000
0.000000
0.000000
0.000000
0.000000
0.000000
0.000000
0.000000
0.000000
0.000000
0.000000
0.000000
0.000000
0.000000
0.000000
0.000000
0.000000
0.000000
0.000000
0.000000
0.000000
0.000000
0.000000
0.000000
0.000000
0.000000
0.000000
0.000000
0.000000
0.000000
0.000000
0.000000
0.000000
0.000000
0.000000
0.000000
0.000000
0.000000
0.000000
0.000000
0.000000
0.000000
0.000000
0.000000
0.000000
0.000000
0.000000
0.000000
0.000000
0.000000
0.000000
0.000000
0.000000
0.000000
0.000000
0.000000
0.000000
