80.146100
34.891800
812.750000
157.130000
64.367000
33.578000
19.905000
12.947000
8.379100
5.082700
3.847200
2.712800
2.146200
1.618500
1.024200
0.709960
0.623190
0.487430
0.363500
0.298080
0.183090
0.161090
0.126580
0.152120
0.084532
0.062084
0.059800
0.042940
0.036457
0.027731
0.021624
0.018600
0.014080
0.015367
0.009490
0.005804
0.006290
0.004043
0.002507
0.002542
0.002080
0.001225
0.002074
0.000494
0.000599
0.003046
0.000288
0.000594
0.000659
0.000277
0.000113
0.000044
0.000194
0.000010
0.000098
0.000079
0.000124
0.000029
0.000004
0.000019
0.000012
0.000001
0.000034
0.000010
0.000003
0.000058
0.000000
0.000011
0.000000
0.000000
0.000000
0.000000
0.000002
0.000000
0.000003
0.000011
0.000000
0.000000
0.000000
0.000000
0.000005
0.000000
0.000000
0.000000
0.000000
0.000000
0.000000
0.000000
0.000000
0.000000
0.000000
0.000000
0.000000
0.000000
0.000000
0.000000
0.000000
0.000000
0.000000
0.000000
0.000000
0.000000
0.000000
0.000000
0.000000
0.000000
0.000000
0.000000
0.000000
0.000000
0.000000
0.000000
0.000000
0.000000
0.000000
0.000000
0.000000
0.000000
0.000000
0.000000
0.000000
0.000000
0.000000
0.000000
0.000000
0.000000
0.000000
0.000000
0.000000
0.000000
0.000000
0.000000
0.000000
0.000000
0.000000
0.000000
0.000000
0.000000
0.000000
0.000000
0.000000
0.000000
0.000000
0.000000
0.000000
0.000000
0.000000
0.000000
0.000000
0.000000
0.000000
0.000000
0.000000
0.000000
0.000000
0.000000
0.000000
0.000000
0.000000
0.000000
0.000000
0.000000
0.000000
0.000000
0.000000
0.000000
0.000000
0.000000
0.000000
0.000000
0.000000
0.000000
0.000000
0.000000
0.000000
0.000000
0.000000
0.000000
0.000000
0.000000
0.000000
0.000000
0.000000
0.000000
0.000000
0.000000
0.000000
0.000000
0.000000
0.000000
0.000000
0.000000
0.000000
0.000000
0.000000
0.000000
0.000000
0.000000
0.000000
0.000000
0.000000
0.000000
