70.009800
37.397300
894.950000
167.110000
72.147000
38.339000
25.048000
15.620000
9.911900
7.505100
4.855600
3.964800
2.596000
1.828500
1.516300
0.994500
0.846210
0.623320
0.628100
0.371040
0.304070
0.199050
0.157500
0.125810
0.125970
0.067175
0.071649
0.035024
0.038478
0.022690
0.031340
0.019412
0.017640
0.012878
0.012759
0.007188
0.005962
0.005635
0.003109
0.002346
0.002604
0.001104
0.001269
0.000973
0.000801
0.000381
0.000813
0.000284
0.000077
0.000283
0.000107
0.000078
0.000085
0.000432
0.000267
0.000469
0.000090
0.000088
0.000276
0.000019
0.000010
0.000027
0.000002
0.000000
0.000024
0.000013
0.000015
0.000002
0.000004
0.000004
0.000000
0.000002
0.000000
0.000000
0.000000
0.000000
0.000000
0.000002
0.000010
0.000000
0.000000
0.000000
0.000000
0.000000
0.000000
0.000006
0.000000
0.000000
0.000000
0.000000
0.000000
0.000000
0.000000
0.000000
0.000000
0.000000
0.000000
0.000000
0.000000
0.000000
0.000000
0.000000
0.000000
0.000000
0.000000
0.000000
0.000000
0.000000
0.000000
0.000000
0.000000
0.000000
0.000000
0.000000
0.000000
0.000000
0.000000
0.000000
0.000000
0.000000
0.000000
0.000000
0.000000
0.000000
0.000000
0.000000
0.000000
0.000000
0.000000
0.000000
0.000000
0.000000
0.000000
0.000000
0.000000
0.000000
0.000000
0.000000
0.000000
0.000000
0.000000
0.000000
0.000000
0.000000
0.000000
0.000000
0.000000
0.000000
0.000000
0.000000
0.000000
0.000000
0.000000
0.000000
0.000000
0.000000
0.000000
0.000000
0.000000
0.000000
0.000000
0.000000
0.000000
0.000000
0.000000
0.000000
0.000000
0.000000
0.000000
0.000000
0.000000
0.000000
0.000000
0.000000
0.000000
0.000000
0.000000
0.000000
0.000000
0.000000
0.000000
0.000000
0.000000
0.000000
0.000000
0.000000
0.000000
0.000000
0.000000
0.000000
0.000000
0.000000
0.000000
0.000000
0.000000
0.000000
0.000000
0.000000
0.000000
0.000000
0.000000
0.000000
