84.194700
15.521300
796.570000
153.710000
61.647000
32.972000
18.738000
11.898000
8.742400
6.113800
4.810300
3.668100
2.328000
1.913100
1.559600
1.328700
1.120500
0.871800
0.686310
0.592310
0.500610
0.372210
0.347140
0.280860
0.268310
0.198170
0.140040
0.149000
0.130020
0.124580
0.077075
0.083224
0.063259
0.046003
0.045057
0.036937
0.030696
0.025925
0.021688
0.027505
0.017135
0.010061
0.017025
0.009162
0.012631
0.005487
0.007717
0.002017
0.002123
0.002236
0.003553
0.002748
0.004130
0.003247
0.001982
0.001567
0.000892
0.002184
0.001828
0.000286
0.000708
0.000267
0.000356
0.000165
0.000226
0.000169
0.001435
0.000029
0.000055
0.000237
0.000207
0.000260
0.000416
0.000000
0.000040
0.000035
0.000005
0.000002
0.000015
0.000208
0.000005
0.000000
0.000013
0.000119
0.000000
0.000015
0.000011
0.000000
0.000002
0.000000
0.000022
0.000000
0.000000
0.000000
0.000000
0.000000
0.000001
0.000039
0.000000
0.000000
0.000000
0.000000
0.000000
0.000002
0.000000
0.000000
0.000000
0.000000
0.000000
0.000000
0.000000
0.000000
0.000000
0.000000
0.000000
0.000000
0.000000
0.000000
0.000003
0.000000
0.000000
0.000000
0.000000
0.000000
0.000000
0.000000
0.000000
0.000000
0.000000
0.000000
0.000000
0.000000
0.000000
0.000000
0.000000
0.000000
0.000000
0.000000
0.000000
0.000000
0.000000
0.000000
0.000000
0.000000
0.000000
0.000000
0.000000
0.000000
0.000000
0.000000
0.000000
0.000000
0.000000
0.000000
0.000000
0.000000
0.000000
0.000000
0.000000
0.000000
0.000000
0.000000
0.000000
0.000000
0.000000
0.000000
0.000000
0.000000
0.000000
0.000000
0.000000
0.000000
0.000000
0.000000
0.000000
0.000000
0.000000
0.000000
0.000000
0.000000
0.000000
0.000000
0.000000
0.000000
0.000000
0.000000
0.000000
0.000000
0.000000
0.000000
0.000000
0.000000
0.000000
0.000000
0.000000
0.000000
0.000000
0.000000
0.000000
0.000000
0.000000
0.000000
