79.792700
51.054200
903.360000
161.920000
61.289000
30.772000
19.034000
12.454000
7.798600
4.673600
3.299400
2.694100
1.767800
1.173200
0.748010
0.486690
0.464310
0.281100
0.231180
0.166430
0.127100
0.087062
0.061897
0.044527
0.041513
0.031212
0.024689
0.013216
0.013627
0.009674
0.007949
0.007028
0.003120
0.003218
0.001959
0.002005
0.001281
0.001078
0.001216
0.000417
0.000700
0.000664
0.000105
0.000196
0.000440
0.000790
0.000380
0.000098
0.000114
0.000060
0.000022
0.000008
0.000007
0.000018
0.000021
0.000008
0.000000
0.000002
0.000000
0.000006
0.000004
0.000000
0.000000
0.000004
0.000000
0.000000
0.000000
0.000000
0.000000
0.000000
0.000000
0.000000
0.000000
0.000000
0.000000
0.000000
0.000000
0.000000
0.000000
0.000000
0.000000
0.000000
0.000000
0.000000
0.000000
0.000000
0.000000
0.000000
0.000000
0.000000
0.000000
0.000000
0.000000
0.000000
0.000000
0.000000
0.000000
0.000000
0.000000
0.000000
0.000000
0.000000
0.000000
0.000000
0.000000
0.000000
0.000000
0.000000
0.000000
0.000000
0.000000
0.000000
0.000000
0.000000
0.000000
0.000000
0.000000
0.000000
0.000000
0.000000
0.000000
0.000000
0.000000
0.000000
0.000000
0.000000
0.000000
0.000000
0.000000
0.000000
0.000000
0.000000
0.000000
0.000000
0.000000
0.000000
0.000000
0.000000
0.000000
0.000000
0.000000
0.000000
0.000000
0.000000
0.000000
0.000000
0.000000
0.000000
0.000000
0.000000
0.000000
0.000000
0.000000
0.000000
0.000000
0.000000
0.000000
0.000000
0.000000
0.000000
0.000000
0.000000
0.000000
0.000000
0.000000
0.000000
0.000000
0.000000
0.000000
0.000000
0.000000
0.000000
0.000000
0.000000
0.000000
0.000000
0.000000
0.000000
0.000000
0.000000
0.000000
0.000000
0.000000
0.000000
0.000000
0.000000
0.000000
0.000000
0.000000
0.000000
0.000000
0.000000
0.000000
0.000000
0.000000
0.000000
0.000000
0.000000
0.000000
0.000000
0.000000
0.000000
