85.266100
25.941200
829.360000
144.590000
58.662000
30.982000
19.680000
11.671000
6.898000
6.021000
3.676800
2.809600
1.955100
1.582600
1.065100
0.757980
0.629680
0.510240
0.365310
0.317660
0.269500
0.214930
0.209970
0.116910
0.131030
0.090931
0.066807
0.079874
0.037711
0.039887
0.040240
0.025974
0.026432
0.015673
0.013851
0.008235
0.011052
0.006380
0.006259
0.003409
0.003641
0.003361
0.002838
0.003374
0.002370
0.002958
0.001209
0.002508
0.001230
0.000441
0.000438
0.000172
0.000593
0.001332
0.000163
0.000217
0.000465
0.000002
0.000022
0.000285
0.000169
0.000038
0.000045
0.000017
0.000002
0.000151
0.000004
0.000038
0.000008
0.000010
0.000002
0.000007
0.000008
0.000003
0.000001
0.000008
0.000000
0.000000
0.000014
0.000000
0.000000
0.000000
0.000000
0.000000
0.000000
0.000000
0.000000
0.000000
0.000000
0.000000
0.000000
0.000000
0.000000
0.000000
0.000000
0.000000
0.000000
0.000000
0.000000
0.000000
0.000000
0.000000
0.000000
0.000000
0.000000
0.000000
0.000000
0.000000
0.000000
0.000000
0.000000
0.000000
0.000000
0.000000
0.000000
0.000000
0.000000
0.000000
0.000000
0.000000
0.000000
0.000000
0.000000
0.000000
0.000000
0.000000
0.000000
0.000000
0.000000
0.000000
0.000000
0.000000
0.000000
0.000000
0.000000
0.000000
0.000000
0.000000
0.000000
0.000000
0.000000
0.000000
0.000000
0.000000
0.000000
0.000000
0.000000
0.000000
0.000000
0.000000
0.000000
0.000000
0.000000
0.000000
0.000000
0.000000
0.000000
0.000000
0.000000
0.000000
0.000000
0.000000
0.000000
0.000000
0.000000
0.000000
0.000000
0.000000
0.000000
0.000000
0.000000
0.000000
0.000000
0.000000
0.000000
0.000000
0.000000
0.000000
0.000000
0.000000
0.000000
0.000000
0.000000
0.000000
0.000000
0.000000
0.000000
0.000000
0.000000
0.000000
0.000000
0.000000
0.000000
0.000000
0.000000
0.000000
0.000000
0.000000
0.000000
0.000000
0.000000
0.000000
