43.055900
41.087300
1002.800000
219.960000
112.250000
60.150000
39.080000
27.394000
20.033000
14.377000
9.875200
7.495400
6.524300
4.541200
3.344200
2.542500
1.929000
1.574600
1.092700
1.022000
0.726700
0.583690
0.425870
0.334800
0.308200
0.214750
0.157200
0.139300
0.101780
0.116550
0.059049
0.047550
0.036143
0.033445
0.031524
0.015340
0.012972
0.008356
0.011989
0.013726
0.005718
0.005677
0.002996
0.003207
0.001522
0.001392
0.001127
0.002203
0.001148
0.000855
0.001401
0.000663
0.000519
0.000243
0.000231
0.000236
0.000079
0.000050
0.000068
0.000252
0.000083
0.000044
0.000019
0.000003
0.000006
0.000005
0.000101
0.000024
0.000010
0.000000
0.000011
0.000003
0.000000
0.000002
0.000000
0.000000
0.000009
0.000000
0.000000
0.000000
0.000000
0.000000
0.000003
0.000001
0.000000
0.000005
0.000000
0.000000
0.000000
0.000000
0.000000
0.000000
0.000000
0.000000
0.000000
0.000000
0.000000
0.000000
0.000000
0.000000
0.000000
0.000000
0.000000
0.000000
0.000000
0.000000
0.000000
0.000000
0.000000
0.000000
0.000000
0.000000
0.000000
0.000000
0.000000
0.000000
0.000000
0.000000
0.000000
0.000000
0.000000
0.000000
0.000000
0.000000
0.000000
0.000000
0.000000
0.000000
0.000000
0.000000
0.000000
0.000000
0.000000
0.000000
0.000000
0.000000
0.000000
0.000000
0.000000
0.000000
0.000000
0.000000
0.000000
0.000000
0.000000
0.000000
0.000000
0.000000
0.000000
0.000000
0.000000
0.000000
0.000000
0.000000
0.000000
0.000000
0.000000
0.000000
0.000000
0.000000
0.000000
0.000000
0.000000
0.000000
0.000000
0.000000
0.000000
0.000000
0.000000
0.000000
0.000000
0.000000
0.000000
0.000000
0.000000
0.000000
0.000000
0.000000
0.000000
0.000000
0.000000
0.000000
0.000000
0.000000
0.000000
0.000000
0.000000
0.000000
0.000000
0.000000
0.000000
0.000000
0.000000
0.000000
0.000000
0.000000
0.000000
0.000000
0.000000
0.000000
0.000000
0.000000
