48.148700
14.829600
1005.400000
231.230000
99.196000
60.884000
39.428000
27.312000
20.942000
15.692000
11.908000
9.482800
7.862400
5.856100
4.963500
4.078000
3.074200
2.444400
2.246100
1.832400
1.514800
1.287300
1.122600
0.901540
0.837440
0.630050
0.469560
0.449610
0.364310
0.311610
0.317130
0.212110
0.169850
0.158470
0.137250
0.111220
0.093381
0.100620
0.065919
0.075173
0.061102
0.041229
0.030892
0.036763
0.024988
0.023803
0.021787
0.018724
0.011785
0.016402
0.011399
0.009418
0.006528
0.007086
0.005875
0.002767
0.004228
0.004887
0.004519
0.002791
0.005301
0.002488
0.000705
0.000822
0.000607
0.000518
0.000463
0.001554
0.000526
0.000432
0.000614
0.000106
0.001063
0.000491
0.000373
0.000145
0.000704
0.000156
0.000017
0.000021
0.000023
0.000072
0.000000
0.000179
0.000028
0.000052
0.000022
0.000054
0.000022
0.000000
0.000002
0.000000
0.000005
0.000009
0.000036
0.000000
0.000001
0.000000
0.000000
0.000001
0.000000
0.000000
0.000000
0.000003
0.000000
0.000000
0.000001
0.000000
0.000000
0.000000
0.000000
0.000000
0.000000
0.000000
0.000000
0.000000
0.000000
0.000000
0.000000
0.000000
0.000000
0.000000
0.000000
0.000000
0.000000
0.000000
0.000000
0.000000
0.000000
0.000000
0.000000
0.000000
0.000000
0.000000
0.000000
0.000000
0.000000
0.000000
0.000000
0.000000
0.000000
0.000000
0.000000
0.000000
0.000000
0.000000
0.000000
0.000000
0.000000
0.000000
0.000000
0.000000
0.000000
0.000000
0.000000
0.000000
0.000000
0.000000
0.000000
0.000000
0.000000
0.000000
0.000000
0.000000
0.000000
0.000000
0.000000
0.000000
0.000000
0.000000
0.000000
0.000000
0.000000
0.000000
0.000000
0.000000
0.000000
0.000000
0.000000
0.000000
0.000000
0.000000
0.000000
0.000000
0.000000
0.000000
0.000000
0.000000
0.000000
0.000000
0.000000
0.000000
0.000000
0.000000
0.000000
0.000000
0.000000
0.000000
0.000000
0.000000
0.000000
0.000000
