71.455200
30.382700
843.680000
175.480000
74.777000
41.369000
24.368000
16.596000
10.402000
7.179900
4.831100
3.936300
3.137000
2.030800
1.360200
1.181500
0.962000
0.755550
0.506760
0.422660
0.316210
0.237050
0.229940
0.132390
0.118510
0.127090
0.088659
0.062031
0.054492
0.035824
0.039973
0.033977
0.027679
0.023444
0.010532
0.020185
0.012627
0.011038
0.007313
0.004672
0.004506
0.004656
0.004293
0.002525
0.002504
0.003178
0.001090
0.000969
0.001176
0.000334
0.000266
0.000593
0.000360
0.000320
0.000431
0.000078
0.000225
0.000298
0.000077
0.000052
0.000210
0.000089
0.000134
0.000003
0.000004
0.000109
0.000023
0.000029
0.000001
0.000000
0.000003
0.000003
0.000002
0.000000
0.000025
0.000007
0.000001
0.000000
0.000000
0.000000
0.000000
0.000000
0.000000
0.000000
0.000000
0.000000
0.000000
0.000001
0.000000
0.000000
0.000000
0.000000
0.000000
0.000000
0.000000
0.000000
0.000000
0.000000
0.000000
0.000000
0.000000
0.000000
0.000000
0.000000
0.000000
0.000000
0.000000
0.000000
0.000000
0.000000
0.000000
0.000000
0.000000
0.000000
0.000000
0.000000
0.000000
0.000000
0.000000
0.000000
0.000000
0.000000
0.000000
0.000000
0.000000
0.000000
0.000000
0.000000
0.000000
0.000000
0.000000
0.000000
0.000000
0.000000
0.000000
0.000000
0.000000
0.000000
0.000000
0.000000
0.000000
0.000000
0.000000
0.000000
0.000000
0.000000
0.000000
0.000000
0.000000
0.000000
0.000000
0.000000
0.000000
0.000000
0.000000
0.000000
0.000000
0.000000
0.000000
0.000000
0.000000
0.000000
0.000000
0.000000
0.000000
0.000000
0.000000
0.000000
0.000000
0.000000
0.000000
0.000000
0.000000
0.000000
0.000000
0.000000
0.000000
0.000000
0.000000
0.000000
0.000000
0.000000
0.000000
0.000000
0.000000
0.000000
0.000000
0.000000
0.000000
0.000000
0.000000
0.000000
0.000000
0.000000
0.000000
0.000000
0.000000
0.000000
0.000000
0.000000
0.000000
0.000000
