66.520200
23.043000
889.290000
184.800000
75.682000
42.736000
27.108000
16.568000
12.863000
8.375800
6.343800
4.582900
3.905700
2.972500
2.227700
1.711500
1.400200
1.151200
0.816680
0.675180
0.466010
0.422590
0.288680
0.273540
0.216970
0.210400
0.180610
0.142050
0.122080
0.090688
0.107160
0.071958
0.060770
0.054578
0.032105
0.031904
0.023936
0.013588
0.016714
0.009375
0.012740
0.011682
0.010366
0.008378
0.003369
0.006503
0.003704
0.002430
0.002553
0.003406
0.002569
0.001270
0.000607
0.000502
0.000767
0.001373
0.000206
0.000612
0.001689
0.000022
0.000419
0.000189
0.000399
0.000403
0.000361
0.000209
0.000037
0.000030
0.000047
0.000019
0.000075
0.000003
0.000089
0.000002
0.000006
0.000000
0.000018
0.000000
0.000007
0.000081
0.000000
0.000024
0.000004
0.000000
0.000011
0.000010
0.000017
0.000000
0.000000
0.000000
0.000001
0.000000
0.000000
0.000000
0.000000
0.000000
0.000000
0.000000
0.000000
0.000002
0.000000
0.000000
0.000000
0.000000
0.000000
0.000001
0.000000
0.000000
0.000000
0.000000
0.000000
0.000000
0.000000
0.000000
0.000000
0.000000
0.000000
0.000000
0.000000
0.000000
0.000000
0.000000
0.000000
0.000000
0.000000
0.000000
0.000000
0.000000
0.000000
0.000000
0.000000
0.000000
0.000000
0.000000
0.000000
0.000000
0.000000
0.000000
0.000000
0.000000
0.000000
0.000000
0.000000
0.000000
0.000000
0.000000
0.000000
0.000000
0.000000
0.000000
0.000000
0.000000
0.000000
0.000000
0.000000
0.000000
0.000000
0.000000
0.000000
0.000000
0.000000
0.000000
0.000000
0.000000
0.000000
0.000000
0.000000
0.000000
0.000000
0.000000
0.000000
0.000000
0.000000
0.000000
0.000000
0.000000
0.000000
0.000000
0.000000
0.000000
0.000000
0.000000
0.000000
0.000000
0.000000
0.000000
0.000000
0.000000
0.000000
0.000000
0.000000
0.000000
0.000000
0.000000
0.000000
0.000000
0.000000
0.000000
0.000000
0.000000
0.000000
0.000000
