88.859200
21.516900
767.240000
140.290000
54.276000
32.577000
16.928000
11.628000
7.521400
5.427400
3.831600
2.673700
1.952500
1.418400
1.208400
0.852860
0.763260
0.633020
0.475340
0.391050
0.314220
0.277290
0.174740
0.145100
0.170540
0.110460
0.083367
0.077990
0.076828
0.040094
0.047706
0.036754
0.016557
0.023636
0.020559
0.013751
0.014125
0.011522
0.011102
0.008344
0.005406
0.004387
0.007656
0.005362
0.002387
0.001084
0.001592
0.001105
0.000821
0.001038
0.001186
0.001171
0.000735
0.000976
0.000185
0.000192
0.000264
0.000641
0.000348
0.000022
0.000199
0.000394
0.000058
0.000007
0.000000
0.000004
0.000027
0.000034
0.000000
0.000083
0.000001
0.000013
0.000018
0.000025
0.000059
0.000000
0.000001
0.000020
0.000000
0.000001
0.000000
0.000000
0.000000
0.000000
0.000000
0.000000
0.000000
0.000000
0.000000
0.000000
0.000000
0.000000
0.000000
0.000000
0.000000
0.000000
0.000000
0.000000
0.000000
0.000000
0.000000
0.000000
0.000000
0.000000
0.000017
0.000000
0.000000
0.000000
0.000000
0.000000
0.000000
0.000000
0.000000
0.000000
0.000000
0.000000
0.000000
0.000000
0.000000
0.000000
0.000000
0.000000
0.000000
0.000000
0.000000
0.000000
0.000000
0.000000
0.000000
0.000000
0.000000
0.000000
0.000000
0.000000
0.000000
0.000000
0.000000
0.000000
0.000000
0.000000
0.000000
0.000000
0.000000
0.000000
0.000000
0.000000
0.000000
0.000000
0.000000
0.000000
0.000000
0.000000
0.000000
0.000000
0.000000
0.000000
0.000000
0.000000
0.000000
0.000000
0.000000
0.000000
0.000000
0.000000
0.000000
0.000000
0.000000
0.000000
0.000000
0.000000
0.000000
0.000000
0.000000
0.000000
0.000000
0.000000
0.000000
0.000000
0.000000
0.000000
0.000000
0.000000
0.000000
0.000000
0.000000
0.000000
0.000000
0.000000
0.000000
0.000000
0.000000
0.000000
0.000000
0.000000
0.000000
0.000000
0.000000
0.000000
0.000000
0.000000
0.000000
0.000000
