76.509600
47.110700
817.970000
157.790000
69.231000
34.202000
19.673000
13.206000
8.349900
5.835700
3.895200
2.942000
1.757100
1.298100
1.106500
0.851740
0.562190
0.328420
0.276260
0.196910
0.151410
0.157050
0.079244
0.061025
0.050803
0.050494
0.025814
0.025453
0.016167
0.013975
0.008482
0.008876
0.004323
0.005164
0.003680
0.004489
0.002378
0.001947
0.000452
0.001744
0.000747
0.000596
0.000653
0.000444
0.000151
0.000107
0.000373
0.000358
0.000354
0.000049
0.000020
0.000275
0.000026
0.000021
0.000043
0.000009
0.000036
0.000006
0.000000
0.000009
0.000001
0.000002
0.000008
0.000000
0.000000
0.000000
0.000000
0.000002
0.000000
0.000000
0.000000
0.000000
0.000000
0.000000
0.000000
0.000000
0.000000
0.000000
0.000000
0.000000
0.000000
0.000002
0.000000
0.000000
0.000000
0.000000
0.000000
0.000000
0.000000
0.000000
0.000000
0.000000
0.000000
0.000000
0.000000
0.000000
0.000000
0.000000
0.000000
0.000000
0.000000
0.000000
0.000000
0.000000
0.000000
0.000000
0.000000
0.000000
0.000000
0.000000
0.000000
0.000000
0.000000
0.000000
0.000000
0.000000
0.000000
0.000000
0.000000
0.000000
0.000000
0.000000
0.000000
0.000000
0.000000
0.000000
0.000000
0.000000
0.000000
0.000000
0.000000
0.000000
0.000000
0.000000
0.000000
0.000000
0.000000
0.000000
0.000000
0.000000
0.000000
0.000000
0.000000
0.000000
0.000000
0.000000
0.000000
0.000000
0.000000
0.000000
0.000000
0.000000
0.000000
0.000000
0.000000
0.000000
0.000000
0.000000
0.000000
0.000000
0.000000
0.000000
0.000000
0.000000
0.000000
0.000000
0.000000
0.000000
0.000000
0.000000
0.000000
0.000000
0.000000
0.000000
0.000000
0.000000
0.000000
0.000000
0.000000
0.000000
0.000000
0.000000
0.000000
0.000000
0.000000
0.000000
0.000000
0.000000
0.000000
0.000000
0.000000
0.000000
0.000000
0.000000
0.000000
0.000000
0.000000
0.000000
0.000000
0.000000
0.000000
0.000000
