56.134700
50.136800
960.000000
192.560000
84.996000
50.452000
29.586000
20.846000
14.108000
10.312000
7.241600
4.756400
3.533300
2.652600
1.860900
1.372100
1.068400
0.765700
0.519990
0.414510
0.402580
0.272520
0.209210
0.156740
0.113610
0.106420
0.076195
0.049397
0.038488
0.029556
0.022784
0.019833
0.011027
0.013472
0.008929
0.006164
0.009571
0.003179
0.005279
0.001710
0.002951
0.000618
0.001291
0.000736
0.001000
0.000544
0.000586
0.000237
0.000229
0.000216
0.000072
0.000055
0.000053
0.000025
0.000048
0.000005
0.000014
0.000068
0.000003
0.000002
0.000013
0.000011
0.000004
0.000003
0.000005
0.000002
0.000000
0.000000
0.000000
0.000000
0.000000
0.000000
0.000000
0.000000
0.000000
0.000000
0.000000
0.000000
0.000000
0.000000
0.000000
0.000000
0.000000
0.000000
0.000000
0.000000
0.000000
0.000000
0.000000
0.000000
0.000000
0.000000
0.000000
0.000000
0.000000
0.000000
0.000000
0.000000
0.000000
0.000000
0.000000
0.000000
0.000000
0.000000
0.000000
0.000000
0.000000
0.000000
0.000000
0.000000
0.000000
0.000000
0.000000
0.000000
0.000000
0.000000
0.000000
0.000000
0.000000
0.000000
0.000000
0.000000
0.000000
0.000000
0.000000
0.000000
0.000000
0.000000
0.000000
0.000000
0.000000
0.000000
0.000000
0.000000
0.000000
0.000000
0.000000
0.000000
0.000000
0.000000
0.000000
0.000000
0.000000
0.000000
0.000000
0.000000
0.000000
0.000000
0.000000
0.000000
0.000000
0.000000
0.000000
0.000000
0.000000
0.000000
0.000000
0.000000
0.000000
0.000000
0.000000
0.000000
0.000000
0.000000
0.000000
0.000000
0.000000
0.000000
0.000000
0.000000
0.000000
0.000000
0.000000
0.000000
0.000000
0.000000
0.000000
0.000000
0.000000
0.000000
0.000000
0.000000
0.000000
0.000000
0.000000
0.000000
0.000000
0.000000
0.000000
0.000000
0.000000
0.000000
0.000000
0.000000
0.000000
0.000000
0.000000
0.000000
0.000000
0.000000
0.000000
0.000000
