82.522900
12.313400
835.940000
160.420000
65.976000
34.597000
20.119000
13.670000
8.749700
6.280500
5.272900
3.506000
3.050900
2.454400
1.824200
1.484900
1.327800
0.919670
0.699240
0.789930
0.467860
0.564660
0.383520
0.407340
0.278830
0.305510
0.179660
0.182930
0.140620
0.127540
0.111420
0.084964
0.067981
0.061581
0.065215
0.053084
0.049778
0.031473
0.033513
0.018352
0.026875
0.023670
0.014982
0.019652
0.014805
0.010652
0.008427
0.007698
0.007586
0.005230
0.006729
0.005260
0.008730
0.004220
0.004342
0.001387
0.002318
0.000692
0.000840
0.000691
0.002656
0.003784
0.001319
0.000633
0.000589
0.000095
0.000221
0.000572
0.000369
0.000270
0.000015
0.000042
0.000015
0.000030
0.000140
0.000240
0.000000
0.000003
0.000010
0.000004
0.000168
0.000000
0.000002
0.000000
0.000000
0.000003
0.000125
0.000023
0.000000
0.000009
0.000029
0.000000
0.000000
0.000000
0.000000
0.000000
0.000001
0.000002
0.000000
0.000064
0.000000
0.000080
0.000000
0.000000
0.000000
0.000000
0.000003
0.000000
0.000000
0.000000
0.000000
0.000000
0.000000
0.000000
0.000000
0.000000
0.000000
0.000000
0.000000
0.000000
0.000000
0.000000
0.000000
0.000000
0.000000
0.000000
0.000000
0.000000
0.000000
0.000000
0.000000
0.000000
0.000000
0.000000
0.000000
0.000000
0.000000
0.000000
0.000000
0.000000
0.000000
0.000000
0.000000
0.000000
0.000000
0.000000
0.000000
0.000000
0.000000
0.000000
0.000000
0.000000
0.000000
0.000000
0.000000
0.000000
0.000000
0.000000
0.000000
0.000000
0.000000
0.000000
0.000000
0.000000
0.000000
0.000000
0.000000
0.000000
0.000000
0.000000
0.000000
0.000000
0.000000
0.000000
0.000000
0.000000
0.000000
0.000000
0.000000
0.000000
0.000000
0.000000
0.000000
0.000000
0.000000
0.000000
0.000000
0.000000
0.000000
0.000000
0.000000
0.000000
0.000000
0.000000
0.000000
0.000000
0.000000
0.000000
0.000000
0.000000
0.000000
0.000000
