42.367200
45.985800
949.960000
237.670000
105.610000
62.090000
42.138000
28.268000
19.393000
14.679000
10.510000
7.988900
5.232400
4.125600
3.417500
2.573500
1.821600
1.388800
1.107700
0.843970
0.665360
0.478340
0.422110
0.284480
0.267450
0.188840
0.163250
0.117180
0.104150
0.104990
0.064420
0.048878
0.034058
0.028867
0.021202
0.017935
0.014252
0.007809
0.004421
0.007335
0.006126
0.007038
0.003980
0.003526
0.001572
0.001533
0.001730
0.000991
0.001036
0.000148
0.000426
0.000334
0.000264
0.000164
0.000635
0.000111
0.000343
0.000031
0.000170
0.000054
0.000077
0.000047
0.000011
0.000035
0.000000
0.000025
0.000014
0.000025
0.000006
0.000000
0.000000
0.000011
0.000000
0.000005
0.000000
0.000000
0.000000
0.000000
0.000000
0.000004
0.000000
0.000000
0.000000
0.000000
0.000000
0.000000
0.000000
0.000000
0.000000
0.000000
0.000000
0.000000
0.000000
0.000000
0.000000
0.000000
0.000000
0.000000
0.000000
0.000000
0.000000
0.000000
0.000000
0.000000
0.000000
0.000000
0.000000
0.000000
0.000000
0.000000
0.000000
0.000000
0.000000
0.000000
0.000000
0.000000
0.000000
0.000000
0.000000
0.000000
0.000000
0.000000
0.000000
0.000000
0.000000
0.000000
0.000000
0.000000
0.000000
0.000000
0.000000
0.000000
0.000000
0.000000
0.000000
0.000000
0.000000
0.000000
0.000000
0.000000
0.000000
0.000000
0.000000
0.000000
0.000000
0.000000
0.000000
0.000000
0.000000
0.000000
0.000000
0.000000
0.000000
0.000000
0.000000
0.000000
0.000000
0.000000
0.000000
0.000000
0.000000
0.000000
0.000000
0.000000
0.000000
0.000000
0.000000
0.000000
0.000000
0.000000
0.000000
0.000000
0.000000
0.000000
0.000000
0.000000
0.000000
0.000000
0.000000
0.000000
0.000000
0.000000
0.000000
0.000000
0.000000
0.000000
0.000000
0.000000
0.000000
0.000000
0.000000
0.000000
0.000000
0.000000
0.000000
0.000000
0.000000
0.000000
0.000000
0.000000
0.000000
0.000000
