62.918100
26.140100
887.060000
194.350000
79.159000
43.776000
28.174000
18.305000
13.075000
9.471500
6.907500
5.073500
4.071100
2.847300
2.413500
1.638100
1.336500
1.090200
0.978300
0.698190
0.477540
0.399380
0.356690
0.314900
0.256880
0.218050
0.155280
0.152470
0.116350
0.077382
0.058584
0.052046
0.044617
0.042673
0.030195
0.026536
0.023293
0.023286
0.012668
0.015045
0.007609
0.015810
0.007274
0.002961
0.004646
0.003438
0.002805
0.002522
0.002010
0.000885
0.001752
0.001133
0.000768
0.000638
0.001383
0.000712
0.000540
0.000167
0.000188
0.000515
0.000448
0.000275
0.000105
0.000081
0.000093
0.000119
0.000399
0.000003
0.000014
0.000017
0.000040
0.000014
0.000011
0.000000
0.000023
0.000015
0.000004
0.000003
0.000000
0.000003
0.000055
0.000000
0.000005
0.000000
0.000000
0.000000
0.000000
0.000000
0.000000
0.000000
0.000002
0.000000
0.000009
0.000001
0.000000
0.000000
0.000000
0.000000
0.000000
0.000000
0.000000
0.000000
0.000000
0.000000
0.000000
0.000000
0.000001
0.000000
0.000000
0.000000
0.000000
0.000000
0.000000
0.000000
0.000000
0.000000
0.000000
0.000000
0.000000
0.000000
0.000000
0.000000
0.000000
0.000000
0.000000
0.000000
0.000000
0.000000
0.000000
0.000000
0.000000
0.000000
0.000000
0.000000
0.000000
0.000000
0.000000
0.000000
0.000000
0.000000
0.000000
0.000000
0.000000
0.000000
0.000000
0.000000
0.000000
0.000000
0.000000
0.000000
0.000000
0.000000
0.000000
0.000000
0.000000
0.000000
0.000000
0.000000
0.000000
0.000000
0.000000
0.000000
0.000000
0.000000
0.000000
0.000000
0.000000
0.000000
0.000000
0.000000
0.000000
0.000000
0.000000
0.000000
0.000000
0.000000
0.000000
0.000000
0.000000
0.000000
0.000000
0.000000
0.000000
0.000000
0.000000
0.000000
0.000000
0.000000
0.000000
0.000000
0.000000
0.000000
0.000000
0.000000
0.000000
0.000000
0.000000
0.000000
0.000000
0.000000
0.000000
0.000000
