51.907000
25.144400
918.250000
212.370000
98.328000
56.159000
36.356000
23.390000
16.963000
13.334000
8.915800
7.214900
5.697700
4.596400
3.237300
2.459000
2.005700
1.692200
1.325700
1.084000
0.912230
0.769990
0.548930
0.438180
0.363470
0.246350
0.217860
0.197250
0.145440
0.126100
0.118880
0.090966
0.061292
0.079100
0.045263
0.032667
0.028638
0.032884
0.021416
0.023082
0.016716
0.019408
0.015872
0.010190
0.008718
0.007073
0.005636
0.004812
0.003284
0.001888
0.002372
0.001491
0.001513
0.002468
0.002056
0.000380
0.000860
0.000137
0.000291
0.000553
0.000435
0.000689
0.000494
0.000197
0.000163
0.000073
0.000056
0.000103
0.000153
0.000098
0.000097
0.000003
0.000058
0.000003
0.000001
0.000003
0.000003
0.000014
0.000006
0.000022
0.000019
0.000076
0.000002
0.000000
0.000006
0.000000
0.000000
0.000002
0.000019
0.000000
0.000000
0.000000
0.000000
0.000000
0.000000
0.000000
0.000000
0.000000
0.000000
0.000000
0.000000
0.000000
0.000000
0.000000
0.000000
0.000000
0.000000
0.000000
0.000000
0.000000
0.000000
0.000000
0.000000
0.000000
0.000000
0.000000
0.000000
0.000000
0.000000
0.000000
0.000000
0.000000
0.000000
0.000000
0.000000
0.000000
0.000000
0.000000
0.000000
0.000000
0.000000
0.000000
0.000000
0.000000
0.000000
0.000000
0.000000
0.000000
0.000000
0.000000
0.000000
0.000000
0.000000
0.000000
0.000000
0.000000
0.000000
0.000000
0.000000
0.000000
0.000000
0.000000
0.000000
0.000000
0.000000
0.000000
0.000000
0.000000
0.000000
0.000000
0.000000
0.000000
0.000000
0.000000
0.000000
0.000000
0.000000
0.000000
0.000000
0.000000
0.000000
0.000000
0.000000
0.000000
0.000000
0.000000
0.000000
0.000000
0.000000
0.000000
0.000000
0.000000
0.000000
0.000000
0.000000
0.000000
0.000000
0.000000
0.000000
0.000000
0.000000
0.000000
0.000000
0.000000
0.000000
0.000000
0.000000
0.000000
0.000000
0.000000
0.000000
0.000000
