60.351200
55.664200
891.490000
194.300000
80.331000
48.050000
27.070000
17.207000
12.146000
8.390600
6.355900
3.953700
3.022100
2.229600
1.542200
1.223800
0.727710
0.693350
0.462120
0.350200
0.304370
0.258540
0.146740
0.095698
0.069974
0.058243
0.048690
0.042747
0.027740
0.023700
0.022097
0.012448
0.007330
0.007823
0.004117
0.004045
0.003931
0.001928
0.003295
0.000497
0.000958
0.000809
0.000442
0.000437
0.000153
0.000178
0.000043
0.000356
0.000101
0.000029
0.000030
0.000071
0.000024
0.000076
0.000000
0.000012
0.000016
0.000006
0.000013
0.000000
0.000034
0.000009
0.000001
0.000001
0.000000
0.000000
0.000002
0.000000
0.000000
0.000000
0.000000
0.000000
0.000000
0.000000
0.000000
0.000000
0.000000
0.000000
0.000000
0.000000
0.000000
0.000000
0.000000
0.000000
0.000000
0.000000
0.000000
0.000000
0.000000
0.000000
0.000000
0.000000
0.000000
0.000000
0.000000
0.000000
0.000000
0.000000
0.000000
0.000000
0.000000
0.000000
0.000000
0.000000
0.000000
0.000000
0.000000
0.000000
0.000000
0.000000
0.000000
0.000000
0.000000
0.000000
0.000000
0.000000
0.000000
0.000000
0.000000
0.000000
0.000000
0.000000
0.000000
0.000000
0.000000
0.000000
0.000000
0.000000
0.000000
0.000000
0.000000
0.000000
0.000000
0.000000
0.000000
0.000000
0.000000
0.000000
0.000000
0.000000
0.000000
0.000000
0.000000
0.000000
0.000000
0.000000
0.000000
0.000000
0.000000
0.000000
0.000000
0.000000
0.000000
0.000000
0.000000
0.000000
0.000000
0.000000
0.000000
0.000000
0.000000
0.000000
0.000000
0.000000
0.000000
0.000000
0.000000
0.000000
0.000000
0.000000
0.000000
0.000000
0.000000
0.000000
0.000000
0.000000
0.000000
0.000000
0.000000
0.000000
0.000000
0.000000
0.000000
0.000000
0.000000
0.000000
0.000000
0.000000
0.000000
0.000000
0.000000
0.000000
0.000000
0.000000
0.000000
0.000000
0.000000
0.000000
0.000000
0.000000
0.000000
0.000000
