67.081900
12.404400
927.910000
175.830000
83.573000
43.608000
30.088000
18.776000
13.403000
9.688600
7.070200
5.880800
4.484100
3.824100
3.096500
2.505600
1.832200
1.722300
1.416900
0.888570
0.880790
0.759130
0.673950
0.519060
0.520750
0.385270
0.391380
0.315010
0.221960
0.225210
0.206660
0.140130
0.100260
0.115630
0.086567
0.105090
0.084796
0.049112
0.040654
0.040893
0.041256
0.017105
0.028245
0.022287
0.018949
0.030082
0.013131
0.014421
0.009635
0.011575
0.007049
0.008455
0.005734
0.004965
0.003840
0.003114
0.002738
0.002676
0.001207
0.000741
0.002196
0.000100
0.000740
0.001282
0.001503
0.000093
0.000234
0.000407
0.001328
0.000419
0.000655
0.000015
0.000110
0.000282
0.000475
0.000000
0.000230
0.000136
0.000089
0.000356
0.000046
0.000031
0.000009
0.000055
0.000009
0.000107
0.000047
0.000000
0.000006
0.000000
0.000052
0.000001
0.000000
0.000017
0.000000
0.000000
0.000000
0.000001
0.000132
0.000000
0.000000
0.000001
0.000003
0.000023
0.000000
0.000000
0.000000
0.000000
0.000000
0.000000
0.000000
0.000000
0.000000
0.000000
0.000000
0.000000
0.000000
0.000000
0.000000
0.000000
0.000000
0.000000
0.000000
0.000000
0.000000
0.000000
0.000000
0.000000
0.000000
0.000000
0.000000
0.000000
0.000000
0.000000
0.000000
0.000000
0.000000
0.000000
0.000000
0.000000
0.000000
0.000000
0.000000
0.000000
0.000000
0.000000
0.000000
0.000000
0.000000
0.000000
0.000000
0.000000
0.000000
0.000000
0.000000
0.000000
0.000000
0.000000
0.000000
0.000000
0.000000
0.000000
0.000000
0.000000
0.000000
0.000000
0.000000
0.000000
0.000000
0.000000
0.000000
0.000000
0.000000
0.000000
0.000000
0.000000
0.000000
0.000000
0.000000
0.000000
0.000000
0.000000
0.000000
0.000000
0.000000
0.000000
0.000000
0.000000
0.000000
0.000000
0.000000
0.000000
0.000000
0.000000
0.000000
0.000000
0.000000
0.000000
0.000000
0.000000
0.000000
0.000000
