48.603400
19.532300
1005.500000
216.970000
105.910000
62.683000
37.676000
25.801000
19.251000
14.049000
11.307000
8.657800
6.542500
5.317900
4.329500
3.212400
2.682900
2.299600
1.617400
1.219200
1.134000
1.071000
0.871190
0.576760
0.577690
0.446580
0.379830
0.323840
0.263520
0.205240
0.170800
0.136290
0.137180
0.111880
0.088716
0.056574
0.068666
0.065799
0.056862
0.028596
0.042394
0.022068
0.020111
0.025002
0.017988
0.015275
0.011802
0.006615
0.009665
0.007347
0.007643
0.006191
0.004763
0.004708
0.004000
0.002861
0.002411
0.001655
0.000914
0.001179
0.000982
0.001315
0.000411
0.000568
0.000664
0.000993
0.000490
0.000634
0.000224
0.000219
0.000545
0.000265
0.000124
0.000047
0.000517
0.000039
0.000059
0.000016
0.000039
0.000056
0.000021
0.000007
0.000095
0.000011
0.000033
0.000028
0.000017
0.000010
0.000000
0.000000
0.000000
0.000001
0.000028
0.000005
0.000003
0.000000
0.000049
0.000002
0.000000
0.000000
0.000000
0.000001
0.000000
0.000000
0.000000
0.000000
0.000000
0.000000
0.000000
0.000000
0.000006
0.000000
0.000000
0.000000
0.000000
0.000000
0.000000
0.000000
0.000000
0.000000
0.000000
0.000000
0.000000
0.000000
0.000000
0.000000
0.000000
0.000000
0.000000
0.000000
0.000000
0.000000
0.000000
0.000000
0.000000
0.000000
0.000000
0.000000
0.000000
0.000000
0.000000
0.000000
0.000000
0.000000
0.000000
0.000000
0.000000
0.000000
0.000000
0.000000
0.000000
0.000000
0.000000
0.000000
0.000000
0.000000
0.000000
0.000000
0.000000
0.000000
0.000000
0.000000
0.000000
0.000000
0.000000
0.000000
0.000000
0.000000
0.000000
0.000000
0.000000
0.000000
0.000000
0.000000
0.000000
0.000000
0.000000
0.000000
0.000000
0.000000
0.000000
0.000000
0.000000
0.000000
0.000000
0.000000
0.000000
0.000000
0.000000
0.000000
0.000000
0.000000
0.000000
0.000000
0.000000
0.000000
0.000000
0.000000
0.000000
0.000000
0.000000
0.000000
