61.568600
12.493800
937.750000
179.340000
90.744000
47.469000
28.735000
20.125000
16.306000
12.333000
8.542300
7.089600
5.521100
4.130500
3.182700
2.864400
2.272300
1.986400
1.404000
1.292600
1.185300
1.057200
0.907880
0.670620
0.529580
0.410770
0.322350
0.321250
0.256810
0.216700
0.234580
0.179390
0.138800
0.147920
0.135060
0.105850
0.081362
0.078588
0.056356
0.051555
0.047690
0.037610
0.033029
0.025260
0.014084
0.028546
0.027347
0.023439
0.009546
0.007091
0.009951
0.010310
0.006498
0.006632
0.003901
0.005445
0.003705
0.008965
0.001950
0.002553
0.002550
0.000654
0.000982
0.000890
0.001346
0.000239
0.000475
0.001268
0.000213
0.000122
0.000600
0.000157
0.000340
0.000110
0.000131
0.000738
0.000136
0.000085
0.000172
0.000022
0.000112
0.000015
0.000047
0.000006
0.000001
0.000004
0.000021
0.000000
0.000000
0.000018
0.000123
0.000000
0.000007
0.000000
0.000024
0.000000
0.000005
0.000000
0.000000
0.000000
0.000000
0.000000
0.000000
0.000000
0.000000
0.000000
0.000000
0.000002
0.000000
0.000000
0.000000
0.000000
0.000000
0.000000
0.000000
0.000000
0.000000
0.000000
0.000000
0.000000
0.000000
0.000000
0.000000
0.000000
0.000000
0.000000
0.000000
0.000000
0.000000
0.000000
0.000000
0.000000
0.000000
0.000000
0.000000
0.000000
0.000000
0.000000
0.000000
0.000000
0.000000
0.000000
0.000000
0.000000
0.000000
0.000000
0.000000
0.000000
0.000000
0.000000
0.000000
0.000000
0.000000
0.000000
0.000000
0.000000
0.000000
0.000000
0.000000
0.000000
0.000000
0.000000
0.000000
0.000000
0.000000
0.000000
0.000000
0.000000
0.000000
0.000000
0.000000
0.000000
0.000000
0.000000
0.000000
0.000000
0.000000
0.000000
0.000000
0.000000
0.000000
0.000000
0.000000
0.000000
0.000000
0.000000
0.000000
0.000000
0.000000
0.000000
0.000000
0.000000
0.000000
0.000000
0.000000
0.000000
0.000000
0.000000
0.000000
0.000000
0.000000
0.000000
