76.555200
41.502500
817.140000
163.150000
65.473000
34.514000
19.639000
13.982000
8.352900
5.849900
4.034700
2.938300
2.257100
1.388800
1.075000
0.689650
0.610520
0.426130
0.362690
0.257810
0.188400
0.121390
0.115930
0.087235
0.079978
0.054879
0.049959
0.027027
0.027352
0.021090
0.013838
0.006367
0.013925
0.008975
0.007780
0.003955
0.003138
0.001791
0.002736
0.001328
0.000983
0.001676
0.001298
0.000232
0.000417
0.000299
0.000416
0.000235
0.000191
0.000052
0.000121
0.000192
0.000057
0.000044
0.000039
0.000023
0.000012
0.000020
0.000007
0.000128
0.000026
0.000117
0.000000
0.000005
0.000018
0.000000
0.000023
0.000001
0.000001
0.000000
0.000000
0.000000
0.000000
0.000000
0.000000
0.000000
0.000000
0.000000
0.000000
0.000000
0.000000
0.000000
0.000000
0.000000
0.000000
0.000000
0.000000
0.000000
0.000000
0.000000
0.000000
0.000000
0.000000
0.000000
0.000000
0.000000
0.000000
0.000000
0.000000
0.000000
0.000000
0.000000
0.000000
0.000000
0.000000
0.000000
0.000000
0.000000
0.000000
0.000000
0.000000
0.000000
0.000000
0.000000
0.000000
0.000000
0.000000
0.000000
0.000000
0.000000
0.000000
0.000000
0.000000
0.000000
0.000000
0.000000
0.000000
0.000000
0.000000
0.000000
0.000000
0.000000
0.000000
0.000000
0.000000
0.000000
0.000000
0.000000
0.000000
0.000000
0.000000
0.000000
0.000000
0.000000
0.000000
0.000000
0.000000
0.000000
0.000000
0.000000
0.000000
0.000000
0.000000
0.000000
0.000000
0.000000
0.000000
0.000000
0.000000
0.000000
0.000000
0.000000
0.000000
0.000000
0.000000
0.000000
0.000000
0.000000
0.000000
0.000000
0.000000
0.000000
0.000000
0.000000
0.000000
0.000000
0.000000
0.000000
0.000000
0.000000
0.000000
0.000000
0.000000
0.000000
0.000000
0.000000
0.000000
0.000000
0.000000
0.000000
0.000000
0.000000
0.000000
0.000000
0.000000
0.000000
0.000000
0.000000
0.000000
0.000000
0.000000
0.000000
