56.647800
35.969900
947.470000
193.180000
87.040000
51.216000
33.028000
22.060000
14.326000
10.987000
7.944400
5.662100
3.989300
2.713500
2.386400
1.740200
1.428200
1.010200
0.923000
0.704090
0.469140
0.400070
0.281660
0.209770
0.199090
0.174560
0.131660
0.097975
0.087310
0.071879
0.056683
0.027598
0.029475
0.024924
0.024515
0.023348
0.014555
0.010203
0.007098
0.006037
0.005441
0.004122
0.002619
0.003793
0.002322
0.002373
0.000711
0.001432
0.001143
0.000399
0.000447
0.000169
0.000653
0.000352
0.000359
0.000010
0.000065
0.000150
0.000111
0.000061
0.000017
0.000035
0.000009
0.000039
0.000033
0.000009
0.000006
0.000008
0.000008
0.000015
0.000003
0.000005
0.000000
0.000000
0.000003
0.000007
0.000000
0.000000
0.000000
0.000000
0.000000
0.000000
0.000000
0.000000
0.000000
0.000000
0.000000
0.000000
0.000000
0.000000
0.000000
0.000000
0.000000
0.000000
0.000000
0.000000
0.000000
0.000000
0.000000
0.000000
0.000000
0.000000
0.000000
0.000000
0.000000
0.000000
0.000000
0.000000
0.000000
0.000000
0.000000
0.000000
0.000000
0.000000
0.000000
0.000000
0.000000
0.000000
0.000000
0.000000
0.000000
0.000000
0.000000
0.000000
0.000000
0.000000
0.000000
0.000000
0.000000
0.000000
0.000000
0.000000
0.000000
0.000000
0.000000
0.000000
0.000000
0.000000
0.000000
0.000000
0.000000
0.000000
0.000000
0.000000
0.000000
0.000000
0.000000
0.000000
0.000000
0.000000
0.000000
0.000000
0.000000
0.000000
0.000000
0.000000
0.000000
0.000000
0.000000
0.000000
0.000000
0.000000
0.000000
0.000000
0.000000
0.000000
0.000000
0.000000
0.000000
0.000000
0.000000
0.000000
0.000000
0.000000
0.000000
0.000000
0.000000
0.000000
0.000000
0.000000
0.000000
0.000000
0.000000
0.000000
0.000000
0.000000
0.000000
0.000000
0.000000
0.000000
0.000000
0.000000
0.000000
0.000000
0.000000
0.000000
0.000000
0.000000
0.000000
0.000000
0.000000
0.000000
