86.991200
44.758300
818.610000
148.690000
56.256000
27.278000
15.955000
10.666000
6.464500
4.729000
2.933500
2.148400
1.434900
1.019300
0.707380
0.497250
0.450900
0.295260
0.241440
0.153660
0.127540
0.079888
0.065604
0.038388
0.032171
0.036568
0.025526
0.015762
0.016305
0.007669
0.008035
0.005824
0.003271
0.003767
0.003173
0.001326
0.001884
0.001091
0.002464
0.000362
0.000467
0.001437
0.000293
0.000364
0.000296
0.000211
0.000122
0.000860
0.000053
0.000109
0.000052
0.000042
0.000019
0.000014
0.000000
0.000053
0.000028
0.000021
0.000006
0.000014
0.000000
0.000000
0.000002
0.000003
0.000002
0.000005
0.000000
0.000000
0.000000
0.000000
0.000000
0.000000
0.000000
0.000000
0.000000
0.000000
0.000000
0.000000
0.000000
0.000000
0.000000
0.000000
0.000000
0.000000
0.000000
0.000000
0.000000
0.000000
0.000000
0.000000
0.000000
0.000000
0.000000
0.000000
0.000000
0.000000
0.000000
0.000002
0.000000
0.000000
0.000000
0.000000
0.000000
0.000000
0.000000
0.000000
0.000000
0.000000
0.000000
0.000000
0.000000
0.000000
0.000000
0.000000
0.000000
0.000000
0.000000
0.000000
0.000000
0.000000
0.000000
0.000000
0.000000
0.000000
0.000000
0.000000
0.000000
0.000000
0.000000
0.000000
0.000000
0.000000
0.000000
0.000000
0.000000
0.000000
0.000000
0.000000
0.000000
0.000000
0.000000
0.000000
0.000000
0.000000
0.000000
0.000000
0.000000
0.000000
0.000000
0.000000
0.000000
0.000000
0.000000
0.000000
0.000000
0.000000
0.000000
0.000000
0.000000
0.000000
0.000000
0.000000
0.000000
0.000000
0.000000
0.000000
0.000000
0.000000
0.000000
0.000000
0.000000
0.000000
0.000000
0.000000
0.000000
0.000000
0.000000
0.000000
0.000000
0.000000
0.000000
0.000000
0.000000
0.000000
0.000000
0.000000
0.000000
0.000000
0.000000
0.000000
0.000000
0.000000
0.000000
0.000000
0.000000
0.000000
0.000000
0.000000
0.000000
0.000000
0.000000
0.000000
