89.701600
39.275300
800.070000
137.000000
50.862000
27.182000
15.930000
9.853900
6.703200
4.743300
2.959000
1.986300
1.558800
0.992120
0.727610
0.544700
0.388330
0.286430
0.216040
0.151860
0.125480
0.091222
0.086167
0.058195
0.052161
0.029632
0.029498
0.025588
0.017539
0.013847
0.009511
0.011045
0.008919
0.003198
0.003675
0.002116
0.002283
0.003019
0.001030
0.001507
0.001109
0.000922
0.000570
0.000256
0.000164
0.000312
0.000053
0.000194
0.000415
0.000012
0.000112
0.000152
0.000020
0.000022
0.000020
0.000032
0.000037
0.000024
0.000006
0.000022
0.000019
0.000002
0.000002
0.000002
0.000000
0.000000
0.000010
0.000000
0.000000
0.000004
0.000000
0.000000
0.000000
0.000000
0.000000
0.000000
0.000000
0.000000
0.000000
0.000000
0.000000
0.000000
0.000000
0.000000
0.000000
0.000000
0.000000
0.000000
0.000000
0.000000
0.000000
0.000000
0.000000
0.000000
0.000000
0.000000
0.000000
0.000000
0.000000
0.000000
0.000000
0.000000
0.000000
0.000000
0.000000
0.000000
0.000000
0.000000
0.000000
0.000000
0.000000
0.000000
0.000000
0.000000
0.000000
0.000000
0.000000
0.000000
0.000000
0.000000
0.000000
0.000000
0.000000
0.000000
0.000000
0.000000
0.000000
0.000000
0.000000
0.000000
0.000000
0.000000
0.000000
0.000000
0.000000
0.000000
0.000000
0.000000
0.000000
0.000000
0.000000
0.000000
0.000000
0.000000
0.000000
0.000000
0.000000
0.000000
0.000000
0.000000
0.000000
0.000000
0.000000
0.000000
0.000000
0.000000
0.000000
0.000000
0.000000
0.000000
0.000000
0.000000
0.000000
0.000000
0.000000
0.000000
0.000000
0.000000
0.000000
0.000000
0.000000
0.000000
0.000000
0.000000
0.000000
0.000000
0.000000
0.000000
0.000000
0.000000
0.000000
0.000000
0.000000
0.000000
0.000000
0.000000
0.000000
0.000000
0.000000
0.000000
0.000000
0.000000
0.000000
0.000000
0.000000
0.000000
0.000000
0.000000
0.000000
0.000000
0.000000
0.000000
