82.493800
33.355500
817.540000
148.730000
64.111000
34.082000
19.395000
12.656000
7.704000
4.856700
3.587700
2.765500
1.998500
1.491500
1.043800
0.852050
0.647990
0.483580
0.380400
0.292370
0.221640
0.155880
0.117880
0.118600
0.097075
0.074429
0.033925
0.049705
0.038601
0.023585
0.019713
0.014235
0.015319
0.012469
0.007734
0.006629
0.007689
0.003535
0.004057
0.004980
0.001991
0.002176
0.001754
0.001229
0.001238
0.001328
0.000537
0.000612
0.001081
0.000168
0.000203
0.000332
0.000082
0.000108
0.000183
0.000010
0.000031
0.000078
0.000032
0.000063
0.000000
0.000004
0.000014
0.000042
0.000002
0.000016
0.000000
0.000012
0.000002
0.000000
0.000000
0.000007
0.000003
0.000014
0.000002
0.000000
0.000000
0.000000
0.000000
0.000000
0.000000
0.000000
0.000001
0.000000
0.000000
0.000000
0.000000
0.000000
0.000000
0.000000
0.000000
0.000000
0.000000
0.000000
0.000000
0.000000
0.000000
0.000000
0.000000
0.000000
0.000000
0.000000
0.000000
0.000000
0.000000
0.000000
0.000000
0.000000
0.000000
0.000000
0.000000
0.000000
0.000000
0.000000
0.000000
0.000000
0.000000
0.000000
0.000000
0.000000
0.000000
0.000000
0.000000
0.000000
0.000000
0.000000
0.000000
0.000000
0.000000
0.000000
0.000000
0.000000
0.000000
0.000000
0.000000
0.000000
0.000000
0.000000
0.000000
0.000000
0.000000
0.000000
0.000000
0.000000
0.000000
0.000000
0.000000
0.000000
0.000000
0.000000
0.000000
0.000000
0.000000
0.000000
0.000000
0.000000
0.000000
0.000000
0.000000
0.000000
0.000000
0.000000
0.000000
0.000000
0.000000
0.000000
0.000000
0.000000
0.000000
0.000000
0.000000
0.000000
0.000000
0.000000
0.000000
0.000000
0.000000
0.000000
0.000000
0.000000
0.000000
0.000000
0.000000
0.000000
0.000000
0.000000
0.000000
0.000000
0.000000
0.000000
0.000000
0.000000
0.000000
0.000000
0.000000
0.000000
0.000000
0.000000
0.000000
0.000000
0.000000
0.000000
