54.690100
56.837400
960.980000
201.050000
90.828000
50.842000
31.993000
19.386000
14.161000
9.712800
6.884500
4.636300
3.727300
2.696900
1.940700
1.397500
1.082900
0.781680
0.593050
0.387590
0.308130
0.184120
0.183570
0.142200
0.080354
0.074621
0.049255
0.036297
0.037263
0.033419
0.021276
0.016665
0.010646
0.007843
0.009668
0.009601
0.004354
0.002695
0.001840
0.002399
0.002188
0.000331
0.000915
0.000357
0.000096
0.000260
0.000154
0.000289
0.000141
0.000040
0.000141
0.000017
0.000033
0.000034
0.000066
0.000013
0.000010
0.000005
0.000024
0.000016
0.000008
0.000011
0.000000
0.000002
0.000003
0.000000
0.000000
0.000000
0.000000
0.000000
0.000000
0.000000
0.000000
0.000000
0.000000
0.000004
0.000000
0.000002
0.000000
0.000000
0.000000
0.000000
0.000000
0.000000
0.000000
0.000000
0.000000
0.000000
0.000000
0.000000
0.000000
0.000000
0.000000
0.000000
0.000000
0.000000
0.000000
0.000000
0.000000
0.000000
0.000000
0.000000
0.000000
0.000000
0.000000
0.000000
0.000000
0.000000
0.000000
0.000000
0.000000
0.000000
0.000000
0.000000
0.000000
0.000000
0.000000
0.000000
0.000000
0.000000
0.000000
0.000000
0.000000
0.000000
0.000000
0.000000
0.000000
0.000000
0.000000
0.000000
0.000000
0.000000
0.000000
0.000000
0.000000
0.000000
0.000000
0.000000
0.000000
0.000000
0.000000
0.000000
0.000000
0.000000
0.000000
0.000000
0.000000
0.000000
0.000000
0.000000
0.000000
0.000000
0.000000
0.000000
0.000000
0.000000
0.000000
0.000000
0.000000
0.000000
0.000000
0.000000
0.000000
0.000000
0.000000
0.000000
0.000000
0.000000
0.000000
0.000000
0.000000
0.000000
0.000000
0.000000
0.000000
0.000000
0.000000
0.000000
0.000000
0.000000
0.000000
0.000000
0.000000
0.000000
0.000000
0.000000
0.000000
0.000000
0.000000
0.000000
0.000000
0.000000
0.000000
0.000000
0.000000
0.000000
0.000000
0.000000
0.000000
0.000000
0.000000
0.000000
