80.092000
32.902500
833.530000
162.210000
66.211000
32.340000
21.228000
13.617000
9.220000
5.620900
3.964300
2.852600
2.323200
1.537500
1.212700
0.885900
0.736910
0.471350
0.399710
0.312100
0.207380
0.195870
0.176120
0.147720
0.098995
0.056837
0.068926
0.042843
0.043472
0.025384
0.023969
0.018451
0.013949
0.013196
0.009234
0.005892
0.006285
0.005945
0.008007
0.005848
0.001483
0.003234
0.000983
0.001344
0.000534
0.000942
0.000596
0.001131
0.000404
0.000503
0.000259
0.000403
0.000692
0.000179
0.000118
0.000186
0.000077
0.000036
0.000061
0.000018
0.000013
0.000002
0.000013
0.000000
0.000015
0.000020
0.000005
0.000009
0.000002
0.000000
0.000006
0.000003
0.000000
0.000000
0.000000
0.000000
0.000000
0.000000
0.000000
0.000000
0.000000
0.000000
0.000000
0.000002
0.000000
0.000000
0.000000
0.000000
0.000000
0.000000
0.000000
0.000000
0.000000
0.000000
0.000000
0.000000
0.000000
0.000000
0.000000
0.000000
0.000000
0.000000
0.000000
0.000000
0.000000
0.000000
0.000000
0.000000
0.000000
0.000000
0.000000
0.000000
0.000000
0.000000
0.000000
0.000000
0.000000
0.000000
0.000000
0.000000
0.000000
0.000000
0.000000
0.000000
0.000000
0.000000
0.000000
0.000000
0.000000
0.000000
0.000000
0.000000
0.000000
0.000000
0.000000
0.000000
0.000000
0.000000
0.000000
0.000000
0.000000
0.000000
0.000000
0.000000
0.000000
0.000000
0.000000
0.000000
0.000000
0.000000
0.000000
0.000000
0.000000
0.000000
0.000000
0.000000
0.000000
0.000000
0.000000
0.000000
0.000000
0.000000
0.000000
0.000000
0.000000
0.000000
0.000000
0.000000
0.000000
0.000000
0.000000
0.000000
0.000000
0.000000
0.000000
0.000000
0.000000
0.000000
0.000000
0.000000
0.000000
0.000000
0.000000
0.000000
0.000000
0.000000
0.000000
0.000000
0.000000
0.000000
0.000000
0.000000
0.000000
0.000000
0.000000
0.000000
0.000000
0.000000
0.000000
0.000000
0.000000
0.000000
