89.127400
36.157100
808.900000
144.230000
57.207000
28.565000
18.197000
10.778000
6.298900
4.772500
2.871100
2.166200
1.403300
1.034800
0.774590
0.641160
0.556360
0.315850
0.219710
0.212060
0.192000
0.104030
0.111560
0.063498
0.064241
0.038686
0.032768
0.022950
0.023269
0.014350
0.008423
0.008750
0.008022
0.009307
0.005596
0.003841
0.001606
0.002904
0.003065
0.002387
0.001690
0.000709
0.000509
0.001498
0.000711
0.000370
0.000037
0.000131
0.000207
0.000404
0.000054
0.000035
0.000023
0.000040
0.000030
0.000050
0.000016
0.000009
0.000006
0.000004
0.000012
0.000005
0.000005
0.000002
0.000007
0.000000
0.000004
0.000000
0.000000
0.000005
0.000000
0.000000
0.000000
0.000009
0.000000
0.000000
0.000000
0.000002
0.000000
0.000000
0.000000
0.000000
0.000000
0.000000
0.000000
0.000000
0.000000
0.000000
0.000000
0.000000
0.000000
0.000000
0.000000
0.000000
0.000000
0.000000
0.000000
0.000000
0.000000
0.000000
0.000000
0.000000
0.000000
0.000000
0.000000
0.000000
0.000000
0.000000
0.000000
0.000000
0.000000
0.000000
0.000000
0.000000
0.000000
0.000000
0.000000
0.000000
0.000000
0.000000
0.000000
0.000000
0.000000
0.000000
0.000000
0.000000
0.000000
0.000000
0.000000
0.000000
0.000000
0.000000
0.000000
0.000000
0.000000
0.000000
0.000000
0.000000
0.000000
0.000000
0.000000
0.000000
0.000000
0.000000
0.000000
0.000000
0.000000
0.000000
0.000000
0.000000
0.000000
0.000000
0.000000
0.000000
0.000000
0.000000
0.000000
0.000000
0.000000
0.000000
0.000000
0.000000
0.000000
0.000000
0.000000
0.000000
0.000000
0.000000
0.000000
0.000000
0.000000
0.000000
0.000000
0.000000
0.000000
0.000000
0.000000
0.000000
0.000000
0.000000
0.000000
0.000000
0.000000
0.000000
0.000000
0.000000
0.000000
0.000000
0.000000
0.000000
0.000000
0.000000
0.000000
0.000000
0.000000
0.000000
0.000000
0.000000
0.000000
0.000000
0.000000
0.000000
