79.440900
43.581000
834.440000
157.350000
67.951000
33.076000
18.683000
11.543000
8.056600
5.540200
3.843400
2.693200
1.959900
1.273200
0.963500
0.761030
0.456760
0.370100
0.261970
0.236270
0.176090
0.144520
0.114680
0.084465
0.046488
0.053119
0.036503
0.022641
0.016751
0.011951
0.013163
0.007410
0.007309
0.004778
0.003131
0.002424
0.002318
0.002310
0.006558
0.001434
0.000993
0.000972
0.000546
0.000610
0.000345
0.001088
0.000228
0.000189
0.000072
0.000066
0.000058
0.000082
0.000003
0.000012
0.000039
0.000015
0.000032
0.000022
0.000002
0.000011
0.000009
0.000011
0.000010
0.000000
0.000000
0.000000
0.000005
0.000004
0.000000
0.000000
0.000000
0.000000
0.000000
0.000000
0.000000
0.000000
0.000000
0.000000
0.000000
0.000000
0.000000
0.000000
0.000000
0.000000
0.000000
0.000000
0.000000
0.000000
0.000000
0.000000
0.000000
0.000000
0.000000
0.000000
0.000000
0.000000
0.000000
0.000000
0.000000
0.000000
0.000000
0.000000
0.000000
0.000000
0.000000
0.000000
0.000000
0.000000
0.000000
0.000000
0.000000
0.000000
0.000000
0.000000
0.000000
0.000000
0.000000
0.000000
0.000000
0.000000
0.000000
0.000000
0.000000
0.000000
0.000000
0.000000
0.000000
0.000000
0.000000
0.000000
0.000000
0.000000
0.000000
0.000000
0.000000
0.000000
0.000000
0.000000
0.000000
0.000000
0.000000
0.000000
0.000000
0.000000
0.000000
0.000000
0.000000
0.000000
0.000000
0.000000
0.000000
0.000000
0.000000
0.000000
0.000000
0.000000
0.000000
0.000000
0.000000
0.000000
0.000000
0.000000
0.000000
0.000000
0.000000
0.000000
0.000000
0.000000
0.000000
0.000000
0.000000
0.000000
0.000000
0.000000
0.000000
0.000000
0.000000
0.000000
0.000000
0.000000
0.000000
0.000000
0.000000
0.000000
0.000000
0.000000
0.000000
0.000000
0.000000
0.000000
0.000000
0.000000
0.000000
0.000000
0.000000
0.000000
0.000000
0.000000
0.000000
0.000000
0.000000
0.000000
