44.632500
49.172400
1011.000000
214.210000
104.350000
61.063000
37.363000
26.937000
17.693000
13.263000
9.035200
6.595300
5.295400
3.846400
3.035000
2.308500
1.562900
1.384400
0.995160
0.828100
0.599260
0.497310
0.352690
0.268030
0.191870
0.153840
0.128790
0.091065
0.079624
0.057565
0.032350
0.043784
0.031472
0.015490
0.015683
0.009547
0.010003
0.005824
0.005285
0.001879
0.004791
0.003780
0.002499
0.000940
0.001010
0.001884
0.000586
0.000832
0.000718
0.000260
0.000302
0.000082
0.000178
0.000235
0.000057
0.000040
0.000017
0.000011
0.000018
0.000360
0.000031
0.000015
0.000012
0.000003
0.000009
0.000000
0.000000
0.000000
0.000002
0.000009
0.000000
0.000000
0.000000
0.000001
0.000000
0.000000
0.000000
0.000000
0.000000
0.000000
0.000000
0.000000
0.000000
0.000000
0.000000
0.000000
0.000000
0.000000
0.000000
0.000000
0.000000
0.000000
0.000000
0.000000
0.000000
0.000000
0.000000
0.000000
0.000000
0.000000
0.000000
0.000000
0.000000
0.000000
0.000000
0.000000
0.000000
0.000000
0.000000
0.000000
0.000000
0.000000
0.000000
0.000000
0.000000
0.000000
0.000000
0.000000
0.000000
0.000000
0.000000
0.000000
0.000000
0.000000
0.000000
0.000000
0.000000
0.000000
0.000000
0.000000
0.000000
0.000000
0.000000
0.000000
0.000000
0.000000
0.000000
0.000000
0.000000
0.000000
0.000000
0.000000
0.000000
0.000000
0.000000
0.000000
0.000000
0.000000
0.000000
0.000000
0.000000
0.000000
0.000000
0.000000
0.000000
0.000000
0.000000
0.000000
0.000000
0.000000
0.000000
0.000000
0.000000
0.000000
0.000000
0.000000
0.000000
0.000000
0.000000
0.000000
0.000000
0.000000
0.000000
0.000000
0.000000
0.000000
0.000000
0.000000
0.000000
0.000000
0.000000
0.000000
0.000000
0.000000
0.000000
0.000000
0.000000
0.000000
0.000000
0.000000
0.000000
0.000000
0.000000
0.000000
0.000000
0.000000
0.000000
0.000000
0.000000
0.000000
0.000000
0.000000
