65.691200
11.338400
875.980000
186.810000
82.288000
46.754000
32.649000
18.999000
15.482000
10.466000
8.769500
5.755600
4.689900
3.933300
3.102700
2.344800
2.210500
1.896800
1.501100
1.125000
1.077400
0.921200
0.754200
0.582480
0.549160
0.490070
0.377220
0.369960
0.258280
0.287550
0.211610
0.175650
0.225750
0.116510
0.129110
0.101060
0.083444
0.077222
0.067638
0.039999
0.051087
0.048314
0.030105
0.032614
0.023014
0.015661
0.017937
0.009106
0.010071
0.006230
0.007418
0.008051
0.010442
0.004490
0.004768
0.003512
0.003918
0.002888
0.000887
0.004512
0.003424
0.000829
0.001756
0.001262
0.000702
0.000412
0.000741
0.000856
0.000642
0.000715
0.000672
0.000191
0.000488
0.000653
0.000190
0.000341
0.000008
0.000182
0.000519
0.000218
0.000026
0.000041
0.000003
0.000794
0.000320
0.000033
0.000028
0.000001
0.000081
0.000046
0.000000
0.000001
0.000002
0.000000
0.000105
0.000000
0.000000
0.000002
0.000000
0.000029
0.000116
0.000000
0.000001
0.000002
0.000000
0.000000
0.000000
0.000000
0.000000
0.000009
0.000000
0.000000
0.000000
0.000000
0.000000
0.000000
0.000188
0.000000
0.000000
0.000000
0.000000
0.000000
0.000000
0.000000
0.000000
0.000000
0.000000
0.000000
0.000000
0.000000
0.000000
0.000000
0.000000
0.000000
0.000000
0.000000
0.000000
0.000000
0.000000
0.000000
0.000000
0.000000
0.000000
0.000000
0.000000
0.000000
0.000000
0.000000
0.000000
0.000000
0.000000
0.000000
0.000000
0.000000
0.000000
0.000000
0.000000
0.000000
0.000000
0.000000
0.000000
0.000000
0.000000
0.000000
0.000000
0.000000
0.000000
0.000000
0.000000
0.000000
0.000000
0.000000
0.000000
0.000000
0.000000
0.000000
0.000000
0.000000
0.000000
0.000000
0.000000
0.000000
0.000000
0.000000
0.000000
0.000000
0.000000
0.000000
0.000000
0.000000
0.000000
0.000000
0.000000
0.000000
0.000000
0.000000
0.000000
0.000000
0.000000
0.000000
0.000000
0.000000
