82.523900
29.608300
805.620000
150.660000
64.271000
34.286000
19.231000
11.423000
8.512900
5.988100
4.175100
3.146800
1.891700
1.454400
1.121600
0.809710
0.678780
0.621560
0.419540
0.342180
0.242290
0.198770
0.156520
0.114210
0.105860
0.083518
0.056288
0.058572
0.041365
0.037399
0.029238
0.018193
0.020777
0.018832
0.017688
0.013496
0.011048
0.007849
0.004515
0.005851
0.004442
0.002293
0.003808
0.001437
0.002968
0.001950
0.000931
0.000628
0.000423
0.001029
0.000188
0.000161
0.000213
0.000247
0.000121
0.000190
0.000150
0.000212
0.000093
0.000107
0.000080
0.000011
0.000000
0.000048
0.000007
0.000007
0.000043
0.000004
0.000016
0.000011
0.000014
0.000009
0.000000
0.000002
0.000010
0.000000
0.000000
0.000000
0.000000
0.000000
0.000000
0.000000
0.000000
0.000000
0.000000
0.000000
0.000000
0.000000
0.000000
0.000000
0.000000
0.000000
0.000000
0.000000
0.000000
0.000000
0.000000
0.000000
0.000000
0.000000
0.000000
0.000000
0.000000
0.000000
0.000000
0.000000
0.000000
0.000000
0.000000
0.000000
0.000000
0.000000
0.000000
0.000000
0.000000
0.000000
0.000000
0.000000
0.000000
0.000000
0.000000
0.000000
0.000000
0.000000
0.000000
0.000000
0.000000
0.000000
0.000000
0.000000
0.000000
0.000000
0.000000
0.000000
0.000000
0.000000
0.000000
0.000000
0.000000
0.000000
0.000000
0.000000
0.000000
0.000000
0.000000
0.000000
0.000000
0.000000
0.000000
0.000000
0.000000
0.000000
0.000000
0.000000
0.000000
0.000000
0.000000
0.000000
0.000000
0.000000
0.000000
0.000000
0.000000
0.000000
0.000000
0.000000
0.000000
0.000000
0.000000
0.000000
0.000000
0.000000
0.000000
0.000000
0.000000
0.000000
0.000000
0.000000
0.000000
0.000000
0.000000
0.000000
0.000000
0.000000
0.000000
0.000000
0.000000
0.000000
0.000000
0.000000
0.000000
0.000000
0.000000
0.000000
0.000000
0.000000
0.000000
0.000000
0.000000
0.000000
0.000000
0.000000
