40.412400
26.919800
981.300000
243.450000
110.280000
73.041000
48.102000
32.286000
22.247000
17.204000
12.577000
9.385600
7.442300
6.204900
4.320300
3.557600
3.163300
2.631900
1.672700
1.607800
1.189300
1.112000
0.744410
0.744800
0.556860
0.451280
0.333780
0.272180
0.212210
0.211110
0.179480
0.124100
0.109390
0.085022
0.074642
0.073943
0.044804
0.035950
0.029884
0.018568
0.019349
0.019920
0.016322
0.014849
0.006757
0.005811
0.008697
0.005490
0.005207
0.004389
0.003945
0.004427
0.001461
0.004597
0.000898
0.001144
0.000644
0.001877
0.000528
0.001363
0.000583
0.000161
0.000612
0.001230
0.000170
0.000424
0.000314
0.000036
0.000018
0.000115
0.000039
0.000015
0.000025
0.000061
0.000037
0.000010
0.000021
0.000006
0.000173
0.000000
0.000016
0.000006
0.000002
0.000002
0.000004
0.000000
0.000001
0.000003
0.000000
0.000001
0.000000
0.000000
0.000000
0.000000
0.000001
0.000005
0.000000
0.000000
0.000000
0.000000
0.000000
0.000000
0.000000
0.000000
0.000000
0.000000
0.000000
0.000000
0.000000
0.000000
0.000000
0.000000
0.000001
0.000000
0.000000
0.000000
0.000000
0.000000
0.000000
0.000000
0.000000
0.000000
0.000000
0.000000
0.000000
0.000000
0.000000
0.000000
0.000000
0.000000
0.000000
0.000000
0.000000
0.000000
0.000000
0.000000
0.000000
0.000000
0.000000
0.000000
0.000000
0.000000
0.000000
0.000000
0.000000
0.000000
0.000000
0.000000
0.000000
0.000000
0.000000
0.000000
0.000000
0.000000
0.000000
0.000000
0.000000
0.000000
0.000000
0.000000
0.000000
0.000000
0.000000
0.000000
0.000000
0.000000
0.000000
0.000000
0.000000
0.000000
0.000000
0.000000
0.000000
0.000000
0.000000
0.000000
0.000000
0.000000
0.000000
0.000000
0.000000
0.000000
0.000000
0.000000
0.000000
0.000000
0.000000
0.000000
0.000000
0.000000
0.000000
0.000000
0.000000
0.000000
0.000000
0.000000
0.000000
0.000000
0.000000
0.000000
0.000000
0.000000
