61.446600
31.160300
948.770000
189.780000
86.284000
43.952000
31.170000
17.684000
13.570000
9.153000
6.715700
4.994800
3.775800
2.489400
2.037000
1.715500
1.185000
1.006000
0.709110
0.610390
0.468100
0.348880
0.299330
0.212790
0.213150
0.165940
0.135870
0.102070
0.109300
0.054732
0.047913
0.046148
0.035412
0.027812
0.028656
0.012730
0.010558
0.012080
0.008877
0.006750
0.008193
0.003908
0.003271
0.003686
0.003573
0.001201
0.004155
0.000719
0.001739
0.000898
0.000703
0.000623
0.000467
0.000495
0.001048
0.000063
0.000268
0.000266
0.000284
0.000201
0.000039
0.000056
0.000159
0.000057
0.000080
0.000046
0.000007
0.000097
0.000033
0.000000
0.000017
0.000003
0.000016
0.000004
0.000005
0.000004
0.000003
0.000000
0.000000
0.000000
0.000001
0.000000
0.000000
0.000000
0.000000
0.000000
0.000000
0.000013
0.000011
0.000000
0.000000
0.000003
0.000000
0.000000
0.000000
0.000000
0.000000
0.000000
0.000000
0.000000
0.000000
0.000000
0.000000
0.000000
0.000000
0.000000
0.000000
0.000000
0.000000
0.000000
0.000000
0.000000
0.000000
0.000000
0.000000
0.000000
0.000000
0.000000
0.000000
0.000000
0.000000
0.000000
0.000000
0.000000
0.000000
0.000000
0.000000
0.000000
0.000000
0.000000
0.000000
0.000000
0.000000
0.000000
0.000000
0.000000
0.000000
0.000000
0.000000
0.000000
0.000000
0.000000
0.000000
0.000000
0.000000
0.000000
0.000000
0.000000
0.000000
0.000000
0.000000
0.000000
0.000000
0.000000
0.000000
0.000000
0.000000
0.000000
0.000000
0.000000
0.000000
0.000000
0.000000
0.000000
0.000000
0.000000
0.000000
0.000000
0.000000
0.000000
0.000000
0.000000
0.000000
0.000000
0.000000
0.000000
0.000000
0.000000
0.000000
0.000000
0.000000
0.000000
0.000000
0.000000
0.000000
0.000000
0.000000
0.000000
0.000000
0.000000
0.000000
0.000000
0.000000
0.000000
0.000000
0.000000
0.000000
0.000000
0.000000
0.000000
0.000000
0.000000
