41.236400
11.239900
992.930000
242.370000
111.620000
72.835000
49.632000
34.331000
26.734000
20.670000
16.045000
11.486000
10.166000
7.824200
6.880400
6.230800
4.431800
3.427600
2.965900
2.841300
2.431800
1.961400
1.837200
1.280900
1.001600
1.108800
0.924720
0.781610
0.560030
0.508650
0.578510
0.441240
0.365940
0.310320
0.274880
0.228640
0.195290
0.137800
0.144140
0.141460
0.113240
0.109540
0.075056
0.066657
0.062618
0.052712
0.048938
0.041007
0.037069
0.023714
0.019573
0.019490
0.014344
0.015047
0.011460
0.011018
0.008788
0.010130
0.008229
0.004908
0.008476
0.003744
0.005683
0.005340
0.004371
0.002357
0.000578
0.002852
0.001633
0.001245
0.000275
0.002922
0.001735
0.000176
0.000517
0.001499
0.000433
0.000432
0.000408
0.000581
0.000137
0.000190
0.000222
0.000458
0.000221
0.000474
0.000019
0.000007
0.000005
0.000028
0.000006
0.000169
0.000021
0.000001
0.000017
0.000027
0.000065
0.000000
0.000000
0.000000
0.000013
0.000000
0.000035
0.000000
0.000063
0.000001
0.000000
0.000000
0.000003
0.000027
0.000000
0.000000
0.000000
0.000001
0.000014
0.000000
0.000000
0.000000
0.000000
0.000000
0.000000
0.000000
0.000000
0.000000
0.000000
0.000000
0.000000
0.000000
0.000000
0.000000
0.000000
0.000000
0.000000
0.000000
0.000000
0.000000
0.000000
0.000000
0.000000
0.000000
0.000000
0.000000
0.000000
0.000000
0.000000
0.000000
0.000000
0.000000
0.000000
0.000000
0.000000
0.000000
0.000000
0.000000
0.000000
0.000000
0.000000
0.000000
0.000000
0.000000
0.000000
0.000000
0.000000
0.000000
0.000000
0.000000
0.000000
0.000000
0.000000
0.000000
0.000000
0.000000
0.000000
0.000000
0.000000
0.000000
0.000000
0.000000
0.000000
0.000000
0.000000
0.000000
0.000000
0.000000
0.000000
0.000000
0.000000
0.000000
0.000000
0.000000
0.000000
0.000000
0.000000
0.000000
0.000000
0.000000
0.000000
0.000000
0.000000
0.000000
0.000000
0.000000
