63.068800
46.741100
814.250000
201.820000
84.091000
42.716000
27.206000
19.163000
11.711000
7.612700
6.144000
4.115400
2.748600
2.256700
1.620000
1.195900
0.833850
0.672090
0.476300
0.294070
0.301180
0.240830
0.164290
0.122530
0.092729
0.090726
0.078769
0.044005
0.041645
0.027727
0.025274
0.017076
0.007671
0.021241
0.008261
0.005913
0.003849
0.002990
0.002105
0.001461
0.001119
0.000492
0.000764
0.000968
0.000691
0.000587
0.000260
0.000242
0.000197
0.000080
0.000114
0.000132
0.000086
0.000129
0.000114
0.000061
0.000011
0.000003
0.000043
0.000000
0.000002
0.000003
0.000003
0.000013
0.000000
0.000000
0.000002
0.000000
0.000000
0.000003
0.000000
0.000000
0.000000
0.000000
0.000000
0.000000
0.000000
0.000000
0.000000
0.000000
0.000000
0.000000
0.000000
0.000004
0.000000
0.000000
0.000000
0.000000
0.000000
0.000000
0.000000
0.000000
0.000000
0.000000
0.000000
0.000000
0.000000
0.000000
0.000000
0.000000
0.000000
0.000000
0.000000
0.000000
0.000000
0.000000
0.000000
0.000000
0.000000
0.000000
0.000000
0.000000
0.000000
0.000000
0.000000
0.000000
0.000000
0.000000
0.000000
0.000000
0.000000
0.000000
0.000000
0.000000
0.000000
0.000000
0.000000
0.000000
0.000000
0.000000
0.000000
0.000000
0.000000
0.000000
0.000000
0.000000
0.000000
0.000000
0.000000
0.000000
0.000000
0.000000
0.000000
0.000000
0.000000
0.000000
0.000000
0.000000
0.000000
0.000000
0.000000
0.000000
0.000000
0.000000
0.000000
0.000000
0.000000
0.000000
0.000000
0.000000
0.000000
0.000000
0.000000
0.000000
0.000000
0.000000
0.000000
0.000000
0.000000
0.000000
0.000000
0.000000
0.000000
0.000000
0.000000
0.000000
0.000000
0.000000
0.000000
0.000000
0.000000
0.000000
0.000000
0.000000
0.000000
0.000000
0.000000
0.000000
0.000000
0.000000
0.000000
0.000000
0.000000
0.000000
0.000000
0.000000
0.000000
0.000000
0.000000
0.000000
0.000000
0.000000
