40.916900
32.525400
994.200000
228.970000
112.920000
63.173000
42.714000
29.089000
22.216000
15.907000
10.676000
9.012300
6.723300
5.324100
3.934400
3.009900
2.599600
1.945000
1.546800
1.458000
0.989950
0.826130
0.661650
0.518100
0.438310
0.294960
0.266630
0.198610
0.144410
0.117280
0.131940
0.093470
0.088249
0.068433
0.047547
0.047304
0.030850
0.021561
0.015473
0.014698
0.011101
0.011859
0.012798
0.014059
0.005722
0.006236
0.004029
0.004540
0.002591
0.002362
0.001909
0.000577
0.000986
0.000630
0.000618
0.001001
0.000476
0.000688
0.000577
0.000365
0.000196
0.000165
0.000048
0.000109
0.000151
0.000384
0.000026
0.000025
0.000035
0.000001
0.000000
0.000012
0.000006
0.000032
0.000000
0.000002
0.000001
0.000015
0.000025
0.000010
0.000002
0.000000
0.000008
0.000000
0.000000
0.000001
0.000000
0.000000
0.000000
0.000000
0.000000
0.000002
0.000000
0.000000
0.000000
0.000000
0.000000
0.000000
0.000000
0.000000
0.000000
0.000000
0.000000
0.000000
0.000000
0.000000
0.000000
0.000000
0.000000
0.000000
0.000000
0.000000
0.000000
0.000000
0.000000
0.000000
0.000000
0.000000
0.000000
0.000000
0.000000
0.000000
0.000000
0.000000
0.000000
0.000000
0.000000
0.000000
0.000000
0.000000
0.000000
0.000000
0.000000
0.000000
0.000000
0.000000
0.000000
0.000000
0.000000
0.000000
0.000000
0.000000
0.000000
0.000000
0.000000
0.000000
0.000000
0.000000
0.000000
0.000000
0.000000
0.000000
0.000000
0.000000
0.000000
0.000000
0.000000
0.000000
0.000000
0.000000
0.000000
0.000000
0.000000
0.000000
0.000000
0.000000
0.000000
0.000000
0.000000
0.000000
0.000000
0.000000
0.000000
0.000000
0.000000
0.000000
0.000000
0.000000
0.000000
0.000000
0.000000
0.000000
0.000000
0.000000
0.000000
0.000000
0.000000
0.000000
0.000000
0.000000
0.000000
0.000000
0.000000
0.000000
0.000000
0.000000
0.000000
0.000000
0.000000
0.000000
0.000000
0.000000
