40.412400
26.919800
943.720000
242.010000
116.620000
70.239000
41.757000
31.732000
22.922000
15.599000
13.201000
9.447100
7.850700
6.123900
4.341400
3.792300
2.626600
2.468000
2.018100
1.534500
1.354000
0.942300
0.879720
0.722760
0.592350
0.403350
0.353610
0.274790
0.247400
0.225050
0.178480
0.140410
0.108230
0.116500
0.103530
0.063346
0.035233
0.043154
0.032209
0.032203
0.027994
0.021017
0.016452
0.012294
0.011268
0.009164
0.005324
0.002922
0.008931
0.003527
0.004025
0.002457
0.003387
0.001385
0.002362
0.001447
0.001296
0.001715
0.000385
0.000509
0.000223
0.000128
0.001249
0.000516
0.000124
0.000326
0.000322
0.000067
0.000104
0.000033
0.000081
0.000071
0.000006
0.000031
0.000010
0.000032
0.000002
0.000012
0.000035
0.000016
0.000002
0.000011
0.000000
0.000001
0.000000
0.000014
0.000000
0.000000
0.000000
0.000001
0.000000
0.000000
0.000004
0.000004
0.000000
0.000000
0.000000
0.000000
0.000000
0.000001
0.000000
0.000000
0.000000
0.000000
0.000000
0.000000
0.000000
0.000000
0.000000
0.000000
0.000000
0.000000
0.000000
0.000000
0.000000
0.000000
0.000000
0.000000
0.000000
0.000000
0.000000
0.000000
0.000000
0.000000
0.000000
0.000000
0.000000
0.000000
0.000000
0.000000
0.000000
0.000000
0.000000
0.000000
0.000000
0.000000
0.000000
0.000000
0.000000
0.000000
0.000000
0.000000
0.000000
0.000000
0.000000
0.000000
0.000000
0.000000
0.000000
0.000000
0.000000
0.000000
0.000000
0.000000
0.000000
0.000000
0.000000
0.000000
0.000000
0.000000
0.000000
0.000000
0.000000
0.000000
0.000000
0.000000
0.000000
0.000000
0.000000
0.000000
0.000000
0.000000
0.000000
0.000000
0.000000
0.000000
0.000000
0.000000
0.000000
0.000000
0.000000
0.000000
0.000000
0.000000
0.000000
0.000000
0.000000
0.000000
0.000000
0.000000
0.000000
0.000000
0.000000
0.000000
0.000000
0.000000
0.000000
0.000000
0.000000
0.000000
0.000000
0.000000
