50.846600
40.290400
1009.300000
210.500000
96.795000
53.660000
34.507000
23.542000
16.566000
11.456000
8.278500
5.593700
4.541300
3.491900
2.770000
2.063000
1.409400
1.129500
0.849880
0.736290
0.478040
0.405630
0.385230
0.254010
0.199750
0.164660
0.133280
0.099611
0.058726
0.069538
0.042304
0.034236
0.037890
0.023967
0.016302
0.021715
0.011483
0.011322
0.006027
0.006685
0.003438
0.001515
0.002150
0.002709
0.003260
0.000832
0.000973
0.001272
0.000709
0.000342
0.000791
0.000423
0.000592
0.000234
0.000041
0.000292
0.000140
0.000338
0.000190
0.000026
0.000036
0.000028
0.000027
0.000023
0.000009
0.000075
0.000000
0.000000
0.000000
0.000002
0.000000
0.000001
0.000000
0.000042
0.000000
0.000000
0.000001
0.000000
0.000000
0.000000
0.000000
0.000012
0.000000
0.000000
0.000000
0.000000
0.000000
0.000000
0.000000
0.000000
0.000000
0.000000
0.000000
0.000000
0.000000
0.000000
0.000000
0.000000
0.000000
0.000000
0.000000
0.000000
0.000000
0.000000
0.000000
0.000000
0.000000
0.000000
0.000000
0.000000
0.000000
0.000000
0.000000
0.000000
0.000000
0.000000
0.000000
0.000000
0.000000
0.000000
0.000000
0.000000
0.000000
0.000000
0.000000
0.000000
0.000000
0.000000
0.000000
0.000000
0.000000
0.000000
0.000000
0.000000
0.000000
0.000000
0.000000
0.000000
0.000000
0.000000
0.000000
0.000000
0.000000
0.000000
0.000000
0.000000
0.000000
0.000000
0.000000
0.000000
0.000000
0.000000
0.000000
0.000000
0.000000
0.000000
0.000000
0.000000
0.000000
0.000000
0.000000
0.000000
0.000000
0.000000
0.000000
0.000000
0.000000
0.000000
0.000000
0.000000
0.000000
0.000000
0.000000
0.000000
0.000000
0.000000
0.000000
0.000000
0.000000
0.000000
0.000000
0.000000
0.000000
0.000000
0.000000
0.000000
0.000000
0.000000
0.000000
0.000000
0.000000
0.000000
0.000000
0.000000
0.000000
0.000000
0.000000
0.000000
0.000000
0.000000
0.000000
0.000000
