61.047800
25.145200
962.540000
190.080000
89.074000
47.896000
32.704000
19.924000
14.438000
10.265000
7.245900
5.376000
4.144700
3.596700
2.555500
1.929700
1.453700
1.235600
0.992140
0.743050
0.583800
0.468340
0.407680
0.326440
0.272990
0.201830
0.203760
0.152050
0.098607
0.114930
0.096719
0.077701
0.047868
0.052180
0.041504
0.034853
0.028480
0.020083
0.013072
0.014361
0.009308
0.007417
0.009170
0.008741
0.004265
0.002790
0.002969
0.001552
0.002075
0.003361
0.000448
0.001265
0.000586
0.001266
0.000723
0.000902
0.000145
0.000442
0.000326
0.000038
0.000096
0.000147
0.000040
0.000269
0.000100
0.000054
0.000195
0.000038
0.000039
0.000008
0.000006
0.000006
0.000012
0.000001
0.000026
0.000013
0.000007
0.000019
0.000005
0.000000
0.000006
0.000004
0.000000
0.000000
0.000000
0.000003
0.000003
0.000000
0.000000
0.000000
0.000000
0.000007
0.000000
0.000000
0.000000
0.000000
0.000000
0.000000
0.000000
0.000000
0.000000
0.000000
0.000000
0.000000
0.000000
0.000000
0.000000
0.000000
0.000000
0.000000
0.000000
0.000000
0.000000
0.000000
0.000000
0.000000
0.000000
0.000000
0.000000
0.000000
0.000000
0.000000
0.000000
0.000000
0.000000
0.000000
0.000000
0.000000
0.000000
0.000000
0.000000
0.000000
0.000000
0.000000
0.000000
0.000000
0.000000
0.000000
0.000000
0.000000
0.000000
0.000000
0.000000
0.000000
0.000000
0.000000
0.000000
0.000000
0.000000
0.000000
0.000000
0.000000
0.000000
0.000000
0.000000
0.000000
0.000000
0.000000
0.000000
0.000000
0.000000
0.000000
0.000000
0.000000
0.000000
0.000000
0.000000
0.000000
0.000000
0.000000
0.000000
0.000000
0.000000
0.000000
0.000000
0.000000
0.000000
0.000000
0.000000
0.000000
0.000000
0.000000
0.000000
0.000000
0.000000
0.000000
0.000000
0.000000
0.000000
0.000000
0.000000
0.000000
0.000000
0.000000
0.000000
0.000000
0.000000
0.000000
0.000000
0.000000
0.000000
0.000000
