86.128200
31.905800
811.190000
152.900000
59.760000
31.710000
18.552000
10.701000
7.457600
5.098200
3.321000
2.341400
1.671800
1.418200
0.911800
0.615110
0.500490
0.395470
0.306720
0.217640
0.233900
0.186710
0.110580
0.114560
0.071221
0.057047
0.048552
0.035142
0.038200
0.022541
0.013581
0.016208
0.016397
0.011690
0.009549
0.008423
0.007519
0.008254
0.006104
0.003101
0.001348
0.001115
0.001811
0.001546
0.001276
0.000688
0.000234
0.001041
0.000079
0.000014
0.000060
0.000085
0.000110
0.000249
0.000091
0.000120
0.000058
0.000064
0.000003
0.000038
0.000078
0.000005
0.000051
0.000023
0.000009
0.000027
0.000020
0.000000
0.000002
0.000011
0.000018
0.000000
0.000000
0.000004
0.000011
0.000000
0.000000
0.000002
0.000003
0.000000
0.000004
0.000005
0.000000
0.000000
0.000000
0.000000
0.000000
0.000000
0.000000
0.000000
0.000000
0.000000
0.000000
0.000000
0.000000
0.000000
0.000000
0.000000
0.000000
0.000000
0.000000
0.000000
0.000000
0.000000
0.000000
0.000000
0.000000
0.000000
0.000000
0.000000
0.000000
0.000000
0.000000
0.000000
0.000000
0.000000
0.000000
0.000000
0.000000
0.000000
0.000000
0.000000
0.000000
0.000000
0.000000
0.000000
0.000000
0.000000
0.000000
0.000000
0.000000
0.000000
0.000000
0.000000
0.000000
0.000000
0.000000
0.000000
0.000000
0.000000
0.000000
0.000000
0.000000
0.000000
0.000000
0.000000
0.000000
0.000000
0.000000
0.000000
0.000000
0.000000
0.000000
0.000000
0.000000
0.000000
0.000000
0.000000
0.000000
0.000000
0.000000
0.000000
0.000000
0.000000
0.000000
0.000000
0.000000
0.000000
0.000000
0.000000
0.000000
0.000000
0.000000
0.000000
0.000000
0.000000
0.000000
0.000000
0.000000
0.000000
0.000000
0.000000
0.000000
0.000000
0.000000
0.000000
0.000000
0.000000
0.000000
0.000000
0.000000
0.000000
0.000000
0.000000
0.000000
0.000000
0.000000
0.000000
0.000000
0.000000
0.000000
0.000000
