52.807200
32.742900
937.930000
203.720000
94.141000
51.102000
33.164000
23.088000
15.854000
12.026000
9.045400
6.323700
5.110300
3.527500
2.762700
2.284600
1.552300
1.228200
0.918570
0.710760
0.691660
0.483880
0.360270
0.354100
0.207450
0.200980
0.178160
0.123560
0.095494
0.080791
0.070518
0.071916
0.040205
0.031621
0.027227
0.020538
0.020735
0.012087
0.015724
0.008062
0.007450
0.006490
0.002815
0.006431
0.005696
0.002573
0.002310
0.001868
0.002032
0.000757
0.002236
0.000528
0.000301
0.000249
0.000259
0.000489
0.000315
0.000300
0.000155
0.000084
0.000065
0.000036
0.000061
0.000043
0.000042
0.000026
0.000000
0.000010
0.000020
0.000026
0.000026
0.000024
0.000011
0.000002
0.000021
0.000003
0.000006
0.000000
0.000000
0.000000
0.000005
0.000000
0.000000
0.000000
0.000000
0.000000
0.000006
0.000000
0.000000
0.000000
0.000000
0.000000
0.000000
0.000000
0.000000
0.000000
0.000000
0.000000
0.000000
0.000000
0.000000
0.000000
0.000000
0.000000
0.000000
0.000000
0.000000
0.000000
0.000000
0.000000
0.000000
0.000000
0.000000
0.000000
0.000000
0.000000
0.000000
0.000000
0.000000
0.000000
0.000000
0.000000
0.000000
0.000000
0.000000
0.000000
0.000000
0.000000
0.000000
0.000000
0.000000
0.000000
0.000000
0.000000
0.000000
0.000000
0.000000
0.000000
0.000000
0.000000
0.000000
0.000000
0.000000
0.000000
0.000000
0.000000
0.000000
0.000000
0.000000
0.000000
0.000000
0.000000
0.000000
0.000000
0.000000
0.000000
0.000000
0.000000
0.000000
0.000000
0.000000
0.000000
0.000000
0.000000
0.000000
0.000000
0.000000
0.000000
0.000000
0.000000
0.000000
0.000000
0.000000
0.000000
0.000000
0.000000
0.000000
0.000000
0.000000
0.000000
0.000000
0.000000
0.000000
0.000000
0.000000
0.000000
0.000000
0.000000
0.000000
0.000000
0.000000
0.000000
0.000000
0.000000
0.000000
0.000000
0.000000
0.000000
0.000000
0.000000
0.000000
0.000000
