42.523000
36.689600
960.890000
232.920000
110.230000
65.508000
41.294000
28.352000
22.360000
14.259000
10.732000
8.433900
6.216400
4.805400
3.431100
2.565400
2.018500
1.706300
1.314500
1.106100
0.786660
0.700740
0.547620
0.367240
0.307910
0.288470
0.206200
0.187760
0.121800
0.120340
0.084202
0.055234
0.048867
0.049580
0.042394
0.033542
0.019896
0.016418
0.015235
0.010066
0.017247
0.006042
0.007180
0.004729
0.004514
0.003082
0.002461
0.001125
0.001673
0.001187
0.001540
0.000455
0.000426
0.000270
0.000607
0.000118
0.000210
0.000428
0.000495
0.000106
0.000130
0.000228
0.000020
0.000140
0.000017
0.000080
0.000008
0.000044
0.000007
0.000026
0.000002
0.000003
0.000031
0.000000
0.000026
0.000000
0.000000
0.000001
0.000000
0.000001
0.000003
0.000000
0.000004
0.000001
0.000000
0.000000
0.000000
0.000000
0.000000
0.000000
0.000000
0.000000
0.000000
0.000000
0.000000
0.000000
0.000000
0.000000
0.000000
0.000000
0.000000
0.000000
0.000000
0.000000
0.000000
0.000000
0.000000
0.000000
0.000000
0.000000
0.000000
0.000000
0.000000
0.000000
0.000000
0.000000
0.000000
0.000000
0.000000
0.000000
0.000000
0.000000
0.000000
0.000000
0.000000
0.000000
0.000000
0.000000
0.000000
0.000000
0.000000
0.000000
0.000000
0.000000
0.000000
0.000000
0.000000
0.000000
0.000000
0.000000
0.000000
0.000000
0.000000
0.000000
0.000000
0.000000
0.000000
0.000000
0.000000
0.000000
0.000000
0.000000
0.000000
0.000000
0.000000
0.000000
0.000000
0.000000
0.000000
0.000000
0.000000
0.000000
0.000000
0.000000
0.000000
0.000000
0.000000
0.000000
0.000000
0.000000
0.000000
0.000000
0.000000
0.000000
0.000000
0.000000
0.000000
0.000000
0.000000
0.000000
0.000000
0.000000
0.000000
0.000000
0.000000
0.000000
0.000000
0.000000
0.000000
0.000000
0.000000
0.000000
0.000000
0.000000
0.000000
0.000000
0.000000
0.000000
0.000000
0.000000
0.000000
0.000000
