59.659800
28.967800
903.410000
194.090000
82.344000
48.949000
28.116000
19.709000
13.718000
9.775300
7.011400
5.694400
4.086300
3.032200
2.301300
1.635600
1.299200
1.199700
0.853430
0.715110
0.589270
0.523590
0.348210
0.280790
0.258520
0.165550
0.134700
0.134090
0.103430
0.088078
0.055200
0.069655
0.041658
0.027105
0.030508
0.025468
0.013020
0.011504
0.018472
0.014515
0.008260
0.003987
0.004571
0.006840
0.003556
0.003117
0.001744
0.001160
0.002606
0.000928
0.002031
0.000637
0.000665
0.000429
0.000253
0.000467
0.000071
0.000274
0.000109
0.000169
0.000045
0.000166
0.000095
0.000102
0.000013
0.000023
0.000036
0.000074
0.000007
0.000034
0.000002
0.000020
0.000042
0.000018
0.000033
0.000000
0.000021
0.000005
0.000000
0.000003
0.000000
0.000000
0.000001
0.000000
0.000000
0.000000
0.000000
0.000000
0.000001
0.000004
0.000000
0.000000
0.000000
0.000000
0.000000
0.000000
0.000000
0.000000
0.000000
0.000000
0.000000
0.000000
0.000000
0.000000
0.000000
0.000000
0.000000
0.000000
0.000000
0.000000
0.000000
0.000000
0.000000
0.000000
0.000000
0.000000
0.000000
0.000000
0.000000
0.000000
0.000000
0.000000
0.000000
0.000000
0.000000
0.000000
0.000000
0.000000
0.000000
0.000000
0.000000
0.000000
0.000000
0.000000
0.000000
0.000000
0.000000
0.000000
0.000000
0.000000
0.000000
0.000000
0.000000
0.000000
0.000000
0.000000
0.000000
0.000000
0.000000
0.000000
0.000000
0.000000
0.000000
0.000000
0.000000
0.000000
0.000000
0.000000
0.000000
0.000000
0.000000
0.000000
0.000000
0.000000
0.000000
0.000000
0.000000
0.000000
0.000000
0.000000
0.000000
0.000000
0.000000
0.000000
0.000000
0.000000
0.000000
0.000000
0.000000
0.000000
0.000000
0.000000
0.000000
0.000000
0.000000
0.000000
0.000000
0.000000
0.000000
0.000000
0.000000
0.000000
0.000000
0.000000
0.000000
0.000000
0.000000
0.000000
0.000000
0.000000
0.000000
0.000000
