84.406300
17.842700
850.350000
159.490000
62.585000
33.574000
19.719000
13.174000
8.682600
5.994100
3.945300
3.205100
2.375700
1.788200
1.498600
1.096000
0.983640
0.743970
0.590280
0.427660
0.437170
0.300670
0.299530
0.207470
0.234960
0.148180
0.140080
0.137860
0.123520
0.099785
0.049692
0.057538
0.049595
0.043322
0.034851
0.034514
0.024254
0.015581
0.014312
0.013110
0.013374
0.008238
0.010990
0.007708
0.009926
0.006155
0.007250
0.003299
0.002536
0.002726
0.001104
0.000532
0.001966
0.001005
0.001017
0.002771
0.000825
0.000323
0.000479
0.000641
0.000275
0.000559
0.000029
0.000388
0.000041
0.000315
0.000030
0.000047
0.000146
0.000203
0.000053
0.000008
0.000015
0.000048
0.000057
0.000013
0.000010
0.000021
0.000045
0.000020
0.000000
0.000000
0.000000
0.000000
0.000001
0.000001
0.000000
0.000001
0.000022
0.000000
0.000000
0.000000
0.000004
0.000000
0.000000
0.000000
0.000000
0.000000
0.000000
0.000000
0.000000
0.000000
0.000000
0.000000
0.000000
0.000000
0.000000
0.000000
0.000000
0.000000
0.000000
0.000000
0.000000
0.000000
0.000000
0.000000
0.000000
0.000000
0.000000
0.000000
0.000000
0.000000
0.000000
0.000000
0.000000
0.000000
0.000000
0.000000
0.000000
0.000000
0.000000
0.000000
0.000000
0.000000
0.000000
0.000000
0.000000
0.000000
0.000000
0.000000
0.000000
0.000000
0.000000
0.000000
0.000000
0.000000
0.000000
0.000000
0.000000
0.000000
0.000000
0.000000
0.000000
0.000000
0.000000
0.000000
0.000000
0.000000
0.000000
0.000000
0.000000
0.000000
0.000000
0.000000
0.000000
0.000000
0.000000
0.000000
0.000000
0.000000
0.000000
0.000000
0.000000
0.000000
0.000000
0.000000
0.000000
0.000000
0.000000
0.000000
0.000000
0.000000
0.000000
0.000000
0.000000
0.000000
0.000000
0.000000
0.000000
0.000000
0.000000
0.000000
0.000000
0.000000
0.000000
0.000000
0.000000
0.000000
0.000000
0.000000
0.000000
0.000000
