61.318200
14.557200
915.360000
194.120000
85.952000
50.761000
32.042000
19.954000
14.920000
10.379000
8.014500
6.986600
5.481400
3.544200
3.277500
2.610400
1.965300
1.860100
1.643400
1.204000
0.964220
0.994710
0.691830
0.568760
0.517830
0.417920
0.313240
0.259190
0.250300
0.175830
0.157880
0.179540
0.143380
0.085782
0.092061
0.096181
0.073980
0.028421
0.046209
0.044029
0.056374
0.022100
0.039748
0.040846
0.025543
0.018326
0.016862
0.010585
0.006328
0.011520
0.004463
0.004470
0.004296
0.002725
0.007214
0.004874
0.002290
0.001102
0.004206
0.000394
0.000944
0.001071
0.002171
0.000298
0.000403
0.000552
0.000700
0.000347
0.000555
0.000257
0.000850
0.000319
0.000316
0.000159
0.000028
0.000003
0.000013
0.000006
0.000024
0.000078
0.000007
0.000044
0.000013
0.000011
0.000245
0.000011
0.000000
0.000000
0.000000
0.000015
0.000000
0.000002
0.000000
0.000003
0.000000
0.000003
0.000000
0.000000
0.000000
0.000000
0.000000
0.000000
0.000000
0.000000
0.000007
0.000000
0.000000
0.000000
0.000000
0.000000
0.000000
0.000000
0.000000
0.000000
0.000000
0.000000
0.000000
0.000000
0.000000
0.000000
0.000000
0.000000
0.000000
0.000000
0.000000
0.000000
0.000000
0.000000
0.000000
0.000000
0.000000
0.000000
0.000000
0.000000
0.000000
0.000000
0.000000
0.000000
0.000000
0.000000
0.000000
0.000000
0.000000
0.000000
0.000000
0.000000
0.000000
0.000000
0.000000
0.000000
0.000000
0.000000
0.000000
0.000000
0.000000
0.000000
0.000000
0.000000
0.000000
0.000000
0.000000
0.000000
0.000000
0.000000
0.000000
0.000000
0.000000
0.000000
0.000000
0.000000
0.000000
0.000000
0.000000
0.000000
0.000000
0.000000
0.000000
0.000000
0.000000
0.000000
0.000000
0.000000
0.000000
0.000000
0.000000
0.000000
0.000000
0.000000
0.000000
0.000000
0.000000
0.000000
0.000000
0.000000
0.000000
0.000000
0.000000
0.000000
0.000000
0.000000
0.000000
0.000000
