75.472600
47.656600
873.420000
166.360000
66.125000
35.918000
21.458000
12.578000
8.871600
6.322700
3.938600
2.814200
1.882700
1.616400
1.005300
0.726270
0.632000
0.347210
0.279380
0.249160
0.173240
0.121750
0.085850
0.051980
0.057528
0.029758
0.034302
0.019200
0.011408
0.014562
0.018372
0.006966
0.006706
0.004377
0.005304
0.002193
0.002136
0.001177
0.001147
0.001490
0.001767
0.000877
0.000229
0.000283
0.000167
0.000123
0.000113
0.000434
0.000107
0.000060
0.000042
0.000019
0.000021
0.000012
0.000021
0.000008
0.000089
0.000015
0.000007
0.000009
0.000002
0.000003
0.000000
0.000000
0.000005
0.000000
0.000004
0.000000
0.000000
0.000000
0.000000
0.000000
0.000000
0.000000
0.000000
0.000000
0.000000
0.000000
0.000000
0.000000
0.000000
0.000000
0.000000
0.000000
0.000000
0.000000
0.000000
0.000000
0.000000
0.000000
0.000000
0.000000
0.000000
0.000000
0.000000
0.000000
0.000000
0.000000
0.000000
0.000000
0.000000
0.000000
0.000000
0.000000
0.000000
0.000000
0.000000
0.000000
0.000000
0.000000
0.000000
0.000000
0.000000
0.000000
0.000000
0.000000
0.000000
0.000000
0.000000
0.000000
0.000000
0.000000
0.000000
0.000000
0.000000
0.000000
0.000000
0.000000
0.000000
0.000000
0.000000
0.000000
0.000000
0.000000
0.000000
0.000000
0.000000
0.000000
0.000000
0.000000
0.000000
0.000000
0.000000
0.000000
0.000000
0.000000
0.000000
0.000000
0.000000
0.000000
0.000000
0.000000
0.000000
0.000000
0.000000
0.000000
0.000000
0.000000
0.000000
0.000000
0.000000
0.000000
0.000000
0.000000
0.000000
0.000000
0.000000
0.000000
0.000000
0.000000
0.000000
0.000000
0.000000
0.000000
0.000000
0.000000
0.000000
0.000000
0.000000
0.000000
0.000000
0.000000
0.000000
0.000000
0.000000
0.000000
0.000000
0.000000
0.000000
0.000000
0.000000
0.000000
0.000000
0.000000
0.000000
0.000000
0.000000
0.000000
0.000000
0.000000
0.000000
0.000000
