54.882500
35.892500
958.420000
196.170000
87.524000
51.832000
32.783000
22.178000
16.234000
10.526000
8.197500
5.773900
4.095100
3.336800
2.483600
2.061000
1.492200
1.057100
0.827390
0.680570
0.557620
0.449470
0.371670
0.230420
0.167920
0.180000
0.142290
0.102730
0.071575
0.054645
0.049123
0.041535
0.037102
0.022659
0.018137
0.020532
0.015678
0.010963
0.009274
0.004766
0.007155
0.002893
0.002985
0.003026
0.002914
0.000905
0.001641
0.001756
0.000762
0.001218
0.000292
0.000369
0.000819
0.000190
0.000352
0.000339
0.000068
0.000107
0.000097
0.000020
0.000165
0.000013
0.000048
0.000523
0.000005
0.000144
0.000008
0.000004
0.000093
0.000033
0.000021
0.000003
0.000000
0.000000
0.000013
0.000000
0.000000
0.000002
0.000000
0.000000
0.000000
0.000000
0.000000
0.000000
0.000000
0.000000
0.000000
0.000000
0.000000
0.000000
0.000000
0.000001
0.000000
0.000000
0.000000
0.000000
0.000000
0.000000
0.000011
0.000000
0.000000
0.000000
0.000000
0.000000
0.000000
0.000000
0.000000
0.000000
0.000000
0.000000
0.000000
0.000000
0.000000
0.000000
0.000000
0.000000
0.000000
0.000000
0.000000
0.000000
0.000000
0.000000
0.000000
0.000000
0.000000
0.000000
0.000000
0.000000
0.000000
0.000000
0.000000
0.000000
0.000000
0.000000
0.000000
0.000000
0.000000
0.000000
0.000000
0.000000
0.000000
0.000000
0.000000
0.000000
0.000000
0.000000
0.000000
0.000000
0.000000
0.000000
0.000000
0.000000
0.000000
0.000000
0.000000
0.000000
0.000000
0.000000
0.000000
0.000000
0.000000
0.000000
0.000000
0.000000
0.000000
0.000000
0.000000
0.000000
0.000000
0.000000
0.000000
0.000000
0.000000
0.000000
0.000000
0.000000
0.000000
0.000000
0.000000
0.000000
0.000000
0.000000
0.000000
0.000000
0.000000
0.000000
0.000000
0.000000
0.000000
0.000000
0.000000
0.000000
0.000000
0.000000
0.000000
0.000000
0.000000
0.000000
0.000000
0.000000
0.000000
0.000000
