88.953700
21.866000
800.140000
148.510000
60.764000
28.635000
16.863000
11.867000
7.065400
5.360300
3.296800
2.773100
2.046300
1.382100
1.166600
0.998760
0.688720
0.551700
0.499300
0.372130
0.327570
0.251440
0.197910
0.143960
0.123030
0.100440
0.094310
0.083562
0.062464
0.036596
0.045732
0.024681
0.025906
0.026898
0.019133
0.017736
0.008041
0.009845
0.008890
0.006254
0.005552
0.008025
0.006778
0.002563
0.002289
0.002212
0.001670
0.001748
0.000365
0.000671
0.000974
0.000443
0.000424
0.000399
0.000604
0.000244
0.000113
0.000329
0.000157
0.000303
0.000037
0.000078
0.000021
0.000042
0.000025
0.000123
0.000048
0.000069
0.000018
0.000031
0.000014
0.000000
0.000128
0.000007
0.000003
0.000004
0.000007
0.000032
0.000000
0.000001
0.000005
0.000004
0.000007
0.000001
0.000006
0.000000
0.000000
0.000002
0.000000
0.000000
0.000000
0.000000
0.000000
0.000000
0.000000
0.000000
0.000000
0.000000
0.000000
0.000000
0.000000
0.000000
0.000000
0.000000
0.000000
0.000000
0.000000
0.000000
0.000000
0.000000
0.000000
0.000000
0.000000
0.000000
0.000000
0.000000
0.000000
0.000000
0.000000
0.000000
0.000000
0.000000
0.000000
0.000000
0.000000
0.000000
0.000000
0.000000
0.000000
0.000000
0.000000
0.000000
0.000000
0.000000
0.000000
0.000000
0.000000
0.000000
0.000000
0.000000
0.000000
0.000000
0.000000
0.000000
0.000000
0.000000
0.000000
0.000000
0.000000
0.000000
0.000000
0.000000
0.000000
0.000000
0.000000
0.000000
0.000000
0.000000
0.000000
0.000000
0.000000
0.000000
0.000000
0.000000
0.000000
0.000000
0.000000
0.000000
0.000000
0.000000
0.000000
0.000000
0.000000
0.000000
0.000000
0.000000
0.000000
0.000000
0.000000
0.000000
0.000000
0.000000
0.000000
0.000000
0.000000
0.000000
0.000000
0.000000
0.000000
0.000000
0.000000
0.000000
0.000000
0.000000
0.000000
0.000000
0.000000
0.000000
0.000000
0.000000
0.000000
0.000000
