85.253900
41.026300
793.220000
145.330000
63.128000
31.269000
18.043000
10.914000
7.240000
4.912900
3.365800
2.623600
1.643600
1.141800
0.866010
0.618480
0.402400
0.310430
0.255510
0.218290
0.127670
0.100130
0.080117
0.061322
0.077928
0.044631
0.025004
0.018749
0.019643
0.021199
0.009072
0.008070
0.006881
0.003929
0.005803
0.003683
0.001921
0.001934
0.003474
0.001226
0.001532
0.000589
0.001024
0.000303
0.000330
0.000827
0.000210
0.000065
0.000114
0.000038
0.000062
0.000033
0.000017
0.000059
0.000000
0.000037
0.000016
0.000006
0.000010
0.000039
0.000023
0.000006
0.000004
0.000000
0.000029
0.000004
0.000001
0.000002
0.000000
0.000002
0.000000
0.000000
0.000000
0.000000
0.000000
0.000000
0.000000
0.000000
0.000000
0.000000
0.000000
0.000000
0.000000
0.000000
0.000000
0.000000
0.000000
0.000000
0.000000
0.000000
0.000000
0.000000
0.000000
0.000000
0.000000
0.000000
0.000000
0.000000
0.000000
0.000000
0.000000
0.000000
0.000000
0.000000
0.000000
0.000000
0.000000
0.000000
0.000000
0.000000
0.000000
0.000000
0.000000
0.000000
0.000000
0.000000
0.000000
0.000000
0.000000
0.000000
0.000000
0.000000
0.000000
0.000000
0.000000
0.000000
0.000000
0.000000
0.000000
0.000000
0.000000
0.000000
0.000000
0.000000
0.000000
0.000000
0.000000
0.000000
0.000000
0.000000
0.000000
0.000000
0.000000
0.000000
0.000000
0.000000
0.000000
0.000000
0.000000
0.000000
0.000000
0.000000
0.000000
0.000000
0.000000
0.000000
0.000000
0.000000
0.000000
0.000000
0.000000
0.000000
0.000000
0.000000
0.000000
0.000000
0.000000
0.000000
0.000000
0.000000
0.000000
0.000000
0.000000
0.000000
0.000000
0.000000
0.000000
0.000000
0.000000
0.000000
0.000000
0.000000
0.000000
0.000000
0.000000
0.000000
0.000000
0.000000
0.000000
0.000000
0.000000
0.000000
0.000000
0.000000
0.000000
0.000000
0.000000
0.000000
0.000000
0.000000
0.000000
0.000000
