82.493800
33.355500
802.410000
157.030000
60.728000
34.049000
19.271000
12.741000
7.619200
5.042300
3.841300
2.428100
1.912900
1.475200
1.053600
0.839560
0.513570
0.441290
0.317170
0.281240
0.233970
0.169550
0.134320
0.102700
0.091232
0.053542
0.051217
0.037992
0.035071
0.026433
0.022650
0.009333
0.009165
0.007769
0.006826
0.006587
0.006067
0.007046
0.001522
0.001964
0.002038
0.001926
0.001628
0.002026
0.001672
0.000993
0.000598
0.000481
0.000441
0.000479
0.000153
0.000549
0.000081
0.000053
0.000049
0.000119
0.000025
0.000030
0.000040
0.000074
0.000000
0.000103
0.000049
0.000041
0.000002
0.000045
0.000009
0.000012
0.000006
0.000000
0.000000
0.000011
0.000000
0.000013
0.000000
0.000000
0.000002
0.000000
0.000003
0.000000
0.000000
0.000000
0.000000
0.000000
0.000000
0.000000
0.000000
0.000000
0.000000
0.000000
0.000000
0.000000
0.000000
0.000000
0.000000
0.000000
0.000000
0.000000
0.000000
0.000000
0.000000
0.000000
0.000000
0.000000
0.000000
0.000000
0.000000
0.000000
0.000000
0.000000
0.000000
0.000000
0.000000
0.000000
0.000000
0.000000
0.000000
0.000000
0.000000
0.000000
0.000000
0.000000
0.000000
0.000000
0.000000
0.000000
0.000000
0.000000
0.000000
0.000000
0.000000
0.000000
0.000000
0.000000
0.000000
0.000000
0.000000
0.000000
0.000000
0.000000
0.000000
0.000000
0.000000
0.000000
0.000000
0.000000
0.000000
0.000000
0.000000
0.000000
0.000000
0.000000
0.000000
0.000000
0.000000
0.000000
0.000000
0.000000
0.000000
0.000000
0.000000
0.000000
0.000000
0.000000
0.000000
0.000000
0.000000
0.000000
0.000000
0.000000
0.000000
0.000000
0.000000
0.000000
0.000000
0.000000
0.000000
0.000000
0.000000
0.000000
0.000000
0.000000
0.000000
0.000000
0.000000
0.000000
0.000000
0.000000
0.000000
0.000000
0.000000
0.000000
0.000000
0.000000
0.000000
0.000000
0.000000
0.000000
0.000000
0.000000
0.000000
0.000000
