53.924900
19.374900
905.090000
207.960000
92.927000
56.002000
38.070000
23.494000
18.109000
12.948000
9.231500
7.634200
5.760200
4.695000
3.665400
2.575700
2.171400
1.610700
1.549700
1.108000
1.017600
0.802120
0.649650
0.525040
0.493150
0.390580
0.327810
0.290420
0.212860
0.163550
0.180560
0.149140
0.123380
0.101760
0.092726
0.065302
0.054343
0.043690
0.044761
0.033446
0.030440
0.018934
0.027121
0.010494
0.007098
0.010965
0.010408
0.010565
0.007022
0.004623
0.007931
0.007353
0.002874
0.004274
0.001455
0.000599
0.001415
0.001254
0.001025
0.001273
0.000400
0.000715
0.000713
0.000943
0.000272
0.000114
0.000941
0.000465
0.000229
0.000059
0.000394
0.000027
0.000162
0.000144
0.000081
0.000017
0.000031
0.000056
0.000025
0.000043
0.000000
0.000000
0.000014
0.000004
0.000025
0.000003
0.000002
0.000000
0.000000
0.000010
0.000000
0.000010
0.000000
0.000000
0.000000
0.000026
0.000000
0.000001
0.000002
0.000000
0.000000
0.000000
0.000003
0.000000
0.000000
0.000000
0.000000
0.000000
0.000000
0.000000
0.000000
0.000000
0.000000
0.000000
0.000000
0.000000
0.000000
0.000000
0.000000
0.000000
0.000000
0.000000
0.000000
0.000000
0.000000
0.000000
0.000000
0.000000
0.000000
0.000000
0.000000
0.000000
0.000000
0.000000
0.000000
0.000000
0.000000
0.000000
0.000000
0.000000
0.000000
0.000000
0.000000
0.000000
0.000000
0.000000
0.000000
0.000000
0.000000
0.000000
0.000000
0.000000
0.000000
0.000000
0.000000
0.000000
0.000000
0.000000
0.000000
0.000000
0.000000
0.000000
0.000000
0.000000
0.000000
0.000000
0.000000
0.000000
0.000000
0.000000
0.000000
0.000000
0.000000
0.000000
0.000000
0.000000
0.000000
0.000000
0.000000
0.000000
0.000000
0.000000
0.000000
0.000000
0.000000
0.000000
0.000000
0.000000
0.000000
0.000000
0.000000
0.000000
0.000000
0.000000
0.000000
0.000000
0.000000
0.000000
0.000000
0.000000
0.000000
0.000000
