78.694500
38.942400
872.150000
147.890000
63.196000
32.758000
20.147000
12.235000
8.096000
5.485700
3.813100
2.949400
2.032500
1.438400
1.073200
0.906700
0.576230
0.399140
0.274090
0.226360
0.173880
0.141330
0.108540
0.097255
0.069985
0.054709
0.044380
0.027860
0.019103
0.030017
0.019111
0.011139
0.014995
0.010626
0.008244
0.002639
0.003615
0.002470
0.002545
0.001871
0.002990
0.002453
0.002249
0.000739
0.000329
0.000348
0.000225
0.000206
0.000045
0.000207
0.000233
0.000070
0.000043
0.000057
0.000139
0.000019
0.000022
0.000013
0.000016
0.000037
0.000012
0.000018
0.000005
0.000006
0.000004
0.000008
0.000000
0.000000
0.000025
0.000002
0.000004
0.000000
0.000000
0.000000
0.000000
0.000000
0.000000
0.000000
0.000000
0.000000
0.000000
0.000000
0.000000
0.000000
0.000000
0.000000
0.000000
0.000000
0.000000
0.000000
0.000000
0.000000
0.000000
0.000000
0.000000
0.000000
0.000000
0.000000
0.000000
0.000000
0.000000
0.000000
0.000000
0.000000
0.000000
0.000000
0.000000
0.000000
0.000000
0.000000
0.000000
0.000000
0.000000
0.000000
0.000000
0.000000
0.000000
0.000000
0.000000
0.000000
0.000000
0.000000
0.000000
0.000000
0.000000
0.000000
0.000000
0.000000
0.000000
0.000000
0.000000
0.000000
0.000000
0.000000
0.000000
0.000000
0.000000
0.000000
0.000000
0.000000
0.000000
0.000000
0.000000
0.000000
0.000000
0.000000
0.000000
0.000000
0.000000
0.000000
0.000000
0.000000
0.000000
0.000000
0.000000
0.000000
0.000000
0.000000
0.000000
0.000000
0.000000
0.000000
0.000000
0.000000
0.000000
0.000000
0.000000
0.000000
0.000000
0.000000
0.000000
0.000000
0.000000
0.000000
0.000000
0.000000
0.000000
0.000000
0.000000
0.000000
0.000000
0.000000
0.000000
0.000000
0.000000
0.000000
0.000000
0.000000
0.000000
0.000000
0.000000
0.000000
0.000000
0.000000
0.000000
0.000000
0.000000
0.000000
0.000000
0.000000
0.000000
0.000000
