60.941200
22.041800
915.050000
188.360000
82.767000
48.210000
30.592000
19.099000
14.017000
10.294000
8.425100
5.738900
4.202600
3.467900
2.480600
2.200700
1.734600
1.407100
0.989020
0.872830
0.688100
0.557350
0.529840
0.342270
0.299570
0.249440
0.234760
0.198960
0.153070
0.146590
0.097835
0.056439
0.073081
0.070451
0.051416
0.040940
0.035139
0.019448
0.033610
0.023886
0.013353
0.007568
0.010072
0.006858
0.005418
0.005647
0.006343
0.005840
0.003321
0.002480
0.001538
0.001806
0.002181
0.002141
0.001082
0.001061
0.000963
0.000511
0.000690
0.000304
0.000060
0.000409
0.000268
0.000143
0.000335
0.000302
0.000057
0.000068
0.000043
0.000053
0.000033
0.000048
0.000179
0.000086
0.000032
0.000000
0.000013
0.000009
0.000003
0.000013
0.000012
0.000000
0.000000
0.000003
0.000000
0.000006
0.000000
0.000002
0.000000
0.000002
0.000001
0.000000
0.000000
0.000000
0.000000
0.000000
0.000000
0.000000
0.000000
0.000000
0.000000
0.000000
0.000000
0.000000
0.000000
0.000000
0.000000
0.000000
0.000000
0.000000
0.000000
0.000000
0.000000
0.000000
0.000000
0.000000
0.000000
0.000000
0.000000
0.000000
0.000000
0.000000
0.000000
0.000000
0.000000
0.000000
0.000000
0.000000
0.000000
0.000000
0.000000
0.000000
0.000000
0.000000
0.000000
0.000000
0.000000
0.000000
0.000000
0.000000
0.000000
0.000000
0.000000
0.000000
0.000000
0.000000
0.000000
0.000000
0.000000
0.000000
0.000000
0.000000
0.000000
0.000000
0.000000
0.000000
0.000000
0.000000
0.000000
0.000000
0.000000
0.000000
0.000000
0.000000
0.000000
0.000000
0.000000
0.000000
0.000000
0.000000
0.000000
0.000000
0.000000
0.000000
0.000000
0.000000
0.000000
0.000000
0.000000
0.000000
0.000000
0.000000
0.000000
0.000000
0.000000
0.000000
0.000000
0.000000
0.000000
0.000000
0.000000
0.000000
0.000000
0.000000
0.000000
0.000000
0.000000
0.000000
0.000000
0.000000
0.000000
0.000000
