45.226600
17.944100
996.910000
223.800000
105.790000
65.631000
44.324000
30.112000
23.046000
16.052000
12.427000
9.522600
7.260100
5.566800
5.102500
3.690200
3.061100
2.642700
2.226700
1.687200
1.506000
1.147400
0.927960
0.814230
0.702950
0.566750
0.430370
0.413220
0.334190
0.283540
0.240740
0.201910
0.158320
0.157810
0.134440
0.087457
0.109440
0.069926
0.084556
0.056039
0.050603
0.033121
0.046246
0.026843
0.033436
0.018706
0.019758
0.013026
0.017158
0.009783
0.007759
0.004165
0.010313
0.004883
0.005347
0.005809
0.002469
0.001922
0.002333
0.002024
0.001926
0.002241
0.001249
0.001281
0.000682
0.000639
0.000162
0.000367
0.000106
0.000131
0.000196
0.000197
0.000126
0.000087
0.000120
0.000048
0.000219
0.000099
0.000038
0.000134
0.000016
0.000858
0.000101
0.000007
0.000576
0.000000
0.000024
0.000003
0.000045
0.000000
0.000000
0.000001
0.000009
0.000000
0.000002
0.000002
0.000000
0.000000
0.000000
0.000000
0.000000
0.000000
0.000003
0.000028
0.000000
0.000000
0.000000
0.000000
0.000000
0.000000
0.000000
0.000000
0.000000
0.000000
0.000000
0.000000
0.000000
0.000000
0.000000
0.000000
0.000000
0.000000
0.000000
0.000000
0.000000
0.000000
0.000000
0.000000
0.000000
0.000000
0.000000
0.000000
0.000000
0.000000
0.000000
0.000000
0.000000
0.000000
0.000000
0.000000
0.000000
0.000000
0.000000
0.000000
0.000000
0.000000
0.000000
0.000000
0.000000
0.000000
0.000000
0.000000
0.000000
0.000000
0.000000
0.000000
0.000000
0.000000
0.000000
0.000000
0.000000
0.000000
0.000000
0.000000
0.000000
0.000000
0.000000
0.000000
0.000000
0.000000
0.000000
0.000000
0.000000
0.000000
0.000000
0.000000
0.000000
0.000000
0.000000
0.000000
0.000000
0.000000
0.000000
0.000000
0.000000
0.000000
0.000000
0.000000
0.000000
0.000000
0.000000
0.000000
0.000000
0.000000
0.000000
0.000000
0.000000
0.000000
0.000000
0.000000
0.000000
0.000000
