43.218900
32.858100
1001.500000
227.800000
107.670000
65.810000
42.226000
29.147000
19.999000
15.275000
10.895000
8.155100
6.515600
5.392500
3.695300
3.140900
2.376100
1.973100
1.591900
1.007700
0.932590
0.705120
0.573640
0.487700
0.325650
0.270770
0.239700
0.197250
0.141420
0.136670
0.106640
0.102520
0.076869
0.043193
0.042783
0.031994
0.034469
0.034958
0.016626
0.018415
0.014516
0.010961
0.007612
0.007335
0.004802
0.006381
0.004039
0.001955
0.002210
0.000817
0.001528
0.001038
0.001361
0.000688
0.000302
0.001103
0.000497
0.000511
0.000320
0.000209
0.000217
0.000130
0.000102
0.000307
0.000099
0.000114
0.000138
0.000076
0.000029
0.000052
0.000033
0.000005
0.000010
0.000018
0.000006
0.000012
0.000000
0.000002
0.000013
0.000000
0.000007
0.000002
0.000000
0.000000
0.000000
0.000000
0.000001
0.000000
0.000000
0.000000
0.000000
0.000000
0.000000
0.000000
0.000000
0.000000
0.000000
0.000000
0.000000
0.000000
0.000000
0.000000
0.000000
0.000000
0.000000
0.000000
0.000000
0.000000
0.000000
0.000000
0.000000
0.000000
0.000000
0.000000
0.000000
0.000000
0.000000
0.000000
0.000000
0.000000
0.000000
0.000000
0.000000
0.000000
0.000000
0.000000
0.000000
0.000000
0.000000
0.000000
0.000000
0.000000
0.000000
0.000000
0.000000
0.000000
0.000000
0.000000
0.000000
0.000000
0.000000
0.000000
0.000000
0.000000
0.000000
0.000000
0.000000
0.000000
0.000000
0.000000
0.000000
0.000000
0.000000
0.000000
0.000000
0.000000
0.000000
0.000000
0.000000
0.000000
0.000000
0.000000
0.000000
0.000000
0.000000
0.000000
0.000000
0.000000
0.000000
0.000000
0.000000
0.000000
0.000000
0.000000
0.000000
0.000000
0.000000
0.000000
0.000000
0.000000
0.000000
0.000000
0.000000
0.000000
0.000000
0.000000
0.000000
0.000000
0.000000
0.000000
0.000000
0.000000
0.000000
0.000000
0.000000
0.000000
0.000000
0.000000
0.000000
0.000000
0.000000
0.000000
