72.112200
55.835000
853.620000
179.860000
67.108000
36.056000
20.604000
13.288000
10.447000
6.487400
4.432000
2.785600
2.289500
1.482900
1.013600
0.760460
0.563770
0.382490
0.315560
0.184860
0.158540
0.112640
0.076058
0.057808
0.046127
0.051570
0.022217
0.020959
0.016770
0.007871
0.007224
0.006659
0.007827
0.003538
0.002761
0.001807
0.001249
0.001042
0.000465
0.000643
0.000351
0.000110
0.000179
0.000229
0.000140
0.000075
0.000153
0.000208
0.000055
0.000502
0.000018
0.000062
0.000012
0.000006
0.000023
0.000002
0.000000
0.000014
0.000000
0.000000
0.000000
0.000000
0.000003
0.000000
0.000000
0.000066
0.000000
0.000000
0.000000
0.000000
0.000000
0.000000
0.000000
0.000000
0.000000
0.000000
0.000000
0.000000
0.000000
0.000000
0.000000
0.000000
0.000000
0.000000
0.000000
0.000000
0.000000
0.000000
0.000000
0.000000
0.000000
0.000000
0.000000
0.000000
0.000000
0.000000
0.000000
0.000000
0.000000
0.000000
0.000000
0.000000
0.000000
0.000000
0.000000
0.000000
0.000000
0.000000
0.000000
0.000000
0.000000
0.000000
0.000000
0.000000
0.000000
0.000000
0.000000
0.000000
0.000000
0.000000
0.000000
0.000000
0.000000
0.000000
0.000000
0.000000
0.000000
0.000000
0.000000
0.000000
0.000000
0.000000
0.000000
0.000000
0.000000
0.000000
0.000000
0.000000
0.000000
0.000000
0.000000
0.000000
0.000000
0.000000
0.000000
0.000000
0.000000
0.000000
0.000000
0.000000
0.000000
0.000000
0.000000
0.000000
0.000000
0.000000
0.000000
0.000000
0.000000
0.000000
0.000000
0.000000
0.000000
0.000000
0.000000
0.000000
0.000000
0.000000
0.000000
0.000000
0.000000
0.000000
0.000000
0.000000
0.000000
0.000000
0.000000
0.000000
0.000000
0.000000
0.000000
0.000000
0.000000
0.000000
0.000000
0.000000
0.000000
0.000000
0.000000
0.000000
0.000000
0.000000
0.000000
0.000000
0.000000
0.000000
0.000000
0.000000
0.000000
0.000000
0.000000
0.000000
