74.297000
20.193900
870.250000
164.680000
76.130000
40.019000
23.841000
15.853000
10.005000
7.985100
5.574700
3.956000
3.056100
2.041800
1.851000
1.349900
1.224800
0.849780
0.732350
0.704710
0.472070
0.393590
0.359160
0.242040
0.233460
0.165270
0.166190
0.120030
0.137420
0.103890
0.079990
0.048997
0.046397
0.035663
0.029218
0.034202
0.016944
0.021250
0.010205
0.021433
0.010908
0.007836
0.007613
0.008030
0.005821
0.009002
0.004444
0.002166
0.004262
0.000854
0.000777
0.003737
0.001804
0.001005
0.000937
0.000607
0.000412
0.000873
0.000101
0.000591
0.000324
0.000269
0.000336
0.000039
0.000311
0.000193
0.000013
0.000021
0.000151
0.000014
0.000208
0.000133
0.000007
0.000049
0.000095
0.000041
0.000005
0.000464
0.000000
0.000024
0.000017
0.000000
0.000000
0.000016
0.000000
0.000000
0.000000
0.000000
0.000008
0.000000
0.000000
0.000000
0.000000
0.000000
0.000000
0.000000
0.000000
0.000000
0.000000
0.000000
0.000000
0.000000
0.000000
0.000000
0.000000
0.000000
0.000000
0.000000
0.000000
0.000000
0.000000
0.000000
0.000000
0.000000
0.000000
0.000000
0.000000
0.000000
0.000000
0.000000
0.000000
0.000000
0.000000
0.000000
0.000000
0.000000
0.000000
0.000000
0.000000
0.000000
0.000000
0.000000
0.000000
0.000000
0.000000
0.000000
0.000000
0.000000
0.000000
0.000000
0.000000
0.000000
0.000000
0.000000
0.000000
0.000000
0.000000
0.000000
0.000000
0.000000
0.000000
0.000000
0.000000
0.000000
0.000000
0.000000
0.000000
0.000000
0.000000
0.000000
0.000000
0.000000
0.000000
0.000000
0.000000
0.000000
0.000000
0.000000
0.000000
0.000000
0.000000
0.000000
0.000000
0.000000
0.000000
0.000000
0.000000
0.000000
0.000000
0.000000
0.000000
0.000000
0.000000
0.000000
0.000000
0.000000
0.000000
0.000000
0.000000
0.000000
0.000000
0.000000
0.000000
0.000000
0.000000
0.000000
0.000000
0.000000
0.000000
0.000000
0.000000
0.000000
