70.919000
41.689700
839.410000
175.130000
70.174000
37.290000
22.143000
14.081000
10.709000
6.843800
4.610400
3.376900
2.238600
1.805700
1.191100
0.994450
0.704150
0.554000
0.353540
0.268540
0.192170
0.162950
0.158420
0.109680
0.083822
0.064060
0.046624
0.049426
0.022282
0.031273
0.013025
0.021332
0.008803
0.007396
0.006904
0.006569
0.003080
0.004484
0.002612
0.001513
0.001931
0.001000
0.001575
0.000479
0.000650
0.000333
0.000403
0.000122
0.000093
0.000154
0.000293
0.000412
0.000031
0.000098
0.000076
0.000116
0.000035
0.000008
0.000008
0.000105
0.000004
0.000010
0.000004
0.000000
0.000002
0.000004
0.000005
0.000003
0.000000
0.000002
0.000002
0.000000
0.000000
0.000000
0.000000
0.000000
0.000000
0.000002
0.000000
0.000001
0.000000
0.000000
0.000000
0.000000
0.000000
0.000000
0.000000
0.000000
0.000000
0.000000
0.000000
0.000000
0.000000
0.000000
0.000000
0.000000
0.000000
0.000000
0.000000
0.000000
0.000000
0.000000
0.000000
0.000000
0.000000
0.000000
0.000000
0.000000
0.000000
0.000000
0.000000
0.000000
0.000000
0.000000
0.000000
0.000000
0.000000
0.000000
0.000000
0.000000
0.000000
0.000000
0.000000
0.000000
0.000000
0.000000
0.000000
0.000000
0.000000
0.000000
0.000000
0.000000
0.000000
0.000000
0.000000
0.000000
0.000000
0.000000
0.000000
0.000000
0.000000
0.000000
0.000000
0.000000
0.000000
0.000000
0.000000
0.000000
0.000000
0.000000
0.000000
0.000000
0.000000
0.000000
0.000000
0.000000
0.000000
0.000000
0.000000
0.000000
0.000000
0.000000
0.000000
0.000000
0.000000
0.000000
0.000000
0.000000
0.000000
0.000000
0.000000
0.000000
0.000000
0.000000
0.000000
0.000000
0.000000
0.000000
0.000000
0.000000
0.000000
0.000000
0.000000
0.000000
0.000000
0.000000
0.000000
0.000000
0.000000
0.000000
0.000000
0.000000
0.000000
0.000000
0.000000
0.000000
0.000000
0.000000
0.000000
0.000000
0.000000
0.000000
