64.568900
38.481600
859.360000
186.510000
82.913000
41.155000
24.324000
18.740000
11.289000
7.483000
5.048000
4.064500
2.918500
2.062600
1.628500
1.200200
1.059600
0.805680
0.591210
0.422750
0.363860
0.275170
0.195630
0.148580
0.112930
0.084321
0.071731
0.054973
0.045993
0.039105
0.032507
0.028096
0.017297
0.017371
0.012061
0.007086
0.009576
0.003325
0.004686
0.006587
0.003060
0.001944
0.003058
0.001164
0.001494
0.001281
0.000476
0.000232
0.000317
0.000570
0.000146
0.000198
0.000053
0.000265
0.000089
0.000043
0.000185
0.000093
0.000096
0.000080
0.000029
0.000037
0.000064
0.000054
0.000000
0.000002
0.000010
0.000003
0.000000
0.000002
0.000003
0.000000
0.000000
0.000000
0.000000
0.000000
0.000000
0.000000
0.000000
0.000000
0.000000
0.000000
0.000000
0.000000
0.000000
0.000000
0.000000
0.000000
0.000000
0.000000
0.000000
0.000000
0.000000
0.000000
0.000000
0.000000
0.000000
0.000000
0.000000
0.000000
0.000000
0.000000
0.000000
0.000000
0.000000
0.000000
0.000000
0.000000
0.000000
0.000000
0.000000
0.000000
0.000000
0.000000
0.000000
0.000000
0.000000
0.000000
0.000000
0.000000
0.000000
0.000000
0.000000
0.000000
0.000000
0.000000
0.000000
0.000000
0.000000
0.000000
0.000000
0.000000
0.000000
0.000000
0.000000
0.000000
0.000000
0.000000
0.000000
0.000000
0.000000
0.000000
0.000000
0.000000
0.000000
0.000000
0.000000
0.000000
0.000000
0.000000
0.000000
0.000000
0.000000
0.000000
0.000000
0.000000
0.000000
0.000000
0.000000
0.000000
0.000000
0.000000
0.000000
0.000000
0.000000
0.000000
0.000000
0.000000
0.000000
0.000000
0.000000
0.000000
0.000000
0.000000
0.000000
0.000000
0.000000
0.000000
0.000000
0.000000
0.000000
0.000000
0.000000
0.000000
0.000000
0.000000
0.000000
0.000000
0.000000
0.000000
0.000000
0.000000
0.000000
0.000000
0.000000
0.000000
0.000000
0.000000
0.000000
0.000000
0.000000
0.000000
