67.182700
11.195400
836.140000
186.290000
76.692000
42.209000
27.559000
19.237000
13.787000
9.457000
8.173700
5.862300
4.673600
3.643000
2.918900
2.517300
1.877400
1.790600
1.271100
1.309000
0.976260
0.841720
0.766890
0.598800
0.478810
0.450040
0.420380
0.277420
0.321450
0.200650
0.173980
0.149650
0.150950
0.132510
0.122940
0.103570
0.081469
0.058675
0.038773
0.057365
0.038430
0.039818
0.021910
0.025083
0.025163
0.014011
0.011808
0.019219
0.012019
0.015213
0.009617
0.009899
0.008379
0.004642
0.002914
0.003147
0.005000
0.006121
0.003335
0.003777
0.002954
0.001530
0.001371
0.000845
0.001768
0.000105
0.000965
0.000329
0.000123
0.000523
0.000495
0.000541
0.000549
0.000045
0.000595
0.000060
0.000260
0.000138
0.000489
0.000207
0.000358
0.000086
0.000606
0.000126
0.000028
0.000000
0.000000
0.000000
0.000033
0.000100
0.000005
0.000001
0.000006
0.000000
0.000126
0.000000
0.000000
0.000001
0.000000
0.000000
0.000000
0.000000
0.000006
0.000000
0.000001
0.000009
0.000000
0.000000
0.000000
0.000000
0.000000
0.000000
0.000000
0.000000
0.000000
0.000000
0.000000
0.000000
0.000000
0.000002
0.000000
0.000000
0.000000
0.000000
0.000000
0.000000
0.000000
0.000000
0.000000
0.000000
0.000000
0.000000
0.000000
0.000000
0.000000
0.000000
0.000000
0.000000
0.000000
0.000000
0.000000
0.000000
0.000000
0.000000
0.000000
0.000000
0.000000
0.000000
0.000000
0.000000
0.000000
0.000000
0.000000
0.000000
0.000000
0.000000
0.000000
0.000000
0.000000
0.000000
0.000000
0.000000
0.000000
0.000000
0.000000
0.000000
0.000000
0.000000
0.000000
0.000000
0.000000
0.000000
0.000000
0.000000
0.000000
0.000000
0.000000
0.000000
0.000000
0.000000
0.000000
0.000000
0.000000
0.000000
0.000000
0.000000
0.000000
0.000000
0.000000
0.000000
0.000000
0.000000
0.000000
0.000000
0.000000
0.000000
0.000000
0.000000
0.000000
0.000000
0.000000
0.000000
