82.878200
48.368100
837.200000
160.380000
66.581000
31.079000
17.350000
11.308000
7.125500
4.474800
3.121600
2.305600
1.497400
0.959130
0.733490
0.566030
0.439390
0.276150
0.220490
0.158110
0.163240
0.100250
0.079662
0.058399
0.044352
0.028729
0.026672
0.021205
0.014216
0.014073
0.007523
0.005363
0.006251
0.004153
0.004762
0.001626
0.002635
0.002053
0.000678
0.000661
0.000340
0.000895
0.000157
0.000197
0.000158
0.000196
0.000163
0.000026
0.000064
0.000027
0.000017
0.000006
0.000004
0.000070
0.000004
0.000009
0.000000
0.000020
0.000008
0.000002
0.000004
0.000007
0.000000
0.000000
0.000000
0.000000
0.000000
0.000000
0.000000
0.000000
0.000000
0.000000
0.000000
0.000000
0.000000
0.000000
0.000000
0.000000
0.000000
0.000000
0.000000
0.000000
0.000000
0.000000
0.000000
0.000000
0.000000
0.000000
0.000000
0.000000
0.000000
0.000000
0.000000
0.000000
0.000000
0.000000
0.000000
0.000000
0.000000
0.000000
0.000000
0.000000
0.000000
0.000000
0.000000
0.000000
0.000000
0.000000
0.000000
0.000000
0.000000
0.000000
0.000000
0.000000
0.000000
0.000000
0.000000
0.000000
0.000000
0.000000
0.000000
0.000000
0.000000
0.000000
0.000000
0.000000
0.000000
0.000000
0.000000
0.000000
0.000000
0.000000
0.000000
0.000000
0.000000
0.000000
0.000000
0.000000
0.000000
0.000000
0.000000
0.000000
0.000000
0.000000
0.000000
0.000000
0.000000
0.000000
0.000000
0.000000
0.000000
0.000000
0.000000
0.000000
0.000000
0.000000
0.000000
0.000000
0.000000
0.000000
0.000000
0.000000
0.000000
0.000000
0.000000
0.000000
0.000000
0.000000
0.000000
0.000000
0.000000
0.000000
0.000000
0.000000
0.000000
0.000000
0.000000
0.000000
0.000000
0.000000
0.000000
0.000000
0.000000
0.000000
0.000000
0.000000
0.000000
0.000000
0.000000
0.000000
0.000000
0.000000
0.000000
0.000000
0.000000
0.000000
0.000000
0.000000
0.000000
0.000000
0.000000
0.000000
