88.859200
21.516900
841.080000
143.570000
57.261000
32.094000
18.112000
10.498000
7.351100
5.576100
3.064900
2.559100
2.250300
1.478400
1.141100
0.899740
0.811820
0.596200
0.466570
0.386120
0.300800
0.243230
0.205520
0.164480
0.122010
0.118970
0.094091
0.079439
0.066984
0.055345
0.048459
0.029148
0.024261
0.038042
0.021136
0.012797
0.013069
0.010078
0.011194
0.004504
0.005355
0.006289
0.005681
0.002982
0.003388
0.002968
0.003419
0.002875
0.000534
0.001489
0.000979
0.000708
0.000499
0.000235
0.000687
0.000305
0.000867
0.000160
0.000271
0.000279
0.000053
0.000104
0.000221
0.000186
0.000122
0.000011
0.000078
0.000000
0.000002
0.000007
0.000003
0.000006
0.000002
0.000000
0.000004
0.000004
0.000004
0.000004
0.000015
0.000000
0.000016
0.000001
0.000000
0.000000
0.000000
0.000000
0.000003
0.000000
0.000000
0.000000
0.000000
0.000000
0.000000
0.000000
0.000000
0.000000
0.000000
0.000000
0.000000
0.000000
0.000000
0.000000
0.000000
0.000000
0.000000
0.000000
0.000000
0.000000
0.000000
0.000000
0.000000
0.000000
0.000000
0.000000
0.000000
0.000000
0.000000
0.000000
0.000000
0.000000
0.000000
0.000000
0.000000
0.000000
0.000000
0.000000
0.000000
0.000000
0.000000
0.000000
0.000000
0.000000
0.000000
0.000000
0.000000
0.000000
0.000000
0.000000
0.000000
0.000000
0.000000
0.000000
0.000000
0.000000
0.000000
0.000000
0.000000
0.000000
0.000000
0.000000
0.000000
0.000000
0.000000
0.000000
0.000000
0.000000
0.000000
0.000000
0.000000
0.000000
0.000000
0.000000
0.000000
0.000000
0.000000
0.000000
0.000000
0.000000
0.000000
0.000000
0.000000
0.000000
0.000000
0.000000
0.000000
0.000000
0.000000
0.000000
0.000000
0.000000
0.000000
0.000000
0.000000
0.000000
0.000000
0.000000
0.000000
0.000000
0.000000
0.000000
0.000000
0.000000
0.000000
0.000000
0.000000
0.000000
0.000000
0.000000
0.000000
0.000000
0.000000
0.000000
