60.288700
50.100400
913.950000
183.430000
79.635000
47.540000
27.690000
18.372000
12.171000
8.249800
5.476100
4.563200
3.200900
2.289700
1.538200
1.213700
0.963030
0.696790
0.540450
0.406760
0.301420
0.190870
0.196640
0.106220
0.087544
0.087459
0.060108
0.037244
0.023928
0.027174
0.024050
0.012604
0.016973
0.009611
0.007518
0.003263
0.004786
0.003902
0.003004
0.002491
0.001048
0.000706
0.001873
0.000825
0.000473
0.000134
0.000296
0.000278
0.000321
0.000048
0.000272
0.000087
0.000026
0.000052
0.000021
0.000079
0.000010
0.000000
0.000005
0.000013
0.000005
0.000013
0.000018
0.000003
0.000000
0.000000
0.000003
0.000000
0.000001
0.000000
0.000000
0.000000
0.000000
0.000000
0.000000
0.000000
0.000000
0.000000
0.000000
0.000000
0.000000
0.000000
0.000000
0.000000
0.000000
0.000000
0.000000
0.000000
0.000000
0.000000
0.000000
0.000000
0.000000
0.000000
0.000000
0.000000
0.000000
0.000000
0.000000
0.000000
0.000000
0.000000
0.000000
0.000000
0.000000
0.000000
0.000000
0.000000
0.000000
0.000000
0.000000
0.000000
0.000000
0.000000
0.000000
0.000000
0.000000
0.000000
0.000000
0.000000
0.000000
0.000000
0.000000
0.000000
0.000000
0.000000
0.000000
0.000000
0.000000
0.000000
0.000000
0.000000
0.000000
0.000000
0.000000
0.000000
0.000000
0.000000
0.000000
0.000000
0.000000
0.000000
0.000000
0.000000
0.000000
0.000000
0.000000
0.000000
0.000000
0.000000
0.000000
0.000000
0.000000
0.000000
0.000000
0.000000
0.000000
0.000000
0.000000
0.000000
0.000000
0.000000
0.000000
0.000000
0.000000
0.000000
0.000000
0.000000
0.000000
0.000000
0.000000
0.000000
0.000000
0.000000
0.000000
0.000000
0.000000
0.000000
0.000000
0.000000
0.000000
0.000000
0.000000
0.000000
0.000000
0.000000
0.000000
0.000000
0.000000
0.000000
0.000000
0.000000
0.000000
0.000000
0.000000
0.000000
0.000000
0.000000
0.000000
0.000000
0.000000
0.000000
