52.741700
32.742800
925.390000
199.560000
95.346000
52.984000
33.177000
23.497000
16.060000
12.150000
8.816100
6.197000
4.723800
3.371900
3.179400
1.979900
1.590600
1.286000
1.069900
0.733280
0.606870
0.567920
0.390610
0.333180
0.257260
0.247850
0.173320
0.160090
0.104980
0.079602
0.090016
0.039840
0.054818
0.028304
0.030094
0.021407
0.019382
0.018790
0.011517
0.010140
0.006559
0.005162
0.004415
0.004898
0.003362
0.003080
0.001837
0.001808
0.001161
0.000883
0.000498
0.000502
0.000453
0.000523
0.000493
0.000514
0.000656
0.000164
0.000471
0.000034
0.000046
0.000064
0.000040
0.000024
0.000150
0.000011
0.000076
0.000020
0.000061
0.000000
0.000001
0.000035
0.000103
0.000012
0.000032
0.000002
0.000000
0.000000
0.000000
0.000000
0.000000
0.000002
0.000000
0.000004
0.000000
0.000000
0.000003
0.000005
0.000000
0.000000
0.000000
0.000000
0.000000
0.000000
0.000000
0.000000
0.000000
0.000000
0.000002
0.000000
0.000000
0.000000
0.000000
0.000000
0.000000
0.000000
0.000000
0.000000
0.000000
0.000000
0.000000
0.000000
0.000000
0.000000
0.000000
0.000000
0.000000
0.000000
0.000000
0.000000
0.000000
0.000000
0.000000
0.000000
0.000000
0.000000
0.000000
0.000000
0.000000
0.000000
0.000000
0.000000
0.000000
0.000000
0.000000
0.000000
0.000000
0.000000
0.000000
0.000000
0.000000
0.000000
0.000000
0.000000
0.000000
0.000000
0.000000
0.000000
0.000000
0.000000
0.000000
0.000000
0.000000
0.000000
0.000000
0.000000
0.000000
0.000000
0.000000
0.000000
0.000000
0.000000
0.000000
0.000000
0.000000
0.000000
0.000000
0.000000
0.000000
0.000000
0.000000
0.000000
0.000000
0.000000
0.000000
0.000000
0.000000
0.000000
0.000000
0.000000
0.000000
0.000000
0.000000
0.000000
0.000000
0.000000
0.000000
0.000000
0.000000
0.000000
0.000000
0.000000
0.000000
0.000000
0.000000
0.000000
0.000000
0.000000
0.000000
0.000000
0.000000
0.000000
