48.047300
39.103600
912.760000
222.070000
104.930000
55.957000
36.211000
25.402000
16.308000
12.070000
8.984300
7.292600
5.394700
3.781200
2.720600
2.246700
1.710400
1.303100
0.959200
0.705730
0.662700
0.501520
0.425200
0.360290
0.209010
0.177340
0.124690
0.107150
0.085199
0.078376
0.043782
0.040165
0.043804
0.027187
0.020161
0.013507
0.012180
0.012133
0.009523
0.008670
0.006943
0.004285
0.001927
0.003251
0.003336
0.002992
0.001793
0.000570
0.001326
0.000950
0.000498
0.000515
0.000332
0.000549
0.000072
0.000240
0.000262
0.000097
0.000125
0.000036
0.000558
0.000009
0.000024
0.000016
0.000067
0.000004
0.000007
0.000000
0.000008
0.000000
0.000008
0.000002
0.000000
0.000000
0.000000
0.000000
0.000000
0.000000
0.000000
0.000013
0.000000
0.000000
0.000000
0.000000
0.000000
0.000000
0.000000
0.000000
0.000000
0.000000
0.000000
0.000000
0.000000
0.000000
0.000000
0.000000
0.000000
0.000000
0.000000
0.000000
0.000000
0.000000
0.000000
0.000000
0.000000
0.000000
0.000000
0.000000
0.000000
0.000000
0.000000
0.000000
0.000000
0.000000
0.000000
0.000000
0.000000
0.000000
0.000000
0.000000
0.000000
0.000000
0.000000
0.000000
0.000000
0.000000
0.000000
0.000000
0.000000
0.000000
0.000000
0.000000
0.000000
0.000000
0.000000
0.000000
0.000000
0.000000
0.000000
0.000000
0.000000
0.000000
0.000000
0.000000
0.000000
0.000000
0.000000
0.000000
0.000000
0.000000
0.000000
0.000000
0.000000
0.000000
0.000000
0.000000
0.000000
0.000000
0.000000
0.000000
0.000000
0.000000
0.000000
0.000000
0.000000
0.000000
0.000000
0.000000
0.000000
0.000000
0.000000
0.000000
0.000000
0.000000
0.000000
0.000000
0.000000
0.000000
0.000000
0.000000
0.000000
0.000000
0.000000
0.000000
0.000000
0.000000
0.000000
0.000000
0.000000
0.000000
0.000000
0.000000
0.000000
0.000000
0.000000
0.000000
0.000000
0.000000
0.000000
0.000000
0.000000
0.000000
