70.110000
37.115600
845.050000
172.750000
74.600000
38.314000
23.683000
15.726000
10.119000
6.942200
5.536600
3.751000
2.558200
2.185800
1.592800
1.032900
0.699460
0.627290
0.450120
0.437960
0.313660
0.167330
0.181390
0.125530
0.119500
0.073251
0.082908
0.072321
0.038709
0.028955
0.022423
0.023306
0.014234
0.011185
0.011102
0.010202
0.006527
0.004577
0.002637
0.002556
0.001971
0.002805
0.001314
0.000976
0.000459
0.001594
0.000759
0.002017
0.001066
0.000211
0.000600
0.000088
0.000042
0.000073
0.000137
0.000032
0.000076
0.000001
0.000063
0.000019
0.000014
0.000064
0.000008
0.000008
0.000007
0.000029
0.000005
0.000008
0.000003
0.000000
0.000000
0.000000
0.000015
0.000000
0.000000
0.000002
0.000000
0.000000
0.000000
0.000000
0.000000
0.000000
0.000000
0.000000
0.000000
0.000000
0.000000
0.000000
0.000000
0.000000
0.000000
0.000000
0.000000
0.000000
0.000000
0.000000
0.000000
0.000000
0.000000
0.000000
0.000000
0.000000
0.000000
0.000000
0.000000
0.000000
0.000000
0.000000
0.000000
0.000000
0.000000
0.000000
0.000000
0.000000
0.000000
0.000000
0.000000
0.000000
0.000000
0.000000
0.000000
0.000000
0.000000
0.000000
0.000000
0.000000
0.000000
0.000000
0.000000
0.000000
0.000000
0.000000
0.000000
0.000000
0.000000
0.000000
0.000000
0.000000
0.000000
0.000000
0.000000
0.000000
0.000000
0.000000
0.000000
0.000000
0.000000
0.000000
0.000000
0.000000
0.000000
0.000000
0.000000
0.000000
0.000000
0.000000
0.000000
0.000000
0.000000
0.000000
0.000000
0.000000
0.000000
0.000000
0.000000
0.000000
0.000000
0.000000
0.000000
0.000000
0.000000
0.000000
0.000000
0.000000
0.000000
0.000000
0.000000
0.000000
0.000000
0.000000
0.000000
0.000000
0.000000
0.000000
0.000000
0.000000
0.000000
0.000000
0.000000
0.000000
0.000000
0.000000
0.000000
0.000000
0.000000
0.000000
0.000000
0.000000
0.000000
0.000000
0.000000
0.000000
