59.015000
37.820400
924.820000
188.340000
89.989000
49.735000
29.591000
19.970000
13.249000
9.121100
6.923500
4.788200
3.388600
2.375000
2.011200
1.716900
1.225100
1.108200
0.664970
0.580340
0.410010
0.354680
0.190890
0.199660
0.166770
0.098562
0.091419
0.077839
0.053738
0.048341
0.033966
0.040355
0.023561
0.017359
0.021831
0.012746
0.009401
0.004718
0.004209
0.004962
0.004871
0.003040
0.001732
0.000778
0.002633
0.000501
0.000980
0.000534
0.000327
0.001311
0.000458
0.000313
0.000162
0.000297
0.000062
0.000057
0.000141
0.000041
0.000082
0.000064
0.000021
0.000070
0.000036
0.000003
0.000004
0.000002
0.000019
0.000005
0.000002
0.000000
0.000000
0.000013
0.000028
0.000000
0.000000
0.000000
0.000000
0.000000
0.000001
0.000000
0.000000
0.000000
0.000000
0.000000
0.000002
0.000000
0.000000
0.000000
0.000000
0.000000
0.000000
0.000000
0.000000
0.000000
0.000000
0.000000
0.000000
0.000000
0.000000
0.000000
0.000000
0.000000
0.000000
0.000000
0.000000
0.000000
0.000000
0.000000
0.000000
0.000000
0.000000
0.000000
0.000000
0.000000
0.000000
0.000000
0.000000
0.000000
0.000000
0.000000
0.000000
0.000000
0.000000
0.000000
0.000000
0.000000
0.000000
0.000000
0.000000
0.000000
0.000000
0.000000
0.000000
0.000000
0.000000
0.000000
0.000000
0.000000
0.000000
0.000000
0.000000
0.000000
0.000000
0.000000
0.000000
0.000000
0.000000
0.000000
0.000000
0.000000
0.000000
0.000000
0.000000
0.000000
0.000000
0.000000
0.000000
0.000000
0.000000
0.000000
0.000000
0.000000
0.000000
0.000000
0.000000
0.000000
0.000000
0.000000
0.000000
0.000000
0.000000
0.000000
0.000000
0.000000
0.000000
0.000000
0.000000
0.000000
0.000000
0.000000
0.000000
0.000000
0.000000
0.000000
0.000000
0.000000
0.000000
0.000000
0.000000
0.000000
0.000000
0.000000
0.000000
0.000000
0.000000
0.000000
0.000000
0.000000
0.000000
0.000000
0.000000
0.000000
