44.517200
30.273500
1026.300000
224.930000
107.450000
60.930000
40.120000
28.192000
18.683000
14.541000
10.871000
9.121900
6.039400
4.687400
4.019900
3.044200
2.408500
1.864600
1.610900
1.273300
0.852560
0.675820
0.565490
0.572210
0.399800
0.316800
0.224410
0.199070
0.163160
0.131780
0.095114
0.100880
0.073145
0.064609
0.047564
0.037157
0.031125
0.013406
0.023372
0.018566
0.012835
0.010763
0.011316
0.008282
0.004711
0.004008
0.003258
0.005096
0.002730
0.001558
0.001281
0.001238
0.000842
0.001777
0.001211
0.000599
0.000316
0.000237
0.000299
0.000714
0.000364
0.000541
0.000049
0.000062
0.000156
0.000166
0.000038
0.000061
0.000093
0.000130
0.000005
0.000021
0.000003
0.000002
0.000002
0.000000
0.000018
0.000003
0.000000
0.000000
0.000000
0.000001
0.000000
0.000000
0.000001
0.000000
0.000001
0.000000
0.000000
0.000002
0.000000
0.000000
0.000001
0.000000
0.000000
0.000000
0.000000
0.000000
0.000000
0.000000
0.000000
0.000000
0.000000
0.000000
0.000000
0.000003
0.000000
0.000000
0.000000
0.000000
0.000000
0.000000
0.000000
0.000000
0.000000
0.000000
0.000000
0.000000
0.000000
0.000000
0.000000
0.000000
0.000000
0.000000
0.000000
0.000000
0.000000
0.000000
0.000000
0.000000
0.000000
0.000000
0.000000
0.000000
0.000000
0.000000
0.000000
0.000000
0.000000
0.000000
0.000000
0.000000
0.000000
0.000000
0.000000
0.000000
0.000000
0.000000
0.000000
0.000000
0.000000
0.000000
0.000000
0.000000
0.000000
0.000000
0.000000
0.000000
0.000000
0.000000
0.000000
0.000000
0.000000
0.000000
0.000000
0.000000
0.000000
0.000000
0.000000
0.000000
0.000000
0.000000
0.000000
0.000000
0.000000
0.000000
0.000000
0.000000
0.000000
0.000000
0.000000
0.000000
0.000000
0.000000
0.000000
0.000000
0.000000
0.000000
0.000000
0.000000
0.000000
0.000000
0.000000
0.000000
0.000000
0.000000
0.000000
0.000000
0.000000
0.000000
0.000000
0.000000
