82.970300
37.438000
860.880000
147.100000
58.479000
31.868000
18.087000
11.731000
8.116400
5.352700
3.490100
2.634600
1.749900
1.307900
0.935220
0.744150
0.611650
0.331060
0.332210
0.213250
0.193010
0.158030
0.104370
0.079152
0.064870
0.041698
0.040494
0.033912
0.021908
0.018522
0.015387
0.009763
0.008138
0.011273
0.004687
0.006423
0.005249
0.002761
0.001667
0.000830
0.002520
0.001880
0.000747
0.000879
0.000576
0.000322
0.000226
0.000119
0.000122
0.000086
0.000067
0.000129
0.000032
0.000096
0.000070
0.000018
0.000048
0.000022
0.000011
0.000013
0.000006
0.000003
0.000000
0.000010
0.000008
0.000012
0.000005
0.000000
0.000000
0.000000
0.000003
0.000000
0.000010
0.000002
0.000000
0.000000
0.000000
0.000000
0.000000
0.000000
0.000000
0.000000
0.000000
0.000000
0.000000
0.000000
0.000000
0.000000
0.000000
0.000000
0.000000
0.000000
0.000000
0.000000
0.000000
0.000000
0.000000
0.000000
0.000000
0.000000
0.000000
0.000000
0.000000
0.000000
0.000000
0.000000
0.000000
0.000000
0.000000
0.000000
0.000000
0.000000
0.000000
0.000000
0.000000
0.000000
0.000000
0.000000
0.000000
0.000000
0.000000
0.000000
0.000000
0.000000
0.000000
0.000000
0.000000
0.000000
0.000000
0.000000
0.000000
0.000000
0.000000
0.000000
0.000000
0.000000
0.000000
0.000000
0.000000
0.000000
0.000000
0.000000
0.000000
0.000000
0.000000
0.000000
0.000000
0.000000
0.000000
0.000000
0.000000
0.000000
0.000000
0.000000
0.000000
0.000000
0.000000
0.000000
0.000000
0.000000
0.000000
0.000000
0.000000
0.000000
0.000000
0.000000
0.000000
0.000000
0.000000
0.000000
0.000000
0.000000
0.000000
0.000000
0.000000
0.000000
0.000000
0.000000
0.000000
0.000000
0.000000
0.000000
0.000000
0.000000
0.000000
0.000000
0.000000
0.000000
0.000000
0.000000
0.000000
0.000000
0.000000
0.000000
0.000000
0.000000
0.000000
0.000000
0.000000
0.000000
0.000000
0.000000
