55.030800
51.481500
922.920000
208.510000
86.335000
45.778000
30.512000
22.445000
13.404000
9.543300
6.820300
5.176500
3.514600
2.668000
1.841500
1.362900
1.033500
0.898940
0.643520
0.470230
0.312780
0.264170
0.222780
0.178100
0.127470
0.085784
0.064070
0.058259
0.044164
0.028068
0.021309
0.022503
0.011380
0.012103
0.008430
0.005770
0.004582
0.003887
0.002901
0.002500
0.002590
0.001044
0.000584
0.000830
0.001076
0.000919
0.000135
0.000233
0.000117
0.000184
0.000132
0.000189
0.000021
0.000177
0.000033
0.000022
0.000006
0.000011
0.000008
0.000002
0.000034
0.000022
0.000000
0.000000
0.000002
0.000002
0.000000
0.000006
0.000000
0.000002
0.000000
0.000000
0.000000
0.000000
0.000002
0.000000
0.000000
0.000000
0.000000
0.000000
0.000000
0.000000
0.000000
0.000000
0.000000
0.000000
0.000000
0.000000
0.000000
0.000000
0.000000
0.000000
0.000000
0.000000
0.000000
0.000000
0.000000
0.000000
0.000000
0.000000
0.000000
0.000000
0.000000
0.000000
0.000000
0.000000
0.000000
0.000000
0.000000
0.000000
0.000000
0.000000
0.000000
0.000000
0.000000
0.000000
0.000000
0.000000
0.000000
0.000000
0.000000
0.000000
0.000000
0.000000
0.000000
0.000000
0.000000
0.000000
0.000000
0.000000
0.000000
0.000000
0.000000
0.000000
0.000000
0.000000
0.000000
0.000000
0.000000
0.000000
0.000000
0.000000
0.000000
0.000000
0.000000
0.000000
0.000000
0.000000
0.000000
0.000000
0.000000
0.000000
0.000000
0.000000
0.000000
0.000000
0.000000
0.000000
0.000000
0.000000
0.000000
0.000000
0.000000
0.000000
0.000000
0.000000
0.000000
0.000000
0.000000
0.000000
0.000000
0.000000
0.000000
0.000000
0.000000
0.000000
0.000000
0.000000
0.000000
0.000000
0.000000
0.000000
0.000000
0.000000
0.000000
0.000000
0.000000
0.000000
0.000000
0.000000
0.000000
0.000000
0.000000
0.000000
0.000000
0.000000
0.000000
0.000000
0.000000
0.000000
0.000000
0.000000
