75.472600
47.656600
821.220000
156.800000
65.765000
35.803000
21.230000
13.488000
9.503000
5.910900
4.664200
2.972100
2.096600
1.361300
0.969790
0.739630
0.550770
0.353480
0.303580
0.275110
0.165070
0.160720
0.094466
0.101120
0.055561
0.044965
0.025960
0.026948
0.012966
0.017911
0.011888
0.007337
0.006537
0.006494
0.005070
0.002472
0.002298
0.002051
0.000608
0.000823
0.000867
0.000657
0.000204
0.000326
0.000458
0.000291
0.000124
0.000094
0.000120
0.000075
0.000065
0.000056
0.000046
0.000057
0.000004
0.000003
0.000011
0.000015
0.000009
0.000004
0.000006
0.000000
0.000004
0.000000
0.000000
0.000020
0.000000
0.000000
0.000000
0.000000
0.000000
0.000000
0.000000
0.000000
0.000000
0.000000
0.000000
0.000000
0.000000
0.000000
0.000000
0.000000
0.000000
0.000000
0.000000
0.000000
0.000000
0.000000
0.000000
0.000000
0.000000
0.000000
0.000000
0.000000
0.000000
0.000000
0.000000
0.000000
0.000000
0.000000
0.000000
0.000000
0.000000
0.000000
0.000000
0.000000
0.000000
0.000000
0.000000
0.000000
0.000000
0.000000
0.000000
0.000000
0.000000
0.000000
0.000000
0.000000
0.000000
0.000000
0.000000
0.000000
0.000000
0.000000
0.000000
0.000000
0.000000
0.000000
0.000000
0.000000
0.000000
0.000000
0.000000
0.000000
0.000000
0.000000
0.000000
0.000000
0.000000
0.000000
0.000000
0.000000
0.000000
0.000000
0.000000
0.000000
0.000000
0.000000
0.000000
0.000000
0.000000
0.000000
0.000000
0.000000
0.000000
0.000000
0.000000
0.000000
0.000000
0.000000
0.000000
0.000000
0.000000
0.000000
0.000000
0.000000
0.000000
0.000000
0.000000
0.000000
0.000000
0.000000
0.000000
0.000000
0.000000
0.000000
0.000000
0.000000
0.000000
0.000000
0.000000
0.000000
0.000000
0.000000
0.000000
0.000000
0.000000
0.000000
0.000000
0.000000
0.000000
0.000000
0.000000
0.000000
0.000000
0.000000
0.000000
0.000000
0.000000
0.000000
0.000000
0.000000
