51.820300
18.976900
940.850000
234.000000
93.712000
55.124000
35.933000
25.375000
18.227000
13.474000
9.983900
7.599400
6.210400
4.556900
3.717700
3.200200
2.415700
1.996000
1.595200
1.261200
1.070800
0.835420
0.653610
0.570570
0.449940
0.473290
0.396230
0.305930
0.246820
0.164070
0.204510
0.133270
0.114440
0.107670
0.095648
0.088117
0.067555
0.051312
0.045987
0.059673
0.020138
0.020935
0.021580
0.020341
0.018695
0.022169
0.005177
0.009665
0.009385
0.008658
0.003954
0.002599
0.004518
0.003250
0.001871
0.001316
0.002613
0.001728
0.001245
0.000650
0.000957
0.000575
0.000398
0.000250
0.000935
0.000318
0.000183
0.000351
0.000276
0.000150
0.000086
0.000034
0.000257
0.000053
0.000117
0.000448
0.000012
0.000044
0.000075
0.000021
0.000023
0.000091
0.000063
0.000033
0.000028
0.000018
0.000002
0.000001
0.000011
0.000018
0.000001
0.000002
0.000000
0.000024
0.000000
0.000000
0.000000
0.000000
0.000008
0.000000
0.000000
0.000000
0.000000
0.000000
0.000000
0.000000
0.000000
0.000000
0.000000
0.000000
0.000001
0.000000
0.000000
0.000000
0.000000
0.000000
0.000000
0.000000
0.000000
0.000000
0.000000
0.000000
0.000000
0.000000
0.000000
0.000000
0.000000
0.000000
0.000000
0.000000
0.000000
0.000000
0.000000
0.000000
0.000000
0.000000
0.000000
0.000000
0.000000
0.000000
0.000000
0.000000
0.000000
0.000000
0.000000
0.000000
0.000000
0.000000
0.000000
0.000000
0.000000
0.000000
0.000000
0.000000
0.000000
0.000000
0.000000
0.000000
0.000000
0.000000
0.000000
0.000000
0.000000
0.000000
0.000000
0.000000
0.000000
0.000000
0.000000
0.000000
0.000000
0.000000
0.000000
0.000000
0.000000
0.000000
0.000000
0.000000
0.000000
0.000000
0.000000
0.000000
0.000000
0.000000
0.000000
0.000000
0.000000
0.000000
0.000000
0.000000
0.000000
0.000000
0.000000
0.000000
0.000000
0.000000
0.000000
0.000000
0.000000
0.000000
0.000000
0.000000
