46.337100
58.157300
1004.300000
206.910000
96.852000
55.613000
38.674000
24.111000
16.437000
11.350000
7.996700
6.373800
4.397100
3.398600
2.240600
1.811700
1.340000
1.011900
0.929520
0.703660
0.411710
0.346150
0.271170
0.166920
0.163750
0.131840
0.099196
0.074310
0.067579
0.030858
0.029410
0.013374
0.026864
0.010104
0.009322
0.006593
0.011265
0.008068
0.003037
0.003270
0.001631
0.001342
0.000907
0.002734
0.000138
0.000121
0.000587
0.000361
0.000599
0.000081
0.000053
0.000215
0.000025
0.000108
0.000049
0.000107
0.000018
0.000010
0.000006
0.000000
0.000000
0.000008
0.000002
0.000011
0.000000
0.000012
0.000000
0.000000
0.000006
0.000000
0.000000
0.000000
0.000000
0.000000
0.000000
0.000000
0.000000
0.000000
0.000000
0.000000
0.000000
0.000000
0.000000
0.000000
0.000000
0.000000
0.000000
0.000000
0.000000
0.000000
0.000000
0.000000
0.000000
0.000000
0.000000
0.000000
0.000000
0.000000
0.000000
0.000000
0.000000
0.000000
0.000000
0.000000
0.000000
0.000000
0.000000
0.000000
0.000000
0.000000
0.000000
0.000000
0.000000
0.000000
0.000000
0.000000
0.000000
0.000000
0.000000
0.000000
0.000000
0.000000
0.000000
0.000000
0.000000
0.000000
0.000000
0.000000
0.000000
0.000000
0.000000
0.000000
0.000000
0.000000
0.000000
0.000000
0.000000
0.000000
0.000000
0.000000
0.000000
0.000000
0.000000
0.000000
0.000000
0.000000
0.000000
0.000000
0.000000
0.000000
0.000000
0.000000
0.000000
0.000000
0.000000
0.000000
0.000000
0.000000
0.000000
0.000000
0.000000
0.000000
0.000000
0.000000
0.000000
0.000000
0.000000
0.000000
0.000000
0.000000
0.000000
0.000000
0.000000
0.000000
0.000000
0.000000
0.000000
0.000000
0.000000
0.000000
0.000000
0.000000
0.000000
0.000000
0.000000
0.000000
0.000000
0.000000
0.000000
0.000000
0.000000
0.000000
0.000000
0.000000
0.000000
0.000000
0.000000
0.000000
0.000000
0.000000
0.000000
0.000000
