79.161700
21.078700
830.660000
160.420000
66.955000
36.713000
21.188000
14.039000
9.801100
6.388900
5.032700
3.353900
2.546800
1.899100
1.413000
1.230200
1.050300
0.800020
0.592230
0.478260
0.476590
0.255130
0.287510
0.229740
0.204910
0.148390
0.126110
0.127780
0.100760
0.103590
0.062958
0.047637
0.040493
0.029346
0.027628
0.024575
0.015300
0.019601
0.015396
0.011574
0.008779
0.005432
0.009660
0.008621
0.004104
0.004320
0.003426
0.003515
0.001130
0.002058
0.001652
0.000504
0.000779
0.000296
0.000730
0.000122
0.000310
0.000388
0.000216
0.000775
0.000134
0.000073
0.000248
0.000010
0.000338
0.000037
0.000029
0.000048
0.000003
0.000013
0.000001
0.000012
0.000034
0.000006
0.000003
0.000110
0.000000
0.000006
0.000003
0.000044
0.000011
0.000000
0.000000
0.000000
0.000001
0.000000
0.000000
0.000000
0.000000
0.000000
0.000000
0.000012
0.000000
0.000000
0.000000
0.000000
0.000000
0.000000
0.000000
0.000003
0.000000
0.000000
0.000000
0.000000
0.000000
0.000002
0.000000
0.000000
0.000000
0.000000
0.000000
0.000000
0.000000
0.000000
0.000000
0.000000
0.000000
0.000000
0.000000
0.000000
0.000000
0.000000
0.000000
0.000000
0.000000
0.000000
0.000000
0.000000
0.000000
0.000000
0.000000
0.000000
0.000000
0.000000
0.000000
0.000000
0.000000
0.000000
0.000000
0.000000
0.000000
0.000000
0.000000
0.000000
0.000000
0.000000
0.000000
0.000000
0.000000
0.000000
0.000000
0.000000
0.000000
0.000000
0.000000
0.000000
0.000000
0.000000
0.000000
0.000000
0.000000
0.000000
0.000000
0.000000
0.000000
0.000000
0.000000
0.000000
0.000000
0.000000
0.000000
0.000000
0.000000
0.000000
0.000000
0.000000
0.000000
0.000000
0.000000
0.000000
0.000000
0.000000
0.000000
0.000000
0.000000
0.000000
0.000000
0.000000
0.000000
0.000000
0.000000
0.000000
0.000000
0.000000
0.000000
0.000000
0.000000
0.000000
0.000000
0.000000
0.000000
0.000000
