51.178800
35.324100
990.910000
217.340000
99.357000
55.445000
35.953000
24.540000
17.040000
11.210000
8.811000
6.573200
4.956300
4.067300
2.753400
2.191400
1.541400
1.310700
0.969450
0.810310
0.552530
0.371660
0.406110
0.339420
0.215360
0.166650
0.165380
0.109800
0.106980
0.070222
0.067517
0.049636
0.032867
0.028991
0.029049
0.021517
0.015186
0.012868
0.008318
0.011218
0.004972
0.002511
0.009777
0.004018
0.002914
0.002274
0.000931
0.001185
0.002243
0.001079
0.001658
0.000212
0.000353
0.000541
0.000336
0.000173
0.000165
0.000168
0.000064
0.000152
0.000159
0.000016
0.000022
0.000175
0.000009
0.000049
0.000055
0.000054
0.000007
0.000008
0.000005
0.000010
0.000000
0.000004
0.000000
0.000012
0.000004
0.000000
0.000012
0.000000
0.000000
0.000000
0.000000
0.000000
0.000000
0.000000
0.000000
0.000001
0.000000
0.000000
0.000000
0.000000
0.000000
0.000000
0.000000
0.000000
0.000000
0.000000
0.000000
0.000000
0.000000
0.000000
0.000000
0.000000
0.000000
0.000000
0.000000
0.000000
0.000000
0.000000
0.000000
0.000000
0.000000
0.000000
0.000000
0.000000
0.000000
0.000000
0.000000
0.000000
0.000000
0.000000
0.000000
0.000000
0.000000
0.000000
0.000000
0.000000
0.000000
0.000000
0.000000
0.000000
0.000000
0.000000
0.000000
0.000000
0.000000
0.000000
0.000000
0.000000
0.000000
0.000000
0.000000
0.000000
0.000000
0.000000
0.000000
0.000000
0.000000
0.000000
0.000000
0.000000
0.000000
0.000000
0.000000
0.000000
0.000000
0.000000
0.000000
0.000000
0.000000
0.000000
0.000000
0.000000
0.000000
0.000000
0.000000
0.000000
0.000000
0.000000
0.000000
0.000000
0.000000
0.000000
0.000000
0.000000
0.000000
0.000000
0.000000
0.000000
0.000000
0.000000
0.000000
0.000000
0.000000
0.000000
0.000000
0.000000
0.000000
0.000000
0.000000
0.000000
0.000000
0.000000
0.000000
0.000000
0.000000
0.000000
0.000000
0.000000
0.000000
0.000000
