87.619200
30.930500
824.160000
149.550000
62.540000
30.070000
17.979000
10.925000
7.174900
4.780900
3.543400
2.322300
1.853200
1.214300
0.847870
0.705920
0.519350
0.407060
0.344620
0.286690
0.208220
0.159670
0.094202
0.096572
0.076812
0.079865
0.060834
0.040126
0.041899
0.027876
0.016288
0.015189
0.009198
0.006159
0.008354
0.007546
0.005417
0.006191
0.003453
0.001316
0.000524
0.001475
0.001713
0.001319
0.000358
0.000646
0.002643
0.000283
0.000237
0.000474
0.000092
0.000265
0.000199
0.000186
0.000030
0.000038
0.000148
0.000218
0.000036
0.000028
0.000083
0.000020
0.000029
0.000007
0.000006
0.000007
0.000021
0.000008
0.000000
0.000000
0.000004
0.000000
0.000009
0.000000
0.000000
0.000023
0.000012
0.000000
0.000001
0.000000
0.000000
0.000000
0.000000
0.000000
0.000000
0.000000
0.000004
0.000000
0.000000
0.000000
0.000000
0.000000
0.000000
0.000000
0.000000
0.000000
0.000000
0.000000
0.000000
0.000000
0.000000
0.000000
0.000000
0.000000
0.000000
0.000000
0.000000
0.000000
0.000000
0.000000
0.000000
0.000000
0.000000
0.000000
0.000000
0.000000
0.000000
0.000000
0.000000
0.000000
0.000000
0.000000
0.000000
0.000000
0.000000
0.000000
0.000000
0.000000
0.000000
0.000000
0.000000
0.000000
0.000000
0.000000
0.000000
0.000000
0.000000
0.000000
0.000000
0.000000
0.000000
0.000000
0.000000
0.000000
0.000000
0.000000
0.000000
0.000000
0.000000
0.000000
0.000000
0.000000
0.000000
0.000000
0.000000
0.000000
0.000000
0.000000
0.000000
0.000000
0.000000
0.000000
0.000000
0.000000
0.000000
0.000000
0.000000
0.000000
0.000000
0.000000
0.000000
0.000000
0.000000
0.000000
0.000000
0.000000
0.000000
0.000000
0.000000
0.000000
0.000000
0.000000
0.000000
0.000000
0.000000
0.000000
0.000000
0.000000
0.000000
0.000000
0.000000
0.000000
0.000000
0.000000
0.000000
0.000000
0.000000
0.000000
0.000000
0.000000
0.000000
0.000000
