65.253500
17.263900
912.660000
187.840000
83.231000
45.484000
26.777000
19.088000
13.787000
10.571000
7.124000
5.623100
4.574200
3.513300
2.348600
2.112800
1.558000
1.440200
1.045700
0.980570
0.886650
0.625150
0.512240
0.457080
0.398800
0.269270
0.291880
0.181150
0.209460
0.141910
0.149400
0.111690
0.127130
0.069377
0.050647
0.050338
0.053150
0.038523
0.035386
0.035110
0.029332
0.019723
0.011241
0.015501
0.014949
0.009138
0.006999
0.010508
0.004896
0.006855
0.005296
0.002867
0.002691
0.002016
0.001502
0.001941
0.003291
0.000971
0.000636
0.001412
0.000194
0.000813
0.001041
0.000362
0.000587
0.000509
0.000604
0.000035
0.000148
0.000076
0.000072
0.000392
0.000192
0.000151
0.000046
0.000000
0.000008
0.000033
0.000019
0.000015
0.000012
0.000005
0.000000
0.000005
0.000156
0.000074
0.000024
0.000000
0.000000
0.000002
0.000000
0.000000
0.000026
0.000000
0.000000
0.000000
0.000000
0.000002
0.000000
0.000000
0.000000
0.000001
0.000000
0.000000
0.000000
0.000000
0.000000
0.000000
0.000000
0.000000
0.000000
0.000000
0.000000
0.000000
0.000000
0.000000
0.000000
0.000000
0.000000
0.000000
0.000000
0.000000
0.000000
0.000000
0.000000
0.000000
0.000000
0.000000
0.000000
0.000000
0.000000
0.000000
0.000000
0.000000
0.000000
0.000000
0.000000
0.000000
0.000000
0.000000
0.000000
0.000000
0.000000
0.000000
0.000000
0.000000
0.000000
0.000000
0.000000
0.000000
0.000000
0.000000
0.000000
0.000000
0.000000
0.000000
0.000000
0.000000
0.000000
0.000000
0.000000
0.000000
0.000000
0.000000
0.000000
0.000000
0.000000
0.000000
0.000000
0.000000
0.000000
0.000000
0.000000
0.000000
0.000000
0.000000
0.000000
0.000000
0.000000
0.000000
0.000000
0.000000
0.000000
0.000000
0.000000
0.000000
0.000000
0.000000
0.000000
0.000000
0.000000
0.000000
0.000000
0.000000
0.000000
0.000000
0.000000
0.000000
0.000000
0.000000
0.000000
0.000000
