44.160700
54.697100
951.460000
220.700000
101.140000
59.452000
37.874000
27.050000
18.669000
12.750000
9.077700
6.625900
5.417600
3.967300
2.650000
2.354900
1.650200
1.202500
0.979530
0.775750
0.594060
0.420910
0.287770
0.257870
0.161700
0.111480
0.114480
0.084824
0.061549
0.041825
0.034934
0.036061
0.027696
0.014419
0.022362
0.014928
0.011958
0.006331
0.006075
0.003838
0.004250
0.002161
0.001812
0.000753
0.000995
0.000803
0.000345
0.000283
0.000193
0.000125
0.000774
0.000098
0.000058
0.000222
0.000091
0.000020
0.000033
0.000024
0.000054
0.000055
0.000000
0.000004
0.000030
0.000005
0.000000
0.000000
0.000002
0.000027
0.000001
0.000000
0.000000
0.000000
0.000000
0.000000
0.000000
0.000000
0.000000
0.000000
0.000000
0.000000
0.000000
0.000000
0.000000
0.000000
0.000000
0.000000
0.000000
0.000000
0.000000
0.000000
0.000000
0.000000
0.000000
0.000000
0.000000
0.000000
0.000000
0.000000
0.000000
0.000000
0.000000
0.000000
0.000000
0.000000
0.000000
0.000000
0.000000
0.000000
0.000000
0.000000
0.000000
0.000000
0.000000
0.000000
0.000000
0.000000
0.000000
0.000000
0.000000
0.000000
0.000000
0.000000
0.000000
0.000000
0.000000
0.000000
0.000000
0.000000
0.000000
0.000000
0.000000
0.000000
0.000000
0.000000
0.000000
0.000000
0.000000
0.000000
0.000000
0.000000
0.000000
0.000000
0.000000
0.000000
0.000000
0.000000
0.000000
0.000000
0.000000
0.000000
0.000000
0.000000
0.000000
0.000000
0.000000
0.000000
0.000000
0.000000
0.000000
0.000000
0.000000
0.000000
0.000000
0.000000
0.000000
0.000000
0.000000
0.000000
0.000000
0.000000
0.000000
0.000000
0.000000
0.000000
0.000000
0.000000
0.000000
0.000000
0.000000
0.000000
0.000000
0.000000
0.000000
0.000000
0.000000
0.000000
0.000000
0.000000
0.000000
0.000000
0.000000
0.000000
0.000000
0.000000
0.000000
0.000000
0.000000
0.000000
0.000000
0.000000
0.000000
0.000000
