68.019300
41.094800
885.920000
178.740000
71.154000
39.788000
24.564000
16.661000
10.842000
7.912000
4.864300
3.699500
2.443800
2.180900
1.426700
1.038700
0.837370
0.633560
0.490340
0.363180
0.258760
0.228680
0.176900
0.134510
0.099638
0.095488
0.061366
0.038532
0.044020
0.031372
0.019158
0.014841
0.012563
0.009121
0.007059
0.008849
0.004679
0.004399
0.005669
0.003879
0.001830
0.001256
0.001276
0.000901
0.000909
0.000952
0.000375
0.000421
0.000126
0.000256
0.000404
0.000097
0.000123
0.000047
0.000069
0.000022
0.000004
0.000043
0.000007
0.000256
0.000047
0.000000
0.000015
0.000024
0.000000
0.000000
0.000000
0.000000
0.000002
0.000003
0.000000
0.000000
0.000000
0.000000
0.000000
0.000007
0.000000
0.000000
0.000000
0.000000
0.000000
0.000000
0.000000
0.000000
0.000000
0.000000
0.000000
0.000000
0.000000
0.000000
0.000000
0.000000
0.000000
0.000000
0.000000
0.000000
0.000000
0.000000
0.000000
0.000000
0.000000
0.000000
0.000000
0.000000
0.000000
0.000000
0.000000
0.000000
0.000000
0.000000
0.000000
0.000000
0.000000
0.000000
0.000000
0.000000
0.000000
0.000000
0.000000
0.000000
0.000000
0.000000
0.000000
0.000000
0.000000
0.000000
0.000000
0.000000
0.000000
0.000000
0.000000
0.000000
0.000000
0.000000
0.000000
0.000000
0.000000
0.000000
0.000000
0.000000
0.000000
0.000000
0.000000
0.000000
0.000000
0.000000
0.000000
0.000000
0.000000
0.000000
0.000000
0.000000
0.000000
0.000000
0.000000
0.000000
0.000000
0.000000
0.000000
0.000000
0.000000
0.000000
0.000000
0.000000
0.000000
0.000000
0.000000
0.000000
0.000000
0.000000
0.000000
0.000000
0.000000
0.000000
0.000000
0.000000
0.000000
0.000000
0.000000
0.000000
0.000000
0.000000
0.000000
0.000000
0.000000
0.000000
0.000000
0.000000
0.000000
0.000000
0.000000
0.000000
0.000000
0.000000
0.000000
0.000000
0.000000
0.000000
0.000000
0.000000
0.000000
0.000000
