68.019300
41.094800
862.710000
172.190000
76.055000
41.599000
24.145000
15.285000
10.830000
7.476400
4.600300
4.004100
2.481100
1.839700
1.412900
1.131600
0.721630
0.683340
0.434890
0.370130
0.329750
0.224590
0.160360
0.128390
0.088989
0.072214
0.050267
0.050416
0.033169
0.024873
0.027122
0.016512
0.010599
0.011161
0.006142
0.006484
0.003895
0.003921
0.001983
0.001293
0.001175
0.001854
0.000865
0.000849
0.001365
0.001541
0.000298
0.000518
0.000364
0.000152
0.000158
0.000212
0.000125
0.000064
0.000028
0.000007
0.000205
0.000006
0.000000
0.000014
0.000005
0.000008
0.000036
0.000020
0.000020
0.000010
0.000002
0.000013
0.000010
0.000000
0.000000
0.000000
0.000000
0.000000
0.000000
0.000002
0.000002
0.000000
0.000000
0.000000
0.000000
0.000000
0.000000
0.000000
0.000000
0.000000
0.000000
0.000000
0.000000
0.000000
0.000000
0.000000
0.000000
0.000000
0.000000
0.000000
0.000000
0.000000
0.000000
0.000000
0.000000
0.000000
0.000000
0.000000
0.000000
0.000000
0.000000
0.000000
0.000000
0.000000
0.000000
0.000000
0.000000
0.000000
0.000000
0.000000
0.000000
0.000000
0.000000
0.000000
0.000000
0.000000
0.000000
0.000000
0.000000
0.000000
0.000000
0.000000
0.000000
0.000000
0.000000
0.000000
0.000000
0.000000
0.000000
0.000000
0.000000
0.000000
0.000000
0.000000
0.000000
0.000000
0.000000
0.000000
0.000000
0.000000
0.000000
0.000000
0.000000
0.000000
0.000000
0.000000
0.000000
0.000000
0.000000
0.000000
0.000000
0.000000
0.000000
0.000000
0.000000
0.000000
0.000000
0.000000
0.000000
0.000000
0.000000
0.000000
0.000000
0.000000
0.000000
0.000000
0.000000
0.000000
0.000000
0.000000
0.000000
0.000000
0.000000
0.000000
0.000000
0.000000
0.000000
0.000000
0.000000
0.000000
0.000000
0.000000
0.000000
0.000000
0.000000
0.000000
0.000000
0.000000
0.000000
0.000000
0.000000
0.000000
0.000000
0.000000
0.000000
0.000000
