61.772300
21.740600
910.580000
183.400000
87.452000
44.458000
28.652000
21.324000
14.577000
11.186000
6.629500
5.976000
4.592800
3.127300
2.585500
2.294800
1.646600
1.496100
1.049100
0.881640
0.693730
0.560830
0.513400
0.353830
0.270590
0.308610
0.223700
0.181660
0.155610
0.147660
0.086559
0.080618
0.073004
0.043838
0.051385
0.048498
0.025429
0.028911
0.025299
0.021781
0.022453
0.016628
0.009346
0.009879
0.009803
0.005295
0.005237
0.003847
0.003236
0.004868
0.001585
0.002545
0.001735
0.000636
0.000688
0.002032
0.001014
0.000299
0.000626
0.000630
0.000141
0.000325
0.000083
0.000197
0.000097
0.000079
0.000053
0.000464
0.000012
0.000013
0.000036
0.000007
0.000022
0.000002
0.000095
0.000016
0.000046
0.000014
0.000014
0.000001
0.000002
0.000012
0.000000
0.000005
0.000000
0.000000
0.000000
0.000007
0.000000
0.000000
0.000000
0.000000
0.000000
0.000000
0.000000
0.000000
0.000000
0.000000
0.000000
0.000000
0.000000
0.000000
0.000000
0.000000
0.000000
0.000000
0.000000
0.000000
0.000000
0.000000
0.000000
0.000000
0.000000
0.000000
0.000000
0.000000
0.000000
0.000000
0.000000
0.000000
0.000000
0.000000
0.000000
0.000000
0.000000
0.000000
0.000000
0.000000
0.000000
0.000000
0.000000
0.000000
0.000000
0.000000
0.000000
0.000000
0.000000
0.000000
0.000000
0.000000
0.000000
0.000000
0.000000
0.000000
0.000000
0.000000
0.000000
0.000000
0.000000
0.000000
0.000000
0.000000
0.000000
0.000000
0.000000
0.000000
0.000000
0.000000
0.000000
0.000000
0.000000
0.000000
0.000000
0.000000
0.000000
0.000000
0.000000
0.000000
0.000000
0.000000
0.000000
0.000000
0.000000
0.000000
0.000000
0.000000
0.000000
0.000000
0.000000
0.000000
0.000000
0.000000
0.000000
0.000000
0.000000
0.000000
0.000000
0.000000
0.000000
0.000000
0.000000
0.000000
0.000000
0.000000
0.000000
0.000000
0.000000
0.000000
0.000000
0.000000
0.000000
0.000000
