81.834100
33.273700
814.230000
153.740000
61.494000
32.669000
19.936000
12.247000
8.027100
5.965800
3.862100
2.590000
1.888800
1.444500
1.084600
0.826310
0.596880
0.472080
0.330640
0.300850
0.200960
0.183420
0.134210
0.119470
0.058561
0.055252
0.051140
0.057452
0.031946
0.032106
0.017014
0.019040
0.014928
0.010053
0.010645
0.005326
0.005930
0.004350
0.002683
0.001741
0.001195
0.002317
0.001217
0.000663
0.001578
0.000842
0.001098
0.001509
0.000307
0.000075
0.000891
0.000295
0.000177
0.000113
0.000254
0.000038
0.000066
0.000028
0.000134
0.000003
0.000012
0.000008
0.000021
0.000005
0.000006
0.000049
0.000000
0.000004
0.000025
0.000009
0.000001
0.000000
0.000000
0.000000
0.000000
0.000000
0.000000
0.000000
0.000000
0.000000
0.000003
0.000000
0.000000
0.000000
0.000000
0.000000
0.000000
0.000000
0.000000
0.000000
0.000000
0.000000
0.000000
0.000000
0.000000
0.000000
0.000000
0.000000
0.000000
0.000000
0.000000
0.000000
0.000000
0.000000
0.000000
0.000000
0.000000
0.000000
0.000000
0.000000
0.000000
0.000000
0.000000
0.000000
0.000000
0.000000
0.000000
0.000000
0.000000
0.000000
0.000000
0.000000
0.000000
0.000000
0.000000
0.000000
0.000000
0.000000
0.000000
0.000000
0.000000
0.000000
0.000000
0.000000
0.000000
0.000000
0.000000
0.000000
0.000000
0.000000
0.000000
0.000000
0.000000
0.000000
0.000000
0.000000
0.000000
0.000000
0.000000
0.000000
0.000000
0.000000
0.000000
0.000000
0.000000
0.000000
0.000000
0.000000
0.000000
0.000000
0.000000
0.000000
0.000000
0.000000
0.000000
0.000000
0.000000
0.000000
0.000000
0.000000
0.000000
0.000000
0.000000
0.000000
0.000000
0.000000
0.000000
0.000000
0.000000
0.000000
0.000000
0.000000
0.000000
0.000000
0.000000
0.000000
0.000000
0.000000
0.000000
0.000000
0.000000
0.000000
0.000000
0.000000
0.000000
0.000000
0.000000
0.000000
0.000000
0.000000
0.000000
0.000000
