86.520400
33.877500
801.070000
154.540000
60.606000
30.208000
18.131000
10.788000
7.102100
4.806500
3.077300
2.381000
1.602900
1.364900
0.996220
0.610530
0.617700
0.457700
0.357480
0.247760
0.200820
0.153080
0.094679
0.088688
0.058491
0.055293
0.039656
0.044954
0.019081
0.017251
0.012476
0.019171
0.012577
0.007064
0.008010
0.004769
0.004149
0.001647
0.002810
0.001244
0.002871
0.001839
0.001025
0.000938
0.000778
0.000708
0.000461
0.000115
0.000411
0.000071
0.000332
0.000172
0.000179
0.000022
0.000038
0.000177
0.000072
0.000059
0.000029
0.000075
0.000006
0.000025
0.000029
0.000547
0.000020
0.000010
0.000012
0.000001
0.000007
0.000001
0.000000
0.000022
0.000000
0.000000
0.000003
0.000000
0.000001
0.000000
0.000000
0.000000
0.000000
0.000000
0.000000
0.000000
0.000000
0.000000
0.000000
0.000000
0.000000
0.000000
0.000000
0.000000
0.000000
0.000000
0.000000
0.000000
0.000000
0.000000
0.000000
0.000000
0.000000
0.000000
0.000000
0.000000
0.000000
0.000000
0.000000
0.000000
0.000000
0.000000
0.000000
0.000000
0.000000
0.000000
0.000000
0.000000
0.000000
0.000000
0.000000
0.000000
0.000000
0.000000
0.000000
0.000000
0.000000
0.000000
0.000000
0.000000
0.000000
0.000000
0.000000
0.000000
0.000000
0.000000
0.000000
0.000000
0.000000
0.000000
0.000000
0.000000
0.000000
0.000000
0.000000
0.000000
0.000000
0.000000
0.000000
0.000000
0.000000
0.000000
0.000000
0.000000
0.000000
0.000000
0.000000
0.000000
0.000000
0.000000
0.000000
0.000000
0.000000
0.000000
0.000000
0.000000
0.000000
0.000000
0.000000
0.000000
0.000000
0.000000
0.000000
0.000000
0.000000
0.000000
0.000000
0.000000
0.000000
0.000000
0.000000
0.000000
0.000000
0.000000
0.000000
0.000000
0.000000
0.000000
0.000000
0.000000
0.000000
0.000000
0.000000
0.000000
0.000000
0.000000
0.000000
0.000000
0.000000
0.000000
0.000000
0.000000
0.000000
0.000000
