55.442200
32.989500
931.690000
207.360000
85.099000
47.655000
32.483000
20.764000
14.990000
10.690000
7.405900
5.817100
4.230900
3.621500
2.644800
1.928600
1.459100
1.095900
0.935300
0.744580
0.497340
0.468260
0.343080
0.331620
0.239070
0.170900
0.146290
0.116870
0.078112
0.080303
0.049817
0.060293
0.042391
0.034729
0.022766
0.016056
0.021782
0.017882
0.011326
0.010453
0.006094
0.006442
0.004265
0.004032
0.003431
0.003070
0.002591
0.001414
0.001365
0.001023
0.000975
0.000589
0.000653
0.000281
0.000241
0.000205
0.000239
0.000052
0.000219
0.000133
0.000135
0.000050
0.000145
0.000010
0.000033
0.000089
0.000005
0.000000
0.000005
0.000003
0.000021
0.000000
0.000008
0.000008
0.000000
0.000008
0.000006
0.000010
0.000001
0.000000
0.000000
0.000000
0.000000
0.000000
0.000000
0.000000
0.000000
0.000001
0.000000
0.000000
0.000000
0.000000
0.000000
0.000000
0.000003
0.000000
0.000000
0.000000
0.000000
0.000000
0.000000
0.000000
0.000000
0.000000
0.000000
0.000000
0.000000
0.000000
0.000000
0.000000
0.000000
0.000000
0.000000
0.000000
0.000000
0.000000
0.000000
0.000000
0.000000
0.000000
0.000000
0.000000
0.000000
0.000000
0.000000
0.000000
0.000000
0.000000
0.000000
0.000000
0.000000
0.000000
0.000000
0.000000
0.000000
0.000000
0.000000
0.000000
0.000000
0.000000
0.000000
0.000000
0.000000
0.000000
0.000000
0.000000
0.000000
0.000000
0.000000
0.000000
0.000000
0.000000
0.000000
0.000000
0.000000
0.000000
0.000000
0.000000
0.000000
0.000000
0.000000
0.000000
0.000000
0.000000
0.000000
0.000000
0.000000
0.000000
0.000000
0.000000
0.000000
0.000000
0.000000
0.000000
0.000000
0.000000
0.000000
0.000000
0.000000
0.000000
0.000000
0.000000
0.000000
0.000000
0.000000
0.000000
0.000000
0.000000
0.000000
0.000000
0.000000
0.000000
0.000000
0.000000
0.000000
0.000000
0.000000
0.000000
0.000000
0.000000
0.000000
0.000000
