63.535000
38.517800
874.150000
191.550000
79.181000
43.512000
27.258000
16.889000
12.113000
8.352000
5.664300
4.626000
3.149000
2.409300
1.900100
1.331500
0.976300
0.849220
0.558910
0.470780
0.322030
0.290160
0.204230
0.168710
0.130080
0.117260
0.062830
0.046944
0.032389
0.038914
0.035269
0.026362
0.024353
0.019066
0.011397
0.006785
0.012564
0.007429
0.004132
0.003737
0.002573
0.002216
0.002052
0.001456
0.001209
0.001030
0.001079
0.000595
0.000389
0.000319
0.000334
0.000549
0.000147
0.000046
0.000147
0.000070
0.000040
0.000095
0.000017
0.000016
0.000115
0.000003
0.000045
0.000000
0.000007
0.000001
0.000017
0.000000
0.000032
0.000000
0.000000
0.000000
0.000000
0.000000
0.000000
0.000000
0.000000
0.000000
0.000000
0.000000
0.000000
0.000000
0.000003
0.000000
0.000000
0.000000
0.000002
0.000000
0.000000
0.000000
0.000000
0.000000
0.000000
0.000000
0.000000
0.000000
0.000002
0.000000
0.000000
0.000000
0.000000
0.000000
0.000000
0.000000
0.000000
0.000000
0.000000
0.000000
0.000000
0.000000
0.000000
0.000000
0.000000
0.000000
0.000000
0.000000
0.000000
0.000000
0.000000
0.000000
0.000000
0.000000
0.000000
0.000000
0.000000
0.000000
0.000000
0.000000
0.000000
0.000000
0.000000
0.000000
0.000000
0.000000
0.000000
0.000000
0.000000
0.000000
0.000000
0.000000
0.000000
0.000000
0.000000
0.000000
0.000000
0.000000
0.000000
0.000000
0.000000
0.000000
0.000000
0.000000
0.000000
0.000000
0.000000
0.000000
0.000000
0.000000
0.000000
0.000000
0.000000
0.000000
0.000000
0.000000
0.000000
0.000000
0.000000
0.000000
0.000000
0.000000
0.000000
0.000000
0.000000
0.000000
0.000000
0.000000
0.000000
0.000000
0.000000
0.000000
0.000000
0.000000
0.000000
0.000000
0.000000
0.000000
0.000000
0.000000
0.000000
0.000000
0.000000
0.000000
0.000000
0.000000
0.000000
0.000000
0.000000
0.000000
0.000000
0.000000
0.000000
0.000000
