58.331900
19.149800
950.050000
213.890000
89.094000
51.188000
30.491000
22.251000
15.503000
10.672000
9.325500
6.505800
5.094500
3.769000
2.772900
2.313700
2.027600
1.416100
1.524300
1.150900
0.865920
0.779320
0.685520
0.463480
0.491040
0.273910
0.293120
0.239060
0.187030
0.152470
0.170370
0.100430
0.106450
0.089921
0.066987
0.058798
0.038796
0.034695
0.025376
0.029469
0.023031
0.022772
0.012173
0.016400
0.008705
0.006685
0.007394
0.005695
0.003787
0.005793
0.002782
0.005239
0.001261
0.001012
0.002528
0.002600
0.001800
0.001192
0.002139
0.001604
0.000407
0.000354
0.000241
0.000746
0.000375
0.000163
0.000361
0.000397
0.000864
0.000011
0.000012
0.000304
0.000189
0.000428
0.000039
0.000034
0.000031
0.000001
0.000010
0.000009
0.000000
0.000012
0.000000
0.000000
0.000002
0.000023
0.000001
0.000000
0.000000
0.000000
0.000004
0.000000
0.000000
0.000000
0.000000
0.000000
0.000000
0.000000
0.000000
0.000000
0.000000
0.000001
0.000000
0.000000
0.000000
0.000000
0.000000
0.000000
0.000000
0.000000
0.000000
0.000000
0.000000
0.000000
0.000000
0.000000
0.000000
0.000000
0.000000
0.000000
0.000000
0.000000
0.000000
0.000000
0.000000
0.000000
0.000000
0.000000
0.000000
0.000000
0.000000
0.000000
0.000000
0.000000
0.000000
0.000000
0.000000
0.000000
0.000000
0.000000
0.000000
0.000000
0.000000
0.000000
0.000000
0.000000
0.000000
0.000000
0.000000
0.000000
0.000000
0.000000
0.000000
0.000000
0.000000
0.000000
0.000000
0.000000
0.000000
0.000000
0.000000
0.000000
0.000000
0.000000
0.000000
0.000000
0.000000
0.000000
0.000000
0.000000
0.000000
0.000000
0.000000
0.000000
0.000000
0.000000
0.000000
0.000000
0.000000
0.000000
0.000000
0.000000
0.000000
0.000000
0.000000
0.000000
0.000000
0.000000
0.000000
0.000000
0.000000
0.000000
0.000000
0.000000
0.000000
0.000000
0.000000
0.000000
0.000000
0.000000
0.000000
0.000000
