42.237400
44.414100
966.450000
222.960000
106.270000
63.922000
41.276000
28.352000
19.322000
14.447000
9.944900
7.889200
5.530400
4.217200
3.213600
2.142600
1.907700
1.641800
1.178100
1.033200
0.714790
0.516690
0.468460
0.311270
0.264140
0.188400
0.144320
0.125460
0.071672
0.096303
0.053330
0.051768
0.035916
0.019052
0.032547
0.018483
0.010284
0.012378
0.010891
0.008474
0.008208
0.006659
0.001818
0.003417
0.002230
0.003075
0.000738
0.000942
0.000974
0.000247
0.000330
0.000272
0.000083
0.000113
0.000093
0.000317
0.000101
0.000196
0.000068
0.000005
0.000047
0.000002
0.000024
0.000026
0.000032
0.000011
0.000000
0.000003
0.000017
0.000008
0.000006
0.000000
0.000000
0.000000
0.000000
0.000000
0.000000
0.000000
0.000002
0.000000
0.000011
0.000000
0.000000
0.000000
0.000000
0.000000
0.000000
0.000000
0.000000
0.000000
0.000000
0.000000
0.000000
0.000000
0.000000
0.000000
0.000000
0.000000
0.000000
0.000000
0.000000
0.000000
0.000000
0.000000
0.000000
0.000000
0.000000
0.000000
0.000000
0.000000
0.000000
0.000000
0.000000
0.000000
0.000000
0.000000
0.000000
0.000000
0.000000
0.000000
0.000000
0.000000
0.000000
0.000000
0.000000
0.000000
0.000000
0.000000
0.000000
0.000000
0.000000
0.000000
0.000000
0.000000
0.000000
0.000000
0.000000
0.000000
0.000000
0.000000
0.000000
0.000000
0.000000
0.000000
0.000000
0.000000
0.000000
0.000000
0.000000
0.000000
0.000000
0.000000
0.000000
0.000000
0.000000
0.000000
0.000000
0.000000
0.000000
0.000000
0.000000
0.000000
0.000000
0.000000
0.000000
0.000000
0.000000
0.000000
0.000000
0.000000
0.000000
0.000000
0.000000
0.000000
0.000000
0.000000
0.000000
0.000000
0.000000
0.000000
0.000000
0.000000
0.000000
0.000000
0.000000
0.000000
0.000000
0.000000
0.000000
0.000000
0.000000
0.000000
0.000000
0.000000
0.000000
0.000000
0.000000
0.000000
0.000000
0.000000
0.000000
0.000000
