79.149400
48.310200
856.590000
171.520000
68.153000
31.834000
19.234000
12.563000
7.706900
5.399900
3.554700
2.626800
1.834000
1.089600
0.938890
0.722250
0.450530
0.357340
0.291730
0.210560
0.164180
0.093823
0.070028
0.073629
0.053347
0.034033
0.025234
0.023702
0.016055
0.009060
0.012520
0.008756
0.004165
0.003911
0.001808
0.002676
0.001405
0.001780
0.000859
0.001203
0.000611
0.000974
0.000181
0.000415
0.000174
0.000133
0.000184
0.000193
0.000040
0.000059
0.000018
0.000028
0.000063
0.000026
0.000013
0.000015
0.000008
0.000000
0.000000
0.000000
0.000014
0.000000
0.000002
0.000000
0.000000
0.000000
0.000000
0.000000
0.000011
0.000000
0.000000
0.000000
0.000000
0.000000
0.000000
0.000000
0.000000
0.000000
0.000000
0.000000
0.000000
0.000000
0.000000
0.000000
0.000000
0.000000
0.000000
0.000000
0.000000
0.000000
0.000000
0.000000
0.000000
0.000000
0.000000
0.000000
0.000000
0.000000
0.000000
0.000000
0.000000
0.000000
0.000000
0.000000
0.000000
0.000000
0.000000
0.000000
0.000000
0.000000
0.000000
0.000000
0.000000
0.000000
0.000000
0.000000
0.000000
0.000000
0.000000
0.000000
0.000000
0.000000
0.000000
0.000000
0.000000
0.000000
0.000000
0.000000
0.000000
0.000000
0.000000
0.000000
0.000000
0.000000
0.000000
0.000000
0.000000
0.000000
0.000000
0.000000
0.000000
0.000000
0.000000
0.000000
0.000000
0.000000
0.000000
0.000000
0.000000
0.000000
0.000000
0.000000
0.000000
0.000000
0.000000
0.000000
0.000000
0.000000
0.000000
0.000000
0.000000
0.000000
0.000000
0.000000
0.000000
0.000000
0.000000
0.000000
0.000000
0.000000
0.000000
0.000000
0.000000
0.000000
0.000000
0.000000
0.000000
0.000000
0.000000
0.000000
0.000000
0.000000
0.000000
0.000000
0.000000
0.000000
0.000000
0.000000
0.000000
0.000000
0.000000
0.000000
0.000000
0.000000
0.000000
0.000000
0.000000
0.000000
0.000000
0.000000
0.000000
0.000000
