61.854900
16.062400
890.520000
195.200000
87.740000
47.699000
31.375000
19.691000
13.331000
10.783000
7.900000
6.570700
4.734100
3.726100
3.036900
2.590200
1.990300
1.667200
1.244300
1.066600
0.892980
0.739460
0.523270
0.515900
0.453300
0.356090
0.320510
0.294430
0.200010
0.174570
0.214790
0.131840
0.118060
0.087773
0.060249
0.073466
0.062154
0.058386
0.053668
0.027097
0.026005
0.025865
0.013591
0.018341
0.010917
0.009657
0.012525
0.007094
0.009721
0.003724
0.005479
0.008674
0.003687
0.003017
0.004963
0.003054
0.001474
0.000963
0.000423
0.000714
0.001362
0.000904
0.000477
0.000770
0.000707
0.000157
0.000454
0.000638
0.000448
0.000323
0.000452
0.001193
0.000030
0.000081
0.000155
0.000010
0.000035
0.000028
0.000008
0.000031
0.000004
0.000040
0.000005
0.000000
0.000005
0.000176
0.000010
0.000000
0.000000
0.000000
0.000006
0.000000
0.000000
0.000000
0.000000
0.000000
0.000000
0.000000
0.000000
0.000006
0.000039
0.000003
0.000003
0.000000
0.000000
0.000000
0.000000
0.000000
0.000000
0.000000
0.000000
0.000002
0.000000
0.000000
0.000000
0.000000
0.000000
0.000000
0.000000
0.000000
0.000000
0.000000
0.000000
0.000000
0.000000
0.000000
0.000000
0.000000
0.000000
0.000000
0.000000
0.000000
0.000000
0.000000
0.000000
0.000000
0.000000
0.000000
0.000000
0.000000
0.000000
0.000000
0.000000
0.000000
0.000000
0.000000
0.000000
0.000000
0.000000
0.000000
0.000000
0.000000
0.000000
0.000000
0.000000
0.000000
0.000000
0.000000
0.000000
0.000000
0.000000
0.000000
0.000000
0.000000
0.000000
0.000000
0.000000
0.000000
0.000000
0.000000
0.000000
0.000000
0.000000
0.000000
0.000000
0.000000
0.000000
0.000000
0.000000
0.000000
0.000000
0.000000
0.000000
0.000000
0.000000
0.000000
0.000000
0.000000
0.000000
0.000000
0.000000
0.000000
0.000000
0.000000
0.000000
0.000000
0.000000
0.000000
0.000000
0.000000
0.000000
0.000000
