69.266300
57.169500
899.050000
178.530000
70.501000
38.122000
23.937000
13.995000
9.611900
6.285800
4.291200
3.094900
2.265600
1.580700
1.084900
0.794090
0.568370
0.420560
0.304900
0.222350
0.168690
0.148820
0.069074
0.065978
0.044039
0.052447
0.034456
0.019068
0.017785
0.013521
0.006760
0.005760
0.009895
0.002826
0.002428
0.002176
0.000825
0.001588
0.000746
0.000503
0.000408
0.000318
0.000408
0.000260
0.000039
0.000095
0.000121
0.000020
0.000010
0.000023
0.000005
0.000006
0.000055
0.000013
0.000004
0.000009
0.000015
0.000002
0.000000
0.000000
0.000003
0.000000
0.000000
0.000000
0.000000
0.000006
0.000000
0.000000
0.000014
0.000000
0.000000
0.000000
0.000000
0.000000
0.000000
0.000000
0.000000
0.000000
0.000000
0.000000
0.000000
0.000000
0.000000
0.000000
0.000000
0.000000
0.000000
0.000000
0.000000
0.000000
0.000000
0.000000
0.000000
0.000000
0.000000
0.000000
0.000000
0.000000
0.000000
0.000000
0.000000
0.000000
0.000000
0.000000
0.000000
0.000000
0.000000
0.000000
0.000000
0.000000
0.000000
0.000000
0.000000
0.000000
0.000000
0.000000
0.000000
0.000000
0.000000
0.000000
0.000000
0.000000
0.000000
0.000000
0.000000
0.000000
0.000000
0.000000
0.000000
0.000000
0.000000
0.000000
0.000000
0.000000
0.000000
0.000000
0.000000
0.000000
0.000000
0.000000
0.000000
0.000000
0.000000
0.000000
0.000000
0.000000
0.000000
0.000000
0.000000
0.000000
0.000000
0.000000
0.000000
0.000000
0.000000
0.000000
0.000000
0.000000
0.000000
0.000000
0.000000
0.000000
0.000000
0.000000
0.000000
0.000000
0.000000
0.000000
0.000000
0.000000
0.000000
0.000000
0.000000
0.000000
0.000000
0.000000
0.000000
0.000000
0.000000
0.000000
0.000000
0.000000
0.000000
0.000000
0.000000
0.000000
0.000000
0.000000
0.000000
0.000000
0.000000
0.000000
0.000000
0.000000
0.000000
0.000000
0.000000
0.000000
0.000000
0.000000
0.000000
0.000000
