58.149200
40.695700
889.440000
196.150000
94.009000
50.802000
31.149000
19.040000
13.215000
9.476800
6.724100
4.989300
3.704400
2.672300
1.969600
1.489400
1.056500
0.932920
0.613450
0.534340
0.364040
0.285690
0.255080
0.174660
0.148380
0.116500
0.073122
0.051636
0.067387
0.051805
0.028965
0.036204
0.024601
0.018931
0.016900
0.009865
0.010139
0.006029
0.004695
0.003512
0.003530
0.003272
0.001504
0.002321
0.001160
0.000779
0.001285
0.000653
0.000353
0.000283
0.000152
0.000095
0.000091
0.000216
0.000070
0.000117
0.000039
0.000080
0.000019
0.000022
0.000012
0.000035
0.000018
0.000010
0.000004
0.000188
0.000000
0.000000
0.000003
0.000017
0.000016
0.000002
0.000000
0.000000
0.000000
0.000006
0.000000
0.000000
0.000000
0.000000
0.000000
0.000000
0.000000
0.000000
0.000000
0.000000
0.000000
0.000000
0.000000
0.000000
0.000000
0.000000
0.000000
0.000000
0.000000
0.000000
0.000000
0.000000
0.000000
0.000000
0.000000
0.000000
0.000000
0.000000
0.000000
0.000000
0.000000
0.000000
0.000000
0.000000
0.000000
0.000000
0.000000
0.000000
0.000000
0.000000
0.000000
0.000000
0.000000
0.000000
0.000000
0.000000
0.000000
0.000000
0.000000
0.000000
0.000000
0.000000
0.000000
0.000000
0.000000
0.000000
0.000000
0.000000
0.000000
0.000000
0.000000
0.000000
0.000000
0.000000
0.000000
0.000000
0.000000
0.000000
0.000000
0.000000
0.000000
0.000000
0.000000
0.000000
0.000000
0.000000
0.000000
0.000000
0.000000
0.000000
0.000000
0.000000
0.000000
0.000000
0.000000
0.000000
0.000000
0.000000
0.000000
0.000000
0.000000
0.000000
0.000000
0.000000
0.000000
0.000000
0.000000
0.000000
0.000000
0.000000
0.000000
0.000000
0.000000
0.000000
0.000000
0.000000
0.000000
0.000000
0.000000
0.000000
0.000000
0.000000
0.000000
0.000000
0.000000
0.000000
0.000000
0.000000
0.000000
0.000000
0.000000
0.000000
0.000000
0.000000
0.000000
0.000000
