51.974700
45.439000
922.000000
205.160000
89.523000
57.921000
34.145000
22.293000
14.774000
11.251000
7.664500
5.868000
4.035200
2.796300
2.314900
1.691300
1.402000
1.051600
0.679480
0.590930
0.468350
0.351240
0.254640
0.196460
0.158640
0.110110
0.067111
0.052098
0.064169
0.044136
0.030663
0.019896
0.017631
0.013619
0.012590
0.008197
0.009683
0.004315
0.005064
0.005184
0.002939
0.002281
0.002865
0.001311
0.000445
0.000639
0.000377
0.000765
0.000260
0.000475
0.000059
0.000142
0.000374
0.000180
0.000038
0.000050
0.000002
0.000007
0.000032
0.000079
0.000004
0.000004
0.000016
0.000019
0.000001
0.000008
0.000004
0.000005
0.000002
0.000000
0.000005
0.000002
0.000010
0.000000
0.000000
0.000000
0.000000
0.000000
0.000001
0.000000
0.000000
0.000000
0.000000
0.000000
0.000000
0.000000
0.000000
0.000000
0.000000
0.000000
0.000000
0.000000
0.000000
0.000000
0.000000
0.000000
0.000000
0.000000
0.000000
0.000000
0.000000
0.000000
0.000000
0.000000
0.000000
0.000000
0.000000
0.000000
0.000000
0.000000
0.000000
0.000000
0.000000
0.000000
0.000000
0.000000
0.000000
0.000000
0.000000
0.000000
0.000000
0.000000
0.000000
0.000000
0.000000
0.000000
0.000000
0.000000
0.000000
0.000000
0.000000
0.000000
0.000000
0.000000
0.000000
0.000000
0.000000
0.000000
0.000000
0.000000
0.000000
0.000000
0.000000
0.000000
0.000000
0.000000
0.000000
0.000000
0.000000
0.000000
0.000000
0.000000
0.000000
0.000000
0.000000
0.000000
0.000000
0.000000
0.000000
0.000000
0.000000
0.000000
0.000000
0.000000
0.000000
0.000000
0.000000
0.000000
0.000000
0.000000
0.000000
0.000000
0.000000
0.000000
0.000000
0.000000
0.000000
0.000000
0.000000
0.000000
0.000000
0.000000
0.000000
0.000000
0.000000
0.000000
0.000000
0.000000
0.000000
0.000000
0.000000
0.000000
0.000000
0.000000
0.000000
0.000000
0.000000
0.000000
0.000000
0.000000
0.000000
0.000000
