89.595300
36.762100
806.610000
145.580000
55.979000
28.356000
16.347000
10.507000
6.628700
4.296500
2.983800
1.923200
1.541800
1.071200
0.852690
0.638410
0.425090
0.304380
0.238440
0.190750
0.157320
0.110120
0.100190
0.059036
0.047030
0.030938
0.024724
0.024658
0.020138
0.018809
0.009994
0.007456
0.007798
0.005922
0.003467
0.006416
0.003295
0.002102
0.001992
0.001576
0.001451
0.000360
0.000394
0.000370
0.000535
0.000226
0.000093
0.000107
0.000314
0.000156
0.000145
0.000032
0.000156
0.000058
0.000037
0.000122
0.000030
0.000005
0.000005
0.000017
0.000009
0.000000
0.000015
0.000013
0.000007
0.000021
0.000001
0.000000
0.000000
0.000003
0.000000
0.000000
0.000000
0.000000
0.000000
0.000000
0.000000
0.000000
0.000002
0.000000
0.000000
0.000000
0.000000
0.000000
0.000000
0.000000
0.000000
0.000000
0.000000
0.000000
0.000000
0.000002
0.000000
0.000000
0.000000
0.000000
0.000000
0.000000
0.000000
0.000000
0.000000
0.000000
0.000000
0.000000
0.000000
0.000000
0.000000
0.000000
0.000000
0.000000
0.000000
0.000000
0.000000
0.000000
0.000000
0.000000
0.000000
0.000000
0.000000
0.000000
0.000000
0.000000
0.000000
0.000000
0.000000
0.000000
0.000000
0.000000
0.000000
0.000000
0.000000
0.000000
0.000000
0.000000
0.000000
0.000000
0.000000
0.000000
0.000000
0.000000
0.000000
0.000000
0.000000
0.000000
0.000000
0.000000
0.000000
0.000000
0.000000
0.000000
0.000000
0.000000
0.000000
0.000000
0.000000
0.000000
0.000000
0.000000
0.000000
0.000000
0.000000
0.000000
0.000000
0.000000
0.000000
0.000000
0.000000
0.000000
0.000000
0.000000
0.000000
0.000000
0.000000
0.000000
0.000000
0.000000
0.000000
0.000000
0.000000
0.000000
0.000000
0.000000
0.000000
0.000000
0.000000
0.000000
0.000000
0.000000
0.000000
0.000000
0.000000
0.000000
0.000000
0.000000
0.000000
0.000000
0.000000
0.000000
0.000000
0.000000
0.000000
0.000000
