50.798600
10.066400
977.900000
202.070000
102.350000
59.698000
43.293000
28.375000
21.491000
16.218000
12.267000
9.363600
7.407200
6.486100
4.931900
4.571200
3.247000
2.852200
2.582100
2.269400
1.676500
1.447100
1.310600
1.197600
0.925350
0.793930
0.791830
0.471940
0.486790
0.370170
0.386260
0.271460
0.297050
0.267290
0.209000
0.158230
0.190610
0.117180
0.103430
0.123260
0.079883
0.078038
0.056566
0.058685
0.037481
0.039877
0.052236
0.022947
0.021185
0.023556
0.015537
0.008722
0.019172
0.008627
0.007617
0.008029
0.005324
0.009913
0.006720
0.010660
0.001196
0.006598
0.001961
0.002491
0.001678
0.001548
0.002176
0.003808
0.001349
0.000645
0.000466
0.000358
0.001832
0.001612
0.001193
0.001244
0.000192
0.000517
0.000805
0.000107
0.000594
0.000254
0.000089
0.000306
0.000276
0.000279
0.000046
0.000083
0.000002
0.000046
0.000079
0.000001
0.000064
0.000000
0.000265
0.000000
0.000001
0.000002
0.000006
0.000065
0.000000
0.000006
0.000000
0.000103
0.000000
0.000014
0.000074
0.000000
0.000000
0.000000
0.000007
0.000000
0.000000
0.000000
0.000000
0.000000
0.000136
0.000000
0.000000
0.000000
0.000000
0.000001
0.000000
0.000000
0.000000
0.000001
0.000000
0.000000
0.000000
0.000000
0.000000
0.000000
0.000000
0.000000
0.000000
0.000000
0.000000
0.000000
0.000000
0.000000
0.000000
0.000000
0.000000
0.000000
0.000000
0.000000
0.000000
0.000000
0.000000
0.000000
0.000000
0.000000
0.000000
0.000000
0.000000
0.000000
0.000000
0.000000
0.000000
0.000000
0.000000
0.000000
0.000000
0.000000
0.000000
0.000000
0.000000
0.000000
0.000000
0.000000
0.000000
0.000000
0.000000
0.000000
0.000000
0.000000
0.000000
0.000000
0.000000
0.000000
0.000000
0.000000
0.000000
0.000000
0.000000
0.000000
0.000000
0.000000
0.000000
0.000000
0.000000
0.000000
0.000000
0.000000
0.000000
0.000000
0.000000
0.000000
0.000000
0.000000
0.000000
0.000000
