48.729600
30.272000
921.940000
212.920000
100.940000
58.728000
34.836000
24.143000
17.582000
12.490000
9.910800
7.740500
5.337100
3.912700
3.248700
2.721400
2.222000
1.518400
1.344300
1.119000
0.790050
0.673040
0.547400
0.448790
0.371040
0.270060
0.213190
0.165140
0.134220
0.126350
0.088998
0.093363
0.069179
0.039729
0.040879
0.027524
0.022537
0.021773
0.011306
0.012308
0.009089
0.005890
0.008041
0.004469
0.003438
0.003989
0.005042
0.001769
0.003678
0.000853
0.002827
0.002122
0.000813
0.001794
0.000997
0.000780
0.000427
0.000436
0.000122
0.000144
0.000428
0.000135
0.000113
0.000114
0.000086
0.000050
0.000077
0.000079
0.000056
0.000007
0.000035
0.000006
0.000007
0.000009
0.000013
0.000151
0.000015
0.000002
0.000008
0.000000
0.000008
0.000018
0.000000
0.000000
0.000005
0.000000
0.000000
0.000000
0.000003
0.000021
0.000000
0.000000
0.000000
0.000006
0.000000
0.000000
0.000000
0.000000
0.000000
0.000000
0.000000
0.000000
0.000000
0.000000
0.000000
0.000000
0.000000
0.000000
0.000000
0.000000
0.000000
0.000000
0.000000
0.000000
0.000000
0.000000
0.000000
0.000000
0.000000
0.000000
0.000000
0.000000
0.000000
0.000000
0.000000
0.000000
0.000000
0.000000
0.000000
0.000000
0.000000
0.000000
0.000000
0.000000
0.000000
0.000000
0.000000
0.000000
0.000000
0.000000
0.000000
0.000000
0.000000
0.000000
0.000000
0.000000
0.000000
0.000000
0.000000
0.000000
0.000000
0.000000
0.000000
0.000000
0.000000
0.000000
0.000000
0.000000
0.000000
0.000000
0.000000
0.000000
0.000000
0.000000
0.000000
0.000000
0.000000
0.000000
0.000000
0.000000
0.000000
0.000000
0.000000
0.000000
0.000000
0.000000
0.000000
0.000000
0.000000
0.000000
0.000000
0.000000
0.000000
0.000000
0.000000
0.000000
0.000000
0.000000
0.000000
0.000000
0.000000
0.000000
0.000000
0.000000
0.000000
0.000000
0.000000
0.000000
0.000000
0.000000
0.000000
0.000000
