66.621500
23.246900
859.230000
180.040000
76.244000
44.577000
28.006000
18.320000
11.251000
8.704900
6.288900
4.956100
3.706700
2.682000
2.253700
1.820800
1.334200
1.021900
0.826670
0.644700
0.579170
0.497910
0.355300
0.307740
0.322250
0.229450
0.171850
0.130190
0.115240
0.075044
0.092404
0.076668
0.066539
0.044354
0.032647
0.027891
0.039731
0.018496
0.024116
0.015089
0.013234
0.006006
0.007960
0.003226
0.004395
0.004090
0.003149
0.004270
0.002061
0.001476
0.000596
0.000438
0.001073
0.000811
0.000726
0.000354
0.000764
0.000391
0.000732
0.000053
0.000183
0.000260
0.000181
0.000324
0.000134
0.000102
0.000067
0.000132
0.000026
0.000019
0.000098
0.000009
0.000096
0.000027
0.000039
0.000002
0.000004
0.000009
0.000004
0.000000
0.000000
0.000000
0.000030
0.000005
0.000013
0.000002
0.000000
0.000000
0.000000
0.000000
0.000000
0.000000
0.000000
0.000000
0.000000
0.000000
0.000000
0.000000
0.000000
0.000000
0.000000
0.000000
0.000000
0.000000
0.000000
0.000000
0.000000
0.000000
0.000000
0.000000
0.000000
0.000000
0.000000
0.000000
0.000000
0.000000
0.000000
0.000000
0.000000
0.000000
0.000000
0.000000
0.000000
0.000000
0.000000
0.000000
0.000000
0.000000
0.000000
0.000000
0.000000
0.000000
0.000000
0.000000
0.000000
0.000000
0.000000
0.000000
0.000000
0.000000
0.000000
0.000000
0.000000
0.000000
0.000000
0.000000
0.000000
0.000000
0.000000
0.000000
0.000000
0.000000
0.000000
0.000000
0.000000
0.000000
0.000000
0.000000
0.000000
0.000000
0.000000
0.000000
0.000000
0.000000
0.000000
0.000000
0.000000
0.000000
0.000000
0.000000
0.000000
0.000000
0.000000
0.000000
0.000000
0.000000
0.000000
0.000000
0.000000
0.000000
0.000000
0.000000
0.000000
0.000000
0.000000
0.000000
0.000000
0.000000
0.000000
0.000000
0.000000
0.000000
0.000000
0.000000
0.000000
0.000000
0.000000
0.000000
0.000000
0.000000
0.000000
0.000000
