67.480700
20.073600
905.840000
178.540000
80.877000
44.021000
27.442000
17.952000
11.519000
8.708700
5.946200
5.234700
3.860100
3.120500
2.249100
1.977700
1.294300
1.122700
1.055300
0.751830
0.557970
0.495530
0.447170
0.348780
0.211910
0.222200
0.164240
0.170810
0.144150
0.133120
0.103860
0.104770
0.064428
0.062856
0.037881
0.030950
0.029050
0.028131
0.015226
0.017943
0.024232
0.016282
0.006418
0.006968
0.011248
0.006483
0.005587
0.003899
0.004192
0.006130
0.006033
0.001848
0.001586
0.002085
0.001892
0.000762
0.001136
0.000493
0.000433
0.000680
0.000274
0.000704
0.000183
0.000344
0.000209
0.000065
0.000019
0.000036
0.000322
0.000244
0.000109
0.000014
0.000056
0.000010
0.000008
0.000040
0.000027
0.000107
0.000000
0.000006
0.000023
0.000003
0.000039
0.000000
0.000000
0.000000
0.000153
0.000000
0.000021
0.000002
0.000003
0.000000
0.000003
0.000000
0.000000
0.000000
0.000000
0.000000
0.000000
0.000000
0.000001
0.000000
0.000000
0.000000
0.000000
0.000000
0.000000
0.000000
0.000000
0.000000
0.000000
0.000000
0.000000
0.000000
0.000000
0.000000
0.000000
0.000000
0.000000
0.000000
0.000000
0.000000
0.000000
0.000000
0.000000
0.000000
0.000000
0.000000
0.000000
0.000000
0.000000
0.000000
0.000000
0.000000
0.000000
0.000000
0.000000
0.000000
0.000000
0.000000
0.000000
0.000000
0.000000
0.000000
0.000000
0.000000
0.000000
0.000000
0.000000
0.000000
0.000000
0.000000
0.000000
0.000000
0.000000
0.000000
0.000000
0.000000
0.000000
0.000000
0.000000
0.000000
0.000000
0.000000
0.000000
0.000000
0.000000
0.000000
0.000000
0.000000
0.000000
0.000000
0.000000
0.000000
0.000000
0.000000
0.000000
0.000000
0.000000
0.000000
0.000000
0.000000
0.000000
0.000000
0.000000
0.000000
0.000000
0.000000
0.000000
0.000000
0.000000
0.000000
0.000000
0.000000
0.000000
0.000000
0.000000
0.000000
0.000000
0.000000
0.000000
0.000000
