43.129500
19.576600
1033.900000
224.980000
108.100000
73.346000
44.485000
31.170000
23.850000
18.049000
11.581000
10.073000
8.271500
6.317500
5.023700
4.141600
3.149200
2.552100
2.223700
2.019700
1.662700
1.042900
0.918160
0.829940
0.746710
0.647120
0.517760
0.387630
0.365560
0.267530
0.203380
0.193470
0.154770
0.160320
0.100860
0.103860
0.095221
0.059219
0.078677
0.046801
0.036191
0.034097
0.032660
0.020910
0.015918
0.016327
0.011615
0.009076
0.007389
0.007767
0.007653
0.005475
0.005505
0.004011
0.003265
0.002626
0.002390
0.004186
0.001222
0.000812
0.001553
0.001701
0.001359
0.000838
0.001106
0.000687
0.000121
0.000982
0.000238
0.000149
0.000373
0.000364
0.000083
0.000106
0.000049
0.000046
0.000017
0.000015
0.000033
0.000010
0.000041
0.000023
0.000000
0.000073
0.000081
0.000009
0.000023
0.000000
0.000007
0.000000
0.000004
0.000000
0.000000
0.000000
0.000003
0.000004
0.000000
0.000000
0.000000
0.000000
0.000000
0.000000
0.000000
0.000000
0.000000
0.000000
0.000000
0.000004
0.000000
0.000000
0.000000
0.000000
0.000003
0.000000
0.000000
0.000000
0.000000
0.000000
0.000000
0.000000
0.000000
0.000000
0.000000
0.000001
0.000000
0.000000
0.000000
0.000000
0.000000
0.000000
0.000000
0.000000
0.000000
0.000000
0.000000
0.000000
0.000000
0.000000
0.000000
0.000000
0.000000
0.000000
0.000000
0.000000
0.000000
0.000000
0.000000
0.000000
0.000000
0.000000
0.000000
0.000000
0.000000
0.000000
0.000000
0.000000
0.000000
0.000000
0.000000
0.000000
0.000000
0.000000
0.000000
0.000000
0.000000
0.000000
0.000000
0.000000
0.000000
0.000000
0.000000
0.000000
0.000000
0.000000
0.000000
0.000000
0.000000
0.000000
0.000000
0.000000
0.000000
0.000000
0.000000
0.000000
0.000000
0.000000
0.000000
0.000000
0.000000
0.000000
0.000000
0.000000
0.000000
0.000000
0.000000
0.000000
0.000000
0.000000
0.000000
0.000000
0.000000
0.000000
