79.732000
58.700300
828.610000
144.750000
64.874000
32.792000
18.169000
11.872000
7.602500
5.308000
3.375900
2.151300
1.530700
0.979710
0.680260
0.471990
0.396620
0.268920
0.205830
0.165220
0.130450
0.086991
0.056783
0.030198
0.036915
0.017322
0.016537
0.016513
0.008269
0.007228
0.005939
0.004375
0.003297
0.002330
0.001168
0.001725
0.000750
0.000299
0.000367
0.000628
0.000267
0.000209
0.000258
0.000200
0.000044
0.000079
0.000013
0.000019
0.000089
0.000011
0.000027
0.000010
0.000006
0.000000
0.000012
0.000000
0.000001
0.000002
0.000000
0.000000
0.000000
0.000002
0.000000
0.000007
0.000000
0.000000
0.000004
0.000000
0.000000
0.000000
0.000000
0.000000
0.000000
0.000000
0.000000
0.000000
0.000000
0.000000
0.000000
0.000000
0.000000
0.000000
0.000000
0.000000
0.000000
0.000000
0.000000
0.000000
0.000000
0.000000
0.000000
0.000000
0.000000
0.000000
0.000000
0.000000
0.000000
0.000000
0.000000
0.000000
0.000000
0.000000
0.000000
0.000000
0.000000
0.000000
0.000000
0.000000
0.000000
0.000000
0.000000
0.000000
0.000000
0.000000
0.000000
0.000000
0.000000
0.000000
0.000000
0.000000
0.000000
0.000000
0.000000
0.000000
0.000000
0.000000
0.000000
0.000000
0.000000
0.000000
0.000000
0.000000
0.000000
0.000000
0.000000
0.000000
0.000000
0.000000
0.000000
0.000000
0.000000
0.000000
0.000000
0.000000
0.000000
0.000000
0.000000
0.000000
0.000000
0.000000
0.000000
0.000000
0.000000
0.000000
0.000000
0.000000
0.000000
0.000000
0.000000
0.000000
0.000000
0.000000
0.000000
0.000000
0.000000
0.000000
0.000000
0.000000
0.000000
0.000000
0.000000
0.000000
0.000000
0.000000
0.000000
0.000000
0.000000
0.000000
0.000000
0.000000
0.000000
0.000000
0.000000
0.000000
0.000000
0.000000
0.000000
0.000000
0.000000
0.000000
0.000000
0.000000
0.000000
0.000000
0.000000
0.000000
0.000000
0.000000
0.000000
0.000000
0.000000
0.000000
