59.829700
23.601100
912.970000
192.400000
84.191000
46.686000
30.973000
21.393000
14.587000
10.349000
7.541000
6.120900
4.776700
3.386600
2.465700
2.038100
1.777900
1.222500
1.131100
0.905110
0.709970
0.581690
0.442830
0.349560
0.337750
0.258930
0.245010
0.166820
0.128260
0.098261
0.084376
0.082017
0.073163
0.045073
0.035440
0.032381
0.035107
0.027293
0.019562
0.013155
0.013038
0.011186
0.007048
0.010762
0.007859
0.006884
0.006278
0.005812
0.001204
0.002498
0.002027
0.001985
0.000916
0.001185
0.001121
0.000362
0.000758
0.000587
0.000300
0.000199
0.000048
0.000193
0.000187
0.000263
0.000113
0.000347
0.000233
0.000034
0.000033
0.000066
0.000022
0.000011
0.000089
0.000240
0.000074
0.000002
0.000008
0.000010
0.000067
0.000007
0.000009
0.000000
0.000000
0.000000
0.000000
0.000000
0.000000
0.000003
0.000000
0.000000
0.000003
0.000000
0.000000
0.000000
0.000000
0.000000
0.000000
0.000000
0.000000
0.000000
0.000000
0.000000
0.000000
0.000000
0.000000
0.000000
0.000000
0.000000
0.000000
0.000000
0.000000
0.000000
0.000000
0.000000
0.000000
0.000000
0.000000
0.000000
0.000000
0.000000
0.000000
0.000000
0.000000
0.000000
0.000000
0.000000
0.000000
0.000000
0.000000
0.000000
0.000000
0.000000
0.000000
0.000000
0.000000
0.000000
0.000000
0.000000
0.000000
0.000000
0.000000
0.000000
0.000000
0.000000
0.000000
0.000000
0.000000
0.000000
0.000000
0.000000
0.000000
0.000000
0.000000
0.000000
0.000000
0.000000
0.000000
0.000000
0.000000
0.000000
0.000000
0.000000
0.000000
0.000000
0.000000
0.000000
0.000000
0.000000
0.000000
0.000000
0.000000
0.000000
0.000000
0.000000
0.000000
0.000000
0.000000
0.000000
0.000000
0.000000
0.000000
0.000000
0.000000
0.000000
0.000000
0.000000
0.000000
0.000000
0.000000
0.000000
0.000000
0.000000
0.000000
0.000000
0.000000
0.000000
0.000000
0.000000
0.000000
0.000000
0.000000
0.000000
