85.931700
19.606600
852.800000
156.440000
61.213000
32.497000
19.817000
11.761000
7.983100
5.787800
4.261300
2.992500
2.284000
1.727600
1.339400
1.075300
0.873520
0.642620
0.595820
0.433650
0.263190
0.229110
0.200660
0.230800
0.164790
0.160190
0.089750
0.103340
0.070962
0.080228
0.064574
0.041102
0.055450
0.021510
0.027090
0.025489
0.016453
0.007773
0.013765
0.014387
0.008843
0.006591
0.005383
0.005367
0.004963
0.003152
0.002700
0.003526
0.007761
0.001095
0.001579
0.000384
0.000595
0.000714
0.001574
0.000763
0.000173
0.000541
0.000396
0.000137
0.000134
0.000065
0.000024
0.000003
0.000061
0.000246
0.000041
0.000002
0.000120
0.000723
0.000013
0.000032
0.000004
0.000146
0.000001
0.000088
0.000026
0.000005
0.000003
0.000007
0.000000
0.000002
0.000000
0.000000
0.000000
0.000000
0.000000
0.000002
0.000000
0.000000
0.000000
0.000000
0.000000
0.000000
0.000000
0.000000
0.000000
0.000000
0.000000
0.000000
0.000000
0.000000
0.000000
0.000000
0.000000
0.000000
0.000000
0.000000
0.000000
0.000000
0.000000
0.000000
0.000000
0.000000
0.000000
0.000000
0.000000
0.000000
0.000000
0.000000
0.000000
0.000000
0.000000
0.000000
0.000000
0.000000
0.000000
0.000000
0.000000
0.000000
0.000000
0.000000
0.000000
0.000000
0.000000
0.000000
0.000000
0.000000
0.000000
0.000000
0.000000
0.000000
0.000000
0.000000
0.000000
0.000000
0.000000
0.000000
0.000000
0.000000
0.000000
0.000000
0.000000
0.000000
0.000000
0.000000
0.000000
0.000000
0.000000
0.000000
0.000000
0.000000
0.000000
0.000000
0.000000
0.000000
0.000000
0.000000
0.000000
0.000000
0.000000
0.000000
0.000000
0.000000
0.000000
0.000000
0.000000
0.000000
0.000000
0.000000
0.000000
0.000000
0.000000
0.000000
0.000000
0.000000
0.000000
0.000000
0.000000
0.000000
0.000000
0.000000
0.000000
0.000000
0.000000
0.000000
0.000000
0.000000
0.000000
0.000000
0.000000
0.000000
