78.235600
27.982100
857.140000
164.690000
66.857000
35.318000
20.354000
12.658000
8.967100
6.438300
4.538700
3.154900
2.446000
1.837900
1.407500
0.971470
0.756870
0.597650
0.468510
0.393590
0.309270
0.250160
0.171400
0.146050
0.149950
0.080401
0.052315
0.067478
0.043440
0.037353
0.030914
0.025174
0.024280
0.020238
0.013380
0.014307
0.009967
0.009849
0.007403
0.003191
0.004130
0.003832
0.002192
0.007548
0.002721
0.000637
0.001764
0.001081
0.002346
0.001367
0.000408
0.000359
0.000152
0.001075
0.000592
0.000107
0.000207
0.000167
0.000020
0.000131
0.000389
0.000013
0.000133
0.000005
0.000073
0.000003
0.000032
0.000012
0.000005
0.000004
0.000051
0.000013
0.000000
0.000004
0.000002
0.000000
0.000000
0.000000
0.000001
0.000004
0.000000
0.000000
0.000000
0.000000
0.000000
0.000000
0.000000
0.000000
0.000000
0.000000
0.000000
0.000000
0.000000
0.000000
0.000000
0.000000
0.000000
0.000000
0.000000
0.000001
0.000000
0.000000
0.000000
0.000000
0.000000
0.000000
0.000000
0.000000
0.000000
0.000000
0.000000
0.000000
0.000000
0.000000
0.000000
0.000000
0.000000
0.000000
0.000000
0.000000
0.000000
0.000000
0.000000
0.000000
0.000000
0.000000
0.000000
0.000000
0.000000
0.000000
0.000000
0.000000
0.000000
0.000000
0.000000
0.000000
0.000000
0.000000
0.000000
0.000000
0.000000
0.000000
0.000000
0.000000
0.000000
0.000000
0.000000
0.000000
0.000000
0.000000
0.000000
0.000000
0.000000
0.000000
0.000000
0.000000
0.000000
0.000000
0.000000
0.000000
0.000000
0.000000
0.000000
0.000000
0.000000
0.000000
0.000000
0.000000
0.000000
0.000000
0.000000
0.000000
0.000000
0.000000
0.000000
0.000000
0.000000
0.000000
0.000000
0.000000
0.000000
0.000000
0.000000
0.000000
0.000000
0.000000
0.000000
0.000000
0.000000
0.000000
0.000000
0.000000
0.000000
0.000000
0.000000
0.000000
0.000000
0.000000
0.000000
0.000000
0.000000
0.000000
