80.994100
34.262400
826.660000
157.460000
62.294000
34.204000
20.362000
12.756000
8.920400
5.397900
3.608000
2.666700
2.039200
1.319400
1.228800
0.877470
0.645080
0.466470
0.364610
0.271490
0.226460
0.180350
0.151520
0.132030
0.094632
0.062874
0.052233
0.049124
0.034051
0.023726
0.028899
0.014850
0.009795
0.008480
0.010541
0.006097
0.007537
0.006089
0.002532
0.003552
0.003237
0.002142
0.001368
0.001807
0.000672
0.000143
0.001209
0.000268
0.000379
0.000130
0.000434
0.000071
0.000105
0.000132
0.000070
0.000109
0.000083
0.000027
0.000033
0.000045
0.000009
0.000002
0.000050
0.000008
0.000005
0.000000
0.000002
0.000000
0.000004
0.000000
0.000000
0.000000
0.000000
0.000000
0.000000
0.000002
0.000000
0.000000
0.000000
0.000000
0.000000
0.000000
0.000000
0.000000
0.000000
0.000000
0.000000
0.000000
0.000000
0.000000
0.000000
0.000000
0.000000
0.000000
0.000000
0.000000
0.000000
0.000000
0.000000
0.000000
0.000000
0.000000
0.000000
0.000000
0.000000
0.000000
0.000000
0.000000
0.000000
0.000000
0.000000
0.000000
0.000000
0.000000
0.000000
0.000000
0.000000
0.000000
0.000000
0.000000
0.000000
0.000000
0.000000
0.000000
0.000000
0.000000
0.000000
0.000000
0.000000
0.000000
0.000000
0.000000
0.000000
0.000000
0.000000
0.000000
0.000000
0.000000
0.000000
0.000000
0.000000
0.000000
0.000000
0.000000
0.000000
0.000000
0.000000
0.000000
0.000000
0.000000
0.000000
0.000000
0.000000
0.000000
0.000000
0.000000
0.000000
0.000000
0.000000
0.000000
0.000000
0.000000
0.000000
0.000000
0.000000
0.000000
0.000000
0.000000
0.000000
0.000000
0.000000
0.000000
0.000000
0.000000
0.000000
0.000000
0.000000
0.000000
0.000000
0.000000
0.000000
0.000000
0.000000
0.000000
0.000000
0.000000
0.000000
0.000000
0.000000
0.000000
0.000000
0.000000
0.000000
0.000000
0.000000
0.000000
0.000000
0.000000
0.000000
0.000000
0.000000
0.000000
