53.691300
20.788000
918.200000
219.070000
95.210000
50.563000
34.783000
23.531000
16.542000
13.224000
9.661400
7.256000
5.299900
4.398600
3.700800
2.576500
2.177400
1.743700
1.381600
1.084600
0.983850
0.801500
0.673150
0.554590
0.374420
0.386870
0.346870
0.251890
0.190830
0.161550
0.177730
0.115380
0.110670
0.086820
0.065481
0.069851
0.035103
0.049970
0.044137
0.040076
0.022145
0.024155
0.018254
0.013669
0.015325
0.009800
0.002786
0.004120
0.004355
0.007251
0.002755
0.005211
0.002413
0.002377
0.001233
0.000902
0.000939
0.001238
0.002074
0.000329
0.000248
0.000503
0.000693
0.000341
0.000254
0.000306
0.000176
0.000119
0.000111
0.000039
0.000033
0.000017
0.000010
0.000021
0.000140
0.000034
0.000022
0.000016
0.000006
0.000082
0.000002
0.000005
0.000014
0.000000
0.000000
0.000003
0.000000
0.000005
0.000005
0.000002
0.000000
0.000000
0.000000
0.000000
0.000000
0.000001
0.000000
0.000007
0.000000
0.000000
0.000000
0.000000
0.000000
0.000000
0.000000
0.000000
0.000000
0.000000
0.000000
0.000000
0.000000
0.000000
0.000000
0.000000
0.000000
0.000000
0.000000
0.000000
0.000000
0.000000
0.000000
0.000000
0.000000
0.000000
0.000000
0.000000
0.000000
0.000000
0.000000
0.000000
0.000000
0.000000
0.000000
0.000000
0.000000
0.000000
0.000000
0.000000
0.000000
0.000000
0.000000
0.000000
0.000000
0.000000
0.000000
0.000000
0.000000
0.000000
0.000000
0.000000
0.000000
0.000000
0.000000
0.000000
0.000000
0.000000
0.000000
0.000000
0.000000
0.000000
0.000000
0.000000
0.000000
0.000000
0.000000
0.000000
0.000000
0.000000
0.000000
0.000000
0.000000
0.000000
0.000000
0.000000
0.000000
0.000000
0.000000
0.000000
0.000000
0.000000
0.000000
0.000000
0.000000
0.000000
0.000000
0.000000
0.000000
0.000000
0.000000
0.000000
0.000000
0.000000
0.000000
0.000000
0.000000
0.000000
0.000000
0.000000
0.000000
0.000000
0.000000
0.000000
