50.748900
56.934400
929.340000
204.670000
87.638000
54.087000
30.859000
22.192000
15.988000
10.888000
7.686500
5.211100
3.893400
2.711500
2.216500
1.526000
1.091800
0.766220
0.670230
0.428230
0.409110
0.329840
0.193780
0.151860
0.126970
0.089774
0.086189
0.056566
0.031977
0.024669
0.023917
0.019187
0.021591
0.013656
0.006561
0.004671
0.005087
0.003363
0.002375
0.001599
0.001733
0.001213
0.000598
0.000398
0.000904
0.001664
0.000351
0.000109
0.000191
0.000126
0.000090
0.000199
0.000000
0.000023
0.000197
0.000018
0.000005
0.000003
0.000003
0.000007
0.000010
0.000004
0.000000
0.000002
0.000022
0.000000
0.000002
0.000000
0.000000
0.000000
0.000001
0.000000
0.000000
0.000000
0.000000
0.000000
0.000000
0.000000
0.000000
0.000000
0.000000
0.000000
0.000000
0.000000
0.000000
0.000000
0.000000
0.000000
0.000000
0.000000
0.000000
0.000001
0.000000
0.000000
0.000000
0.000000
0.000000
0.000000
0.000000
0.000000
0.000000
0.000000
0.000000
0.000000
0.000000
0.000000
0.000000
0.000000
0.000000
0.000000
0.000000
0.000000
0.000000
0.000000
0.000000
0.000000
0.000000
0.000000
0.000000
0.000000
0.000000
0.000000
0.000000
0.000000
0.000000
0.000000
0.000000
0.000000
0.000000
0.000000
0.000000
0.000000
0.000000
0.000000
0.000000
0.000000
0.000000
0.000000
0.000000
0.000000
0.000000
0.000000
0.000000
0.000000
0.000000
0.000000
0.000000
0.000000
0.000000
0.000000
0.000000
0.000000
0.000000
0.000000
0.000000
0.000000
0.000000
0.000000
0.000000
0.000000
0.000000
0.000000
0.000000
0.000000
0.000000
0.000000
0.000000
0.000000
0.000000
0.000000
0.000000
0.000000
0.000000
0.000000
0.000000
0.000000
0.000000
0.000000
0.000000
0.000000
0.000000
0.000000
0.000000
0.000000
0.000000
0.000000
0.000000
0.000000
0.000000
0.000000
0.000000
0.000000
0.000000
0.000000
0.000000
0.000000
0.000000
0.000000
0.000000
0.000000
0.000000
0.000000
