51.595900
44.661700
851.550000
208.740000
96.826000
54.544000
32.569000
21.169000
15.495000
11.135000
8.038900
6.166800
3.930900
3.197300
2.576100
1.680100
1.259100
0.978610
0.765100
0.612630
0.561560
0.383290
0.306090
0.259870
0.152690
0.133730
0.094911
0.055466
0.063646
0.053959
0.041025
0.032912
0.019903
0.023566
0.010899
0.009134
0.010715
0.009458
0.004969
0.002604
0.004225
0.003014
0.002480
0.003152
0.001624
0.000348
0.001387
0.000517
0.000110
0.000395
0.000181
0.001638
0.000395
0.000040
0.000025
0.000432
0.000041
0.000124
0.000008
0.000015
0.000020
0.000000
0.000026
0.000064
0.000000
0.000015
0.000000
0.000000
0.000015
0.000006
0.000000
0.000006
0.000000
0.000000
0.000000
0.000000
0.000004
0.000000
0.000000
0.000000
0.000000
0.000000
0.000000
0.000000
0.000000
0.000000
0.000000
0.000000
0.000000
0.000000
0.000000
0.000000
0.000000
0.000000
0.000000
0.000000
0.000000
0.000000
0.000000
0.000000
0.000000
0.000000
0.000000
0.000000
0.000000
0.000000
0.000000
0.000000
0.000000
0.000000
0.000000
0.000000
0.000000
0.000000
0.000000
0.000000
0.000000
0.000000
0.000000
0.000000
0.000000
0.000000
0.000000
0.000000
0.000000
0.000000
0.000000
0.000000
0.000000
0.000000
0.000000
0.000000
0.000000
0.000000
0.000000
0.000000
0.000000
0.000000
0.000000
0.000000
0.000000
0.000000
0.000000
0.000000
0.000000
0.000000
0.000000
0.000000
0.000000
0.000000
0.000000
0.000000
0.000000
0.000000
0.000000
0.000000
0.000000
0.000000
0.000000
0.000000
0.000000
0.000000
0.000000
0.000000
0.000000
0.000000
0.000000
0.000000
0.000000
0.000000
0.000000
0.000000
0.000000
0.000000
0.000000
0.000000
0.000000
0.000000
0.000000
0.000000
0.000000
0.000000
0.000000
0.000000
0.000000
0.000000
0.000000
0.000000
0.000000
0.000000
0.000000
0.000000
0.000000
0.000000
0.000000
0.000000
0.000000
0.000000
0.000000
0.000000
0.000000
0.000000
