83.248400
49.898700
766.120000
155.580000
60.780000
31.187000
19.308000
10.617000
7.308900
4.939500
3.111000
2.249300
1.559500
1.076500
0.908300
0.465540
0.411340
0.318250
0.241630
0.152720
0.113530
0.078633
0.072737
0.050120
0.026212
0.019924
0.015633
0.018256
0.010766
0.007387
0.007380
0.006999
0.005206
0.003545
0.002370
0.001508
0.000624
0.001156
0.000489
0.000342
0.000600
0.001159
0.000354
0.000117
0.000183
0.000158
0.000116
0.000080
0.000079
0.000073
0.000085
0.000018
0.000043
0.000000
0.000007
0.000010
0.000000
0.000003
0.000008
0.000000
0.000005
0.000002
0.000000
0.000003
0.000000
0.000004
0.000000
0.000000
0.000000
0.000000
0.000000
0.000000
0.000000
0.000000
0.000000
0.000000
0.000000
0.000000
0.000000
0.000000
0.000000
0.000000
0.000000
0.000000
0.000000
0.000000
0.000000
0.000000
0.000000
0.000000
0.000000
0.000000
0.000000
0.000000
0.000000
0.000000
0.000000
0.000000
0.000000
0.000000
0.000000
0.000000
0.000000
0.000000
0.000000
0.000000
0.000000
0.000000
0.000000
0.000000
0.000000
0.000000
0.000000
0.000000
0.000000
0.000000
0.000000
0.000000
0.000000
0.000000
0.000000
0.000000
0.000000
0.000000
0.000000
0.000000
0.000000
0.000000
0.000000
0.000000
0.000000
0.000000
0.000000
0.000000
0.000000
0.000000
0.000000
0.000000
0.000000
0.000000
0.000000
0.000000
0.000000
0.000000
0.000000
0.000000
0.000000
0.000000
0.000000
0.000000
0.000000
0.000000
0.000000
0.000000
0.000000
0.000000
0.000000
0.000000
0.000000
0.000000
0.000000
0.000000
0.000000
0.000000
0.000000
0.000000
0.000000
0.000000
0.000000
0.000000
0.000000
0.000000
0.000000
0.000000
0.000000
0.000000
0.000000
0.000000
0.000000
0.000000
0.000000
0.000000
0.000000
0.000000
0.000000
0.000000
0.000000
0.000000
0.000000
0.000000
0.000000
0.000000
0.000000
0.000000
0.000000
0.000000
0.000000
0.000000
0.000000
0.000000
0.000000
0.000000
