54.014800
13.191900
955.320000
217.060000
103.750000
60.159000
33.582000
24.078000
18.065000
13.722000
10.865000
8.299200
6.298900
5.510800
4.068700
3.399700
2.809800
2.555800
1.955400
1.669000
1.332500
1.163000
0.960750
0.813300
0.603140
0.672040
0.450900
0.502060
0.353860
0.286850
0.306120
0.209030
0.217230
0.164210
0.119900
0.110840
0.118240
0.079431
0.072494
0.062194
0.036206
0.043925
0.038583
0.036699
0.046417
0.026041
0.013677
0.022454
0.020390
0.007237
0.006492
0.016721
0.007544
0.007193
0.005258
0.002969
0.003523
0.004646
0.004709
0.002835
0.001247
0.002080
0.002465
0.001662
0.003631
0.000623
0.001413
0.004918
0.000534
0.000996
0.000579
0.000308
0.000473
0.000248
0.000196
0.000298
0.000034
0.000351
0.000124
0.000130
0.000054
0.000091
0.000158
0.000087
0.000033
0.000076
0.000155
0.000008
0.000360
0.000027
0.000094
0.000000
0.000000
0.000018
0.000011
0.000002
0.000000
0.000004
0.000000
0.000005
0.000000
0.000013
0.000001
0.000011
0.000000
0.000000
0.000000
0.000000
0.000002
0.000000
0.000000
0.000000
0.000000
0.000000
0.000000
0.000000
0.000000
0.000000
0.000000
0.000000
0.000000
0.000000
0.000000
0.000000
0.000000
0.000000
0.000000
0.000000
0.000000
0.000000
0.000000
0.000000
0.000000
0.000000
0.000000
0.000000
0.000000
0.000000
0.000000
0.000000
0.000000
0.000000
0.000000
0.000000
0.000000
0.000000
0.000000
0.000000
0.000000
0.000000
0.000000
0.000000
0.000000
0.000000
0.000000
0.000000
0.000000
0.000000
0.000000
0.000000
0.000000
0.000000
0.000000
0.000000
0.000000
0.000000
0.000000
0.000000
0.000000
0.000000
0.000000
0.000000
0.000000
0.000000
0.000000
0.000000
0.000000
0.000000
0.000000
0.000000
0.000000
0.000000
0.000000
0.000000
0.000000
0.000000
0.000000
0.000000
0.000000
0.000000
0.000000
0.000000
0.000000
0.000000
0.000000
0.000000
0.000000
0.000000
0.000000
0.000000
0.000000
0.000000
