59.761400
20.316900
972.260000
178.730000
89.525000
47.206000
33.589000
20.564000
15.062000
11.238000
8.178500
5.574300
4.843600
3.884600
2.644700
2.476600
1.754500
1.539700
1.112900
0.977720
0.720980
0.585470
0.460410
0.466280
0.399140
0.317700
0.234800
0.213990
0.162790
0.115860
0.122770
0.114490
0.090090
0.066076
0.052200
0.056843
0.038711
0.033357
0.029445
0.020485
0.020434
0.010547
0.012333
0.008147
0.007846
0.009567
0.007842
0.004933
0.005780
0.002415
0.005636
0.002866
0.002815
0.001592
0.000913
0.002550
0.004009
0.001268
0.000900
0.000259
0.000409
0.000542
0.000381
0.000350
0.000195
0.000134
0.000106
0.000047
0.000119
0.000026
0.000011
0.000021
0.000197
0.000004
0.000200
0.000001
0.000005
0.000000
0.000016
0.000043
0.000218
0.000005
0.000009
0.000006
0.000010
0.000000
0.000000
0.000008
0.000000
0.000000
0.000000
0.000001
0.000000
0.000000
0.000000
0.000000
0.000000
0.000000
0.000000
0.000000
0.000000
0.000000
0.000000
0.000000
0.000000
0.000000
0.000000
0.000000
0.000000
0.000000
0.000000
0.000000
0.000000
0.000000
0.000000
0.000000
0.000000
0.000000
0.000000
0.000000
0.000000
0.000000
0.000000
0.000000
0.000000
0.000000
0.000000
0.000000
0.000000
0.000000
0.000000
0.000000
0.000000
0.000000
0.000000
0.000000
0.000000
0.000000
0.000000
0.000000
0.000000
0.000000
0.000000
0.000000
0.000000
0.000000
0.000000
0.000000
0.000000
0.000000
0.000000
0.000000
0.000000
0.000000
0.000000
0.000000
0.000000
0.000000
0.000000
0.000000
0.000000
0.000000
0.000000
0.000000
0.000000
0.000000
0.000000
0.000000
0.000000
0.000000
0.000000
0.000000
0.000000
0.000000
0.000000
0.000000
0.000000
0.000000
0.000000
0.000000
0.000000
0.000000
0.000000
0.000000
0.000000
0.000000
0.000000
0.000000
0.000000
0.000000
0.000000
0.000000
0.000000
0.000000
0.000000
0.000000
0.000000
0.000000
0.000000
0.000000
0.000000
0.000000
