41.119900
34.826500
940.920000
233.180000
115.660000
66.422000
46.023000
31.138000
21.999000
14.497000
10.915000
8.959500
6.962300
5.121600
4.220200
2.889100
2.240000
1.877400
1.591400
0.991300
0.920480
0.717070
0.564960
0.455900
0.435360
0.268260
0.244290
0.220450
0.168450
0.151770
0.098064
0.084725
0.095169
0.042148
0.046626
0.041622
0.036194
0.025672
0.017576
0.016455
0.017606
0.012354
0.009191
0.005964
0.006394
0.003680
0.003694
0.002378
0.002383
0.002157
0.001050
0.001114
0.000764
0.000880
0.000803
0.000380
0.000179
0.000189
0.000495
0.000071
0.000064
0.000123
0.000416
0.000127
0.000074
0.000323
0.000015
0.000055
0.000010
0.000017
0.000000
0.000029
0.000002
0.000015
0.000012
0.000017
0.000007
0.000016
0.000042
0.000023
0.000007
0.000000
0.000004
0.000000
0.000001
0.000001
0.000000
0.000000
0.000000
0.000000
0.000000
0.000000
0.000000
0.000000
0.000000
0.000000
0.000000
0.000000
0.000000
0.000000
0.000000
0.000000
0.000000
0.000000
0.000000
0.000000
0.000000
0.000000
0.000000
0.000000
0.000000
0.000000
0.000000
0.000000
0.000000
0.000000
0.000000
0.000000
0.000000
0.000000
0.000000
0.000000
0.000000
0.000000
0.000000
0.000000
0.000000
0.000000
0.000000
0.000000
0.000000
0.000000
0.000000
0.000000
0.000000
0.000000
0.000000
0.000000
0.000000
0.000000
0.000000
0.000000
0.000000
0.000000
0.000000
0.000000
0.000000
0.000000
0.000000
0.000000
0.000000
0.000000
0.000000
0.000000
0.000000
0.000000
0.000000
0.000000
0.000000
0.000000
0.000000
0.000000
0.000000
0.000000
0.000000
0.000000
0.000000
0.000000
0.000000
0.000000
0.000000
0.000000
0.000000
0.000000
0.000000
0.000000
0.000000
0.000000
0.000000
0.000000
0.000000
0.000000
0.000000
0.000000
0.000000
0.000000
0.000000
0.000000
0.000000
0.000000
0.000000
0.000000
0.000000
0.000000
0.000000
0.000000
0.000000
0.000000
0.000000
0.000000
0.000000
0.000000
