44.794700
49.689600
1015.900000
228.950000
100.220000
55.997000
39.342000
26.990000
16.769000
12.859000
8.856200
6.490400
5.439900
3.679000
3.101800
2.110500
1.779900
1.199700
0.932160
0.829400
0.516150
0.448060
0.338220
0.241890
0.175340
0.149740
0.111600
0.104480
0.070520
0.064225
0.032518
0.039537
0.026503
0.017557
0.018638
0.013642
0.005550
0.005866
0.003967
0.004478
0.003593
0.002410
0.002362
0.003076
0.001678
0.000870
0.000436
0.000300
0.001078
0.000435
0.000369
0.000220
0.000177
0.000101
0.000161
0.000083
0.000127
0.000005
0.000040
0.000016
0.000007
0.000031
0.000009
0.000001
0.000006
0.000004
0.000022
0.000000
0.000000
0.000000
0.000000
0.000000
0.000010
0.000000
0.000000
0.000000
0.000000
0.000000
0.000000
0.000000
0.000000
0.000000
0.000000
0.000000
0.000000
0.000000
0.000000
0.000000
0.000000
0.000000
0.000000
0.000000
0.000000
0.000000
0.000000
0.000000
0.000000
0.000000
0.000000
0.000000
0.000000
0.000000
0.000000
0.000000
0.000000
0.000000
0.000000
0.000000
0.000000
0.000000
0.000000
0.000000
0.000000
0.000000
0.000000
0.000000
0.000000
0.000000
0.000000
0.000000
0.000000
0.000000
0.000000
0.000000
0.000000
0.000000
0.000000
0.000000
0.000000
0.000000
0.000000
0.000000
0.000000
0.000000
0.000000
0.000000
0.000000
0.000000
0.000000
0.000000
0.000000
0.000000
0.000000
0.000000
0.000000
0.000000
0.000000
0.000000
0.000000
0.000000
0.000000
0.000000
0.000000
0.000000
0.000000
0.000000
0.000000
0.000000
0.000000
0.000000
0.000000
0.000000
0.000000
0.000000
0.000000
0.000000
0.000000
0.000000
0.000000
0.000000
0.000000
0.000000
0.000000
0.000000
0.000000
0.000000
0.000000
0.000000
0.000000
0.000000
0.000000
0.000000
0.000000
0.000000
0.000000
0.000000
0.000000
0.000000
0.000000
0.000000
0.000000
0.000000
0.000000
0.000000
0.000000
0.000000
0.000000
0.000000
0.000000
0.000000
0.000000
0.000000
