48.654700
35.708400
851.270000
218.530000
98.770000
54.822000
38.316000
24.980000
16.548000
12.935000
8.821300
7.011100
5.052800
3.838700
3.226800
2.314400
1.910300
1.518800
1.034200
0.866050
0.595980
0.607350
0.453530
0.288750
0.233590
0.207810
0.200060
0.132990
0.100740
0.097643
0.057660
0.043456
0.039696
0.041143
0.027043
0.025175
0.022345
0.014228
0.011846
0.011065
0.011237
0.005790
0.007296
0.006165
0.002585
0.001610
0.002603
0.000656
0.002245
0.001090
0.000425
0.001113
0.000447
0.000722
0.000541
0.000436
0.000116
0.000445
0.000187
0.000053
0.000368
0.000071
0.000041
0.000038
0.000005
0.000030
0.000012
0.000007
0.000014
0.000006
0.000001
0.000006
0.000002
0.000011
0.000001
0.000000
0.000000
0.000000
0.000000
0.000000
0.000000
0.000000
0.000000
0.000000
0.000002
0.000000
0.000000
0.000000
0.000000
0.000000
0.000000
0.000000
0.000000
0.000000
0.000000
0.000000
0.000000
0.000000
0.000000
0.000000
0.000000
0.000000
0.000000
0.000000
0.000000
0.000000
0.000000
0.000000
0.000000
0.000000
0.000000
0.000000
0.000000
0.000000
0.000000
0.000000
0.000000
0.000000
0.000000
0.000000
0.000000
0.000000
0.000000
0.000000
0.000000
0.000000
0.000000
0.000000
0.000000
0.000000
0.000000
0.000000
0.000000
0.000000
0.000000
0.000000
0.000000
0.000000
0.000000
0.000000
0.000000
0.000000
0.000000
0.000000
0.000000
0.000000
0.000000
0.000000
0.000000
0.000000
0.000000
0.000000
0.000000
0.000000
0.000000
0.000000
0.000000
0.000000
0.000000
0.000000
0.000000
0.000000
0.000000
0.000000
0.000000
0.000000
0.000000
0.000000
0.000000
0.000000
0.000000
0.000000
0.000000
0.000000
0.000000
0.000000
0.000000
0.000000
0.000000
0.000000
0.000000
0.000000
0.000000
0.000000
0.000000
0.000000
0.000000
0.000000
0.000000
0.000000
0.000000
0.000000
0.000000
0.000000
0.000000
0.000000
0.000000
0.000000
0.000000
0.000000
0.000000
0.000000
