56.277500
51.950900
924.880000
189.520000
85.486000
50.660000
30.311000
19.302000
13.175000
9.214000
6.965200
4.439800
3.501400
2.390700
1.893500
1.506300
1.055300
0.746300
0.474950
0.435840
0.381670
0.288950
0.207900
0.124070
0.095841
0.087168
0.068319
0.049307
0.024763
0.040575
0.018275
0.018140
0.014703
0.010130
0.007526
0.005820
0.005603
0.005255
0.002076
0.005254
0.002379
0.000575
0.000710
0.000716
0.000298
0.000258
0.000217
0.000184
0.000086
0.000038
0.000047
0.000054
0.000082
0.000007
0.000033
0.000019
0.000068
0.000021
0.000016
0.000006
0.000002
0.000008
0.000007
0.000000
0.000000
0.000000
0.000003
0.000002
0.000000
0.000001
0.000001
0.000000
0.000000
0.000000
0.000000
0.000000
0.000000
0.000000
0.000000
0.000000
0.000000
0.000000
0.000000
0.000000
0.000000
0.000000
0.000000
0.000000
0.000000
0.000000
0.000000
0.000000
0.000000
0.000000
0.000000
0.000000
0.000000
0.000000
0.000000
0.000000
0.000000
0.000000
0.000000
0.000000
0.000000
0.000000
0.000000
0.000000
0.000000
0.000000
0.000000
0.000000
0.000000
0.000000
0.000000
0.000000
0.000000
0.000000
0.000000
0.000000
0.000000
0.000000
0.000000
0.000000
0.000000
0.000000
0.000000
0.000000
0.000000
0.000000
0.000000
0.000000
0.000000
0.000000
0.000000
0.000000
0.000000
0.000000
0.000000
0.000000
0.000000
0.000000
0.000000
0.000000
0.000000
0.000000
0.000000
0.000000
0.000000
0.000000
0.000000
0.000000
0.000000
0.000000
0.000000
0.000000
0.000000
0.000000
0.000000
0.000000
0.000000
0.000000
0.000000
0.000000
0.000000
0.000000
0.000000
0.000000
0.000000
0.000000
0.000000
0.000000
0.000000
0.000000
0.000000
0.000000
0.000000
0.000000
0.000000
0.000000
0.000000
0.000000
0.000000
0.000000
0.000000
0.000000
0.000000
0.000000
0.000000
0.000000
0.000000
0.000000
0.000000
0.000000
0.000000
0.000000
0.000000
0.000000
0.000000
0.000000
0.000000
0.000000
