55.323000
48.753000
949.240000
193.530000
84.349000
51.779000
33.031000
20.319000
14.091000
10.207000
6.490600
4.989100
3.806900
2.875100
2.114100
1.414700
1.157000
0.767170
0.628310
0.518780
0.364530
0.248660
0.224870
0.154640
0.136720
0.080376
0.069663
0.059404
0.034991
0.032568
0.031155
0.022333
0.010878
0.012034
0.010922
0.008161
0.003681
0.004816
0.003131
0.001184
0.001259
0.002272
0.000883
0.000824
0.000437
0.000846
0.000340
0.000234
0.000056
0.000177
0.000146
0.000087
0.000063
0.000026
0.000046
0.000007
0.000043
0.000011
0.000006
0.000015
0.000010
0.000012
0.000019
0.000036
0.000167
0.000003
0.000004
0.000000
0.000000
0.000013
0.000000
0.000000
0.000000
0.000000
0.000000
0.000000
0.000000
0.000000
0.000000
0.000000
0.000000
0.000000
0.000000
0.000000
0.000000
0.000000
0.000000
0.000000
0.000000
0.000000
0.000000
0.000000
0.000000
0.000000
0.000000
0.000000
0.000000
0.000000
0.000000
0.000000
0.000000
0.000000
0.000000
0.000000
0.000000
0.000000
0.000000
0.000000
0.000000
0.000000
0.000000
0.000000
0.000000
0.000000
0.000000
0.000000
0.000000
0.000000
0.000000
0.000000
0.000000
0.000000
0.000000
0.000000
0.000000
0.000000
0.000000
0.000000
0.000000
0.000000
0.000000
0.000000
0.000000
0.000000
0.000000
0.000000
0.000000
0.000000
0.000000
0.000000
0.000000
0.000000
0.000000
0.000000
0.000000
0.000000
0.000000
0.000000
0.000000
0.000000
0.000000
0.000000
0.000000
0.000000
0.000000
0.000000
0.000000
0.000000
0.000000
0.000000
0.000000
0.000000
0.000000
0.000000
0.000000
0.000000
0.000000
0.000000
0.000000
0.000000
0.000000
0.000000
0.000000
0.000000
0.000000
0.000000
0.000000
0.000000
0.000000
0.000000
0.000000
0.000000
0.000000
0.000000
0.000000
0.000000
0.000000
0.000000
0.000000
0.000000
0.000000
0.000000
0.000000
0.000000
0.000000
0.000000
0.000000
0.000000
0.000000
0.000000
0.000000
0.000000
