51.892800
18.814800
915.540000
203.070000
96.186000
56.815000
36.132000
26.740000
18.859000
14.429000
9.698100
7.874400
6.001000
4.579400
3.583400
3.215200
2.344300
1.980600
1.538400
1.491700
1.218600
0.878230
0.816450
0.526630
0.460390
0.529000
0.322170
0.290530
0.233030
0.232750
0.161200
0.149820
0.142300
0.115560
0.092866
0.067058
0.057208
0.045254
0.041835
0.036431
0.031655
0.024485
0.027615
0.014276
0.009301
0.021716
0.014789
0.006302
0.005697
0.007758
0.006638
0.002822
0.006067
0.002220
0.003776
0.002884
0.001829
0.000848
0.000624
0.002507
0.001053
0.000617
0.000128
0.000396
0.000592
0.001712
0.000255
0.000190
0.000904
0.000164
0.000033
0.000076
0.000052
0.000333
0.000010
0.000025
0.000018
0.000027
0.000128
0.000045
0.000020
0.000033
0.000000
0.000006
0.000009
0.000004
0.000000
0.000000
0.000000
0.000000
0.000029
0.000001
0.000000
0.000020
0.000000
0.000000
0.000000
0.000000
0.000008
0.000000
0.000000
0.000000
0.000000
0.000000
0.000000
0.000000
0.000000
0.000001
0.000000
0.000000
0.000000
0.000000
0.000000
0.000000
0.000000
0.000000
0.000000
0.000000
0.000000
0.000000
0.000000
0.000000
0.000000
0.000000
0.000000
0.000000
0.000000
0.000000
0.000000
0.000000
0.000000
0.000000
0.000000
0.000000
0.000000
0.000000
0.000000
0.000000
0.000000
0.000000
0.000000
0.000000
0.000000
0.000000
0.000000
0.000000
0.000000
0.000000
0.000000
0.000000
0.000000
0.000000
0.000000
0.000000
0.000000
0.000000
0.000000
0.000000
0.000000
0.000000
0.000000
0.000000
0.000000
0.000000
0.000000
0.000000
0.000000
0.000000
0.000000
0.000000
0.000000
0.000000
0.000000
0.000000
0.000000
0.000000
0.000000
0.000000
0.000000
0.000000
0.000000
0.000000
0.000000
0.000000
0.000000
0.000000
0.000000
0.000000
0.000000
0.000000
0.000000
0.000000
0.000000
0.000000
0.000000
0.000000
0.000000
0.000000
0.000000
0.000000
0.000000
0.000000
