63.068800
46.741100
950.510000
175.220000
78.578000
43.855000
27.246000
16.719000
10.925000
8.286500
6.052300
4.158900
2.752800
2.346400
1.583100
1.105700
0.890980
0.728060
0.453200
0.394260
0.291150
0.187890
0.156210
0.131010
0.076526
0.058541
0.064361
0.030820
0.029858
0.034109
0.020489
0.012628
0.010058
0.008141
0.011169
0.005666
0.005488
0.002161
0.002450
0.000906
0.001721
0.001352
0.001151
0.000868
0.000358
0.000352
0.000254
0.000136
0.000179
0.000119
0.000039
0.000026
0.000344
0.000057
0.000020
0.000026
0.000023
0.000002
0.000000
0.000011
0.000002
0.000015
0.000013
0.000000
0.000000
0.000000
0.000002
0.000000
0.000002
0.000002
0.000000
0.000011
0.000062
0.000000
0.000000
0.000000
0.000000
0.000000
0.000000
0.000000
0.000000
0.000000
0.000000
0.000000
0.000000
0.000000
0.000000
0.000000
0.000000
0.000000
0.000000
0.000000
0.000000
0.000000
0.000000
0.000000
0.000000
0.000000
0.000000
0.000000
0.000000
0.000000
0.000000
0.000000
0.000000
0.000000
0.000000
0.000000
0.000000
0.000000
0.000000
0.000000
0.000000
0.000000
0.000000
0.000000
0.000000
0.000000
0.000000
0.000000
0.000000
0.000000
0.000000
0.000000
0.000000
0.000000
0.000000
0.000000
0.000000
0.000000
0.000000
0.000000
0.000000
0.000000
0.000000
0.000000
0.000000
0.000000
0.000000
0.000000
0.000000
0.000000
0.000000
0.000000
0.000000
0.000000
0.000000
0.000000
0.000000
0.000000
0.000000
0.000000
0.000000
0.000000
0.000000
0.000000
0.000000
0.000000
0.000000
0.000000
0.000000
0.000000
0.000000
0.000000
0.000000
0.000000
0.000000
0.000000
0.000000
0.000000
0.000000
0.000000
0.000000
0.000000
0.000000
0.000000
0.000000
0.000000
0.000000
0.000000
0.000000
0.000000
0.000000
0.000000
0.000000
0.000000
0.000000
0.000000
0.000000
0.000000
0.000000
0.000000
0.000000
0.000000
0.000000
0.000000
0.000000
0.000000
0.000000
0.000000
0.000000
0.000000
