87.584600
12.955800
829.120000
151.980000
60.250000
31.658000
18.883000
11.722000
7.619200
5.842700
4.845000
3.284300
2.301600
1.957300
1.491700
1.210400
0.986160
0.903710
0.696870
0.633000
0.476590
0.458480
0.336720
0.280240
0.287870
0.162540
0.219130
0.169340
0.117370
0.129050
0.081848
0.068587
0.041339
0.062617
0.067060
0.061419
0.044997
0.032094
0.025612
0.024164
0.012875
0.023098
0.021301
0.010612
0.011015
0.009198
0.006294
0.006247
0.009978
0.009688
0.002979
0.000912
0.001690
0.002757
0.002013
0.004690
0.003672
0.000634
0.001088
0.000824
0.000431
0.000265
0.000061
0.000023
0.000204
0.000679
0.000018
0.001321
0.000090
0.000146
0.000027
0.000196
0.000012
0.000026
0.000027
0.000026
0.000053
0.000006
0.000076
0.000054
0.000064
0.000006
0.000011
0.000000
0.000003
0.000080
0.000015
0.000002
0.000003
0.000000
0.000000
0.000002
0.000057
0.000000
0.000039
0.000008
0.000000
0.000000
0.000000
0.000001
0.000000
0.000000
0.000000
0.000000
0.000002
0.000000
0.000000
0.000036
0.000000
0.000000
0.000000
0.000000
0.000000
0.000000
0.000000
0.000000
0.000004
0.000000
0.000000
0.000000
0.000000
0.000000
0.000000
0.000000
0.000000
0.000000
0.000000
0.000000
0.000000
0.000000
0.000000
0.000000
0.000000
0.000000
0.000000
0.000000
0.000000
0.000000
0.000000
0.000000
0.000000
0.000000
0.000000
0.000000
0.000000
0.000000
0.000000
0.000000
0.000000
0.000000
0.000000
0.000000
0.000000
0.000000
0.000000
0.000000
0.000000
0.000000
0.000000
0.000000
0.000000
0.000000
0.000000
0.000000
0.000000
0.000000
0.000000
0.000000
0.000000
0.000000
0.000000
0.000000
0.000000
0.000000
0.000000
0.000000
0.000000
0.000000
0.000000
0.000000
0.000000
0.000000
0.000000
0.000000
0.000000
0.000000
0.000000
0.000000
0.000000
0.000000
0.000000
0.000000
0.000000
0.000000
0.000000
0.000000
0.000000
0.000000
0.000000
0.000000
0.000000
0.000000
