42.464600
44.919600
953.510000
223.620000
111.640000
59.429000
39.751000
28.117000
19.951000
14.257000
10.090000
8.112600
5.754300
3.984500
3.433100
2.786600
1.950000
1.438700
1.164000
0.909960
0.685570
0.571870
0.403210
0.318690
0.284300
0.218830
0.163680
0.102860
0.084766
0.082809
0.066116
0.046692
0.040589
0.025004
0.023417
0.013703
0.009983
0.015422
0.014381
0.008492
0.003001
0.002323
0.003801
0.004451
0.002540
0.001126
0.000489
0.001932
0.000864
0.001324
0.000366
0.000367
0.000349
0.000244
0.000159
0.000143
0.000037
0.000232
0.000048
0.000009
0.000034
0.000145
0.000070
0.000023
0.000024
0.000010
0.000002
0.000007
0.000031
0.000032
0.000002
0.000000
0.000002
0.000000
0.000000
0.000001
0.000000
0.000003
0.000000
0.000001
0.000002
0.000000
0.000000
0.000000
0.000000
0.000000
0.000000
0.000000
0.000000
0.000000
0.000000
0.000000
0.000000
0.000000
0.000000
0.000000
0.000000
0.000000
0.000000
0.000000
0.000000
0.000000
0.000000
0.000000
0.000000
0.000000
0.000000
0.000000
0.000000
0.000000
0.000000
0.000000
0.000000
0.000000
0.000000
0.000000
0.000000
0.000000
0.000000
0.000000
0.000000
0.000000
0.000000
0.000000
0.000000
0.000000
0.000000
0.000000
0.000000
0.000000
0.000000
0.000000
0.000000
0.000000
0.000000
0.000000
0.000000
0.000000
0.000000
0.000000
0.000000
0.000000
0.000000
0.000000
0.000000
0.000000
0.000000
0.000000
0.000000
0.000000
0.000000
0.000000
0.000000
0.000000
0.000000
0.000000
0.000000
0.000000
0.000000
0.000000
0.000000
0.000000
0.000000
0.000000
0.000000
0.000000
0.000000
0.000000
0.000000
0.000000
0.000000
0.000000
0.000000
0.000000
0.000000
0.000000
0.000000
0.000000
0.000000
0.000000
0.000000
0.000000
0.000000
0.000000
0.000000
0.000000
0.000000
0.000000
0.000000
0.000000
0.000000
0.000000
0.000000
0.000000
0.000000
0.000000
0.000000
0.000000
0.000000
0.000000
0.000000
0.000000
