72.439300
12.810000
843.980000
163.850000
72.631000
38.151000
24.693000
15.844000
11.590000
9.063000
6.296600
5.229000
3.770100
3.061700
2.290800
2.106800
1.841200
1.251000
1.213900
0.988820
0.754270
0.717140
0.547760
0.501550
0.348190
0.339260
0.317150
0.287400
0.166930
0.156940
0.124540
0.136940
0.117610
0.084886
0.115500
0.064637
0.055293
0.055456
0.037516
0.023464
0.031144
0.040525
0.025738
0.013293
0.009731
0.013277
0.017823
0.014600
0.011927
0.009037
0.003910
0.006008
0.006209
0.003229
0.003860
0.002803
0.003140
0.004277
0.001885
0.002471
0.001533
0.000743
0.001375
0.001440
0.002575
0.000426
0.000207
0.000488
0.000156
0.000121
0.000304
0.000103
0.000451
0.000251
0.000040
0.000130
0.000037
0.000019
0.000014
0.000046
0.000035
0.000009
0.000053
0.000000
0.000006
0.000000
0.000048
0.000003
0.000021
0.000000
0.000019
0.000001
0.000000
0.000000
0.000000
0.000000
0.000000
0.000000
0.000000
0.000000
0.000000
0.000002
0.000000
0.000000
0.000000
0.000000
0.000003
0.000000
0.000000
0.000000
0.000000
0.000000
0.000000
0.000000
0.000000
0.000003
0.000000
0.000000
0.000000
0.000000
0.000001
0.000000
0.000000
0.000000
0.000000
0.000000
0.000000
0.000000
0.000000
0.000000
0.000000
0.000000
0.000000
0.000000
0.000000
0.000000
0.000000
0.000000
0.000000
0.000000
0.000000
0.000000
0.000000
0.000000
0.000000
0.000000
0.000000
0.000000
0.000000
0.000000
0.000000
0.000000
0.000000
0.000000
0.000000
0.000000
0.000000
0.000000
0.000000
0.000000
0.000000
0.000000
0.000000
0.000000
0.000000
0.000000
0.000000
0.000000
0.000000
0.000000
0.000000
0.000000
0.000000
0.000000
0.000000
0.000000
0.000000
0.000000
0.000000
0.000000
0.000000
0.000000
0.000000
0.000000
0.000000
0.000000
0.000000
0.000000
0.000000
0.000000
0.000000
0.000000
0.000000
0.000000
0.000000
0.000000
0.000000
0.000000
0.000000
0.000000
0.000000
0.000000
