42.808800
15.867000
965.680000
238.710000
110.340000
71.472000
46.027000
34.209000
21.678000
18.743000
13.042000
10.254000
8.912400
7.322800
5.623400
4.251700
3.893100
3.055000
2.499000
2.174400
1.860000
1.347300
1.231000
1.020600
0.853320
0.790090
0.616640
0.522550
0.418350
0.398620
0.299650
0.245240
0.242200
0.215280
0.161850
0.135850
0.138180
0.062673
0.082779
0.054516
0.083711
0.056668
0.034169
0.038102
0.028675
0.035168
0.028909
0.022381
0.011791
0.011202
0.015611
0.015259
0.011596
0.012177
0.004966
0.003899
0.003401
0.003781
0.003055
0.002320
0.002345
0.001292
0.001535
0.001126
0.000849
0.000532
0.000346
0.001021
0.000283
0.000569
0.000765
0.000344
0.000274
0.000487
0.000058
0.000302
0.000087
0.000291
0.000112
0.000141
0.000016
0.000439
0.000037
0.000000
0.000045
0.000024
0.000000
0.000012
0.000040
0.000083
0.000000
0.000002
0.000001
0.000005
0.000000
0.000000
0.000002
0.000000
0.000007
0.000000
0.000000
0.000001
0.000000
0.000024
0.000000
0.000000
0.000000
0.000000
0.000000
0.000000
0.000000
0.000000
0.000000
0.000000
0.000000
0.000000
0.000002
0.000000
0.000000
0.000000
0.000000
0.000000
0.000000
0.000000
0.000000
0.000000
0.000000
0.000000
0.000000
0.000000
0.000000
0.000000
0.000000
0.000000
0.000000
0.000000
0.000000
0.000000
0.000000
0.000000
0.000000
0.000000
0.000000
0.000000
0.000000
0.000000
0.000000
0.000000
0.000000
0.000000
0.000000
0.000000
0.000000
0.000000
0.000000
0.000000
0.000000
0.000000
0.000000
0.000000
0.000000
0.000000
0.000000
0.000000
0.000000
0.000000
0.000000
0.000000
0.000000
0.000000
0.000000
0.000000
0.000000
0.000000
0.000000
0.000000
0.000000
0.000000
0.000000
0.000000
0.000000
0.000000
0.000000
0.000000
0.000000
0.000000
0.000000
0.000000
0.000000
0.000000
0.000000
0.000000
0.000000
0.000000
0.000000
0.000000
0.000000
0.000000
0.000000
0.000000
0.000000
0.000000
