57.668400
58.342700
902.910000
198.080000
85.826000
51.104000
27.622000
17.068000
12.149000
9.121500
6.322700
4.173900
3.047400
2.213700
1.679300
1.382900
0.906980
0.663670
0.466940
0.417330
0.275130
0.203410
0.163010
0.104610
0.064602
0.078566
0.048269
0.036739
0.030695
0.028541
0.009302
0.016661
0.006111
0.008134
0.005658
0.004976
0.002584
0.001492
0.001411
0.002025
0.000475
0.000814
0.000569
0.000436
0.000608
0.000663
0.000138
0.000097
0.000152
0.000068
0.000059
0.000066
0.000077
0.000008
0.000025
0.000028
0.000018
0.000020
0.000008
0.000005
0.000000
0.000001
0.000004
0.000003
0.000000
0.000000
0.000002
0.000008
0.000000
0.000000
0.000000
0.000000
0.000000
0.000000
0.000000
0.000000
0.000000
0.000000
0.000000
0.000000
0.000000
0.000000
0.000000
0.000000
0.000000
0.000000
0.000000
0.000000
0.000000
0.000000
0.000000
0.000000
0.000000
0.000000
0.000000
0.000000
0.000000
0.000000
0.000000
0.000000
0.000000
0.000000
0.000000
0.000000
0.000000
0.000000
0.000000
0.000000
0.000000
0.000000
0.000000
0.000000
0.000000
0.000000
0.000000
0.000000
0.000000
0.000000
0.000000
0.000000
0.000000
0.000000
0.000000
0.000000
0.000000
0.000000
0.000000
0.000000
0.000000
0.000000
0.000000
0.000000
0.000000
0.000000
0.000000
0.000000
0.000000
0.000000
0.000000
0.000000
0.000000
0.000000
0.000000
0.000000
0.000000
0.000000
0.000000
0.000000
0.000000
0.000000
0.000000
0.000000
0.000000
0.000000
0.000000
0.000000
0.000000
0.000000
0.000000
0.000000
0.000000
0.000000
0.000000
0.000000
0.000000
0.000000
0.000000
0.000000
0.000000
0.000000
0.000000
0.000000
0.000000
0.000000
0.000000
0.000000
0.000000
0.000000
0.000000
0.000000
0.000000
0.000000
0.000000
0.000000
0.000000
0.000000
0.000000
0.000000
0.000000
0.000000
0.000000
0.000000
0.000000
0.000000
0.000000
0.000000
0.000000
0.000000
0.000000
0.000000
0.000000
0.000000
