46.986200
13.507000
912.210000
219.690000
107.070000
63.450000
43.200000
28.320000
23.328000
16.363000
12.666000
9.839400
8.595500
6.585700
4.722300
4.035100
3.641900
2.722200
2.178400
2.274800
1.774900
1.359800
1.131100
0.958750
0.733730
0.684790
0.641770
0.531790
0.476450
0.422510
0.322050
0.320090
0.218760
0.214450
0.157490
0.145980
0.105490
0.112830
0.080773
0.100070
0.073780
0.058416
0.057478
0.038922
0.043305
0.030516
0.030811
0.031218
0.024720
0.011346
0.014714
0.016577
0.009995
0.010093
0.006641
0.005742
0.005821
0.004347
0.004841
0.005546
0.003448
0.003403
0.003126
0.001150
0.003065
0.002579
0.000230
0.001949
0.000412
0.002002
0.000940
0.000267
0.000258
0.000928
0.000593
0.000326
0.000353
0.000051
0.000048
0.000733
0.000108
0.000347
0.000175
0.000011
0.000021
0.000143
0.000045
0.000017
0.000201
0.000035
0.000012
0.000112
0.000006
0.000000
0.000007
0.000017
0.000098
0.000000
0.000002
0.000000
0.000012
0.000000
0.000006
0.000002
0.000000
0.000000
0.000000
0.000000
0.000000
0.000000
0.000000
0.000000
0.000000
0.000000
0.000000
0.000000
0.000000
0.000000
0.000000
0.000000
0.000000
0.000000
0.000000
0.000000
0.000000
0.000000
0.000000
0.000000
0.000000
0.000013
0.000000
0.000000
0.000000
0.000000
0.000000
0.000000
0.000000
0.000000
0.000000
0.000000
0.000000
0.000000
0.000000
0.000000
0.000000
0.000000
0.000000
0.000000
0.000000
0.000000
0.000000
0.000000
0.000000
0.000000
0.000000
0.000000
0.000000
0.000000
0.000000
0.000000
0.000000
0.000000
0.000000
0.000000
0.000000
0.000000
0.000000
0.000000
0.000000
0.000000
0.000000
0.000000
0.000000
0.000000
0.000000
0.000000
0.000000
0.000000
0.000000
0.000000
0.000000
0.000000
0.000000
0.000000
0.000000
0.000000
0.000000
0.000000
0.000000
0.000000
0.000000
0.000000
0.000000
0.000000
0.000000
0.000000
0.000000
0.000000
0.000000
0.000000
0.000000
0.000000
