87.352800
43.041600
773.280000
142.320000
61.220000
28.431000
16.886000
10.906000
6.726500
4.175700
3.319500
2.039500
1.352600
1.052400
0.770380
0.537510
0.445580
0.320510
0.207480
0.153040
0.153600
0.093717
0.095656
0.041110
0.037469
0.039892
0.025190
0.015526
0.021093
0.013118
0.010405
0.006797
0.007675
0.004931
0.003569
0.002199
0.002260
0.000889
0.002481
0.000422
0.000447
0.001100
0.000291
0.000071
0.000181
0.000094
0.000144
0.000351
0.000045
0.000021
0.000035
0.000076
0.000030
0.000152
0.000020
0.000022
0.000013
0.000010
0.000002
0.000000
0.000000
0.000006
0.000000
0.000003
0.000000
0.000000
0.000000
0.000000
0.000001
0.000002
0.000022
0.000000
0.000000
0.000002
0.000000
0.000000
0.000000
0.000000
0.000000
0.000000
0.000000
0.000000
0.000000
0.000000
0.000000
0.000000
0.000000
0.000000
0.000000
0.000000
0.000000
0.000000
0.000000
0.000000
0.000000
0.000000
0.000000
0.000000
0.000000
0.000000
0.000000
0.000000
0.000000
0.000000
0.000000
0.000000
0.000000
0.000000
0.000000
0.000000
0.000000
0.000000
0.000000
0.000000
0.000000
0.000000
0.000000
0.000000
0.000000
0.000000
0.000000
0.000000
0.000000
0.000000
0.000000
0.000000
0.000000
0.000000
0.000000
0.000000
0.000000
0.000000
0.000000
0.000000
0.000000
0.000000
0.000000
0.000000
0.000000
0.000000
0.000000
0.000000
0.000000
0.000000
0.000000
0.000000
0.000000
0.000000
0.000000
0.000000
0.000000
0.000000
0.000000
0.000000
0.000000
0.000000
0.000000
0.000000
0.000000
0.000000
0.000000
0.000000
0.000000
0.000000
0.000000
0.000000
0.000000
0.000000
0.000000
0.000000
0.000000
0.000000
0.000000
0.000000
0.000000
0.000000
0.000000
0.000000
0.000000
0.000000
0.000000
0.000000
0.000000
0.000000
0.000000
0.000000
0.000000
0.000000
0.000000
0.000000
0.000000
0.000000
0.000000
0.000000
0.000000
0.000000
0.000000
0.000000
0.000000
0.000000
0.000000
0.000000
