71.540600
19.710000
846.610000
168.460000
79.001000
40.349000
27.134000
15.651000
11.729000
8.598400
5.888800
4.253400
3.483000
2.695400
2.027100
1.779000
1.254400
1.076600
0.909520
0.772100
0.540940
0.417290
0.396090
0.321520
0.229720
0.220090
0.202750
0.143140
0.122400
0.099079
0.108330
0.084505
0.072333
0.036180
0.046597
0.032891
0.027779
0.020814
0.018474
0.018531
0.016178
0.017255
0.010013
0.011737
0.011315
0.005112
0.008396
0.002666
0.002559
0.002626
0.003249
0.002815
0.002211
0.002200
0.000578
0.000926
0.001361
0.000470
0.000256
0.000286
0.000140
0.000150
0.000201
0.000108
0.000019
0.000066
0.000126
0.000031
0.000066
0.000314
0.000045
0.000024
0.000010
0.000018
0.000023
0.000008
0.000040
0.000008
0.000013
0.000035
0.000006
0.000016
0.000000
0.000002
0.000002
0.000004
0.000050
0.000000
0.000030
0.000000
0.000000
0.000002
0.000000
0.000002
0.000000
0.000002
0.000000
0.000000
0.000002
0.000001
0.000000
0.000000
0.000000
0.000000
0.000000
0.000000
0.000000
0.000000
0.000000
0.000000
0.000000
0.000000
0.000000
0.000000
0.000000
0.000000
0.000000
0.000000
0.000000
0.000000
0.000000
0.000000
0.000000
0.000000
0.000000
0.000000
0.000000
0.000000
0.000000
0.000000
0.000000
0.000000
0.000000
0.000000
0.000000
0.000000
0.000000
0.000000
0.000000
0.000000
0.000000
0.000000
0.000000
0.000000
0.000000
0.000000
0.000000
0.000000
0.000000
0.000000
0.000000
0.000000
0.000000
0.000000
0.000000
0.000000
0.000000
0.000000
0.000000
0.000000
0.000000
0.000000
0.000000
0.000000
0.000000
0.000000
0.000000
0.000000
0.000000
0.000000
0.000000
0.000000
0.000000
0.000000
0.000000
0.000000
0.000000
0.000000
0.000000
0.000000
0.000000
0.000000
0.000000
0.000000
0.000000
0.000000
0.000000
0.000000
0.000000
0.000000
0.000000
0.000000
0.000000
0.000000
0.000000
0.000000
0.000000
0.000000
0.000000
0.000000
0.000000
0.000000
