64.642500
20.843600
884.950000
183.010000
76.882000
46.828000
26.617000
19.062000
13.560000
8.842500
6.997000
5.581500
3.929800
3.058700
2.521600
1.968200
1.464800
1.267200
0.945390
0.847280
0.650150
0.483650
0.423290
0.342450
0.279820
0.248540
0.249670
0.160540
0.181130
0.115380
0.087348
0.080978
0.053878
0.066484
0.046278
0.043888
0.026575
0.026834
0.025062
0.019526
0.016982
0.013098
0.007764
0.007978
0.008992
0.008118
0.005348
0.005134
0.002187
0.002965
0.002609
0.001239
0.000603
0.001178
0.002125
0.002296
0.001081
0.001307
0.001089
0.000438
0.000291
0.000241
0.000069
0.000099
0.000099
0.000400
0.000104
0.000174
0.000022
0.000026
0.000055
0.000030
0.000085
0.000125
0.000106
0.000033
0.000036
0.000019
0.000023
0.000005
0.000011
0.000000
0.000000
0.000000
0.000006
0.000007
0.000000
0.000000
0.000000
0.000000
0.000000
0.000000
0.000000
0.000000
0.000000
0.000000
0.000000
0.000000
0.000000
0.000003
0.000000
0.000000
0.000000
0.000000
0.000000
0.000000
0.000000
0.000000
0.000000
0.000000
0.000000
0.000000
0.000003
0.000000
0.000000
0.000000
0.000000
0.000000
0.000000
0.000000
0.000000
0.000000
0.000000
0.000000
0.000000
0.000000
0.000000
0.000000
0.000000
0.000000
0.000000
0.000000
0.000000
0.000000
0.000000
0.000000
0.000000
0.000000
0.000000
0.000000
0.000000
0.000000
0.000000
0.000000
0.000000
0.000000
0.000000
0.000000
0.000000
0.000000
0.000000
0.000000
0.000000
0.000000
0.000000
0.000000
0.000000
0.000000
0.000000
0.000000
0.000000
0.000000
0.000000
0.000000
0.000000
0.000000
0.000000
0.000000
0.000000
0.000000
0.000000
0.000000
0.000000
0.000000
0.000000
0.000000
0.000000
0.000000
0.000000
0.000000
0.000000
0.000000
0.000000
0.000000
0.000000
0.000000
0.000000
0.000000
0.000000
0.000000
0.000000
0.000000
0.000000
0.000000
0.000000
0.000000
0.000000
0.000000
0.000000
0.000000
0.000000
0.000000
