75.431500
25.746000
861.220000
166.750000
72.210000
36.064000
22.398000
14.676000
9.641400
7.246800
4.724700
3.730300
2.880100
2.033900
1.270100
1.184100
0.920980
0.695880
0.703210
0.492620
0.376790
0.321530
0.258180
0.184490
0.168860
0.109240
0.111820
0.072851
0.071960
0.060834
0.042943
0.037536
0.033999
0.025855
0.031142
0.016422
0.015752
0.009874
0.010500
0.011347
0.005190
0.004921
0.003792
0.003477
0.003889
0.002826
0.001429
0.001325
0.001906
0.000779
0.001189
0.000513
0.001651
0.000703
0.000440
0.000609
0.000437
0.000318
0.000168
0.000124
0.000110
0.000193
0.000054
0.000090
0.000009
0.000014
0.000021
0.000064
0.000028
0.000014
0.000002
0.000119
0.000011
0.000001
0.000051
0.000000
0.000000
0.000014
0.000013
0.000002
0.000000
0.000002
0.000000
0.000004
0.000000
0.000000
0.000002
0.000000
0.000000
0.000000
0.000000
0.000000
0.000000
0.000001
0.000000
0.000000
0.000000
0.000000
0.000000
0.000000
0.000000
0.000001
0.000000
0.000000
0.000000
0.000000
0.000000
0.000000
0.000000
0.000000
0.000000
0.000000
0.000000
0.000000
0.000000
0.000000
0.000000
0.000000
0.000000
0.000000
0.000000
0.000000
0.000000
0.000000
0.000000
0.000000
0.000000
0.000000
0.000000
0.000000
0.000000
0.000000
0.000000
0.000000
0.000000
0.000000
0.000000
0.000000
0.000000
0.000000
0.000000
0.000000
0.000000
0.000000
0.000000
0.000000
0.000000
0.000000
0.000000
0.000000
0.000000
0.000000
0.000000
0.000000
0.000000
0.000000
0.000000
0.000000
0.000000
0.000000
0.000000
0.000000
0.000000
0.000000
0.000000
0.000000
0.000000
0.000000
0.000000
0.000000
0.000000
0.000000
0.000000
0.000000
0.000000
0.000000
0.000000
0.000000
0.000000
0.000000
0.000000
0.000000
0.000000
0.000000
0.000000
0.000000
0.000000
0.000000
0.000000
0.000000
0.000000
0.000000
0.000000
0.000000
0.000000
0.000000
0.000000
0.000000
0.000000
0.000000
0.000000
0.000000
