61.196000
42.407200
884.860000
184.390000
82.037000
48.751000
29.248000
18.650000
12.139000
8.731500
6.273800
4.728200
3.136600
2.375000
1.851300
1.187800
0.931500
0.711620
0.554390
0.411710
0.330460
0.277780
0.170550
0.136560
0.126080
0.089265
0.057687
0.057016
0.045264
0.047353
0.031350
0.018826
0.017780
0.015604
0.009485
0.005383
0.005702
0.004986
0.003905
0.004236
0.003624
0.002984
0.001806
0.002241
0.000789
0.000897
0.000741
0.000387
0.000458
0.000231
0.000241
0.000209
0.000260
0.000036
0.000010
0.000029
0.000018
0.000048
0.000011
0.000000
0.000029
0.000001
0.000000
0.000013
0.000000
0.000000
0.000000
0.000000
0.000000
0.000000
0.000002
0.000001
0.000000
0.000000
0.000000
0.000000
0.000000
0.000000
0.000000
0.000000
0.000000
0.000000
0.000000
0.000000
0.000000
0.000000
0.000000
0.000000
0.000000
0.000000
0.000000
0.000000
0.000000
0.000000
0.000000
0.000000
0.000000
0.000000
0.000000
0.000000
0.000000
0.000000
0.000000
0.000000
0.000000
0.000000
0.000000
0.000000
0.000000
0.000000
0.000000
0.000000
0.000000
0.000000
0.000000
0.000000
0.000000
0.000000
0.000000
0.000000
0.000000
0.000000
0.000000
0.000000
0.000000
0.000000
0.000000
0.000000
0.000000
0.000000
0.000000
0.000000
0.000000
0.000000
0.000000
0.000000
0.000000
0.000000
0.000000
0.000000
0.000000
0.000000
0.000000
0.000000
0.000000
0.000000
0.000000
0.000000
0.000000
0.000000
0.000000
0.000000
0.000000
0.000000
0.000000
0.000000
0.000000
0.000000
0.000000
0.000000
0.000000
0.000000
0.000000
0.000000
0.000000
0.000000
0.000000
0.000000
0.000000
0.000000
0.000000
0.000000
0.000000
0.000000
0.000000
0.000000
0.000000
0.000000
0.000000
0.000000
0.000000
0.000000
0.000000
0.000000
0.000000
0.000000
0.000000
0.000000
0.000000
0.000000
0.000000
0.000000
0.000000
0.000000
0.000000
0.000000
0.000000
0.000000
0.000000
0.000000
0.000000
0.000000
