71.599300
22.140000
796.800000
171.070000
66.443000
39.343000
27.702000
16.611000
11.738000
7.539700
5.763900
4.357400
2.999200
2.726500
1.995800
1.744800
1.058500
0.964300
0.798450
0.608730
0.501680
0.409190
0.359010
0.259050
0.210820
0.181660
0.150810
0.110550
0.090143
0.068033
0.055128
0.053577
0.058177
0.035209
0.034872
0.016125
0.027506
0.016763
0.012890
0.011702
0.010700
0.010478
0.009932
0.005545
0.005924
0.003371
0.003661
0.001618
0.000924
0.001068
0.001873
0.000510
0.001324
0.003769
0.001691
0.000704
0.000376
0.000064
0.000184
0.000384
0.000760
0.000274
0.000054
0.000422
0.000388
0.000115
0.000010
0.000008
0.000003
0.000012
0.000012
0.000023
0.000013
0.000033
0.000000
0.000009
0.000001
0.000004
0.000003
0.000000
0.000000
0.000007
0.000000
0.000000
0.000020
0.000000
0.000000
0.000000
0.000000
0.000010
0.000000
0.000000
0.000000
0.000000
0.000000
0.000000
0.000000
0.000000
0.000000
0.000000
0.000000
0.000000
0.000000
0.000000
0.000000
0.000000
0.000000
0.000000
0.000000
0.000000
0.000000
0.000000
0.000000
0.000000
0.000000
0.000000
0.000000
0.000000
0.000000
0.000000
0.000000
0.000000
0.000000
0.000000
0.000000
0.000000
0.000000
0.000000
0.000000
0.000000
0.000000
0.000000
0.000000
0.000000
0.000000
0.000000
0.000000
0.000000
0.000000
0.000000
0.000000
0.000000
0.000000
0.000000
0.000000
0.000000
0.000000
0.000000
0.000000
0.000000
0.000000
0.000000
0.000000
0.000000
0.000000
0.000000
0.000000
0.000000
0.000000
0.000000
0.000000
0.000000
0.000000
0.000000
0.000000
0.000000
0.000000
0.000000
0.000000
0.000000
0.000000
0.000000
0.000000
0.000000
0.000000
0.000000
0.000000
0.000000
0.000000
0.000000
0.000000
0.000000
0.000000
0.000000
0.000000
0.000000
0.000000
0.000000
0.000000
0.000000
0.000000
0.000000
0.000000
0.000000
0.000000
0.000000
0.000000
0.000000
0.000000
0.000000
0.000000
0.000000
