82.032600
21.381900
888.580000
153.810000
67.134000
35.392000
18.919000
13.685000
8.063100
5.482800
4.374600
3.323700
2.271700
1.835700
1.364900
1.138600
0.842320
0.661970
0.566220
0.432530
0.402850
0.334540
0.254040
0.169860
0.149530
0.147270
0.132250
0.107560
0.055682
0.057827
0.051188
0.041292
0.039228
0.028422
0.019065
0.028997
0.015784
0.012152
0.015450
0.007544
0.008171
0.012818
0.004554
0.002634
0.006530
0.003068
0.005143
0.001713
0.001726
0.002056
0.000718
0.000365
0.000627
0.000410
0.000153
0.000467
0.000302
0.000615
0.000773
0.000496
0.000230
0.000237
0.000122
0.000023
0.000587
0.000113
0.000067
0.000038
0.000016
0.000025
0.000015
0.000005
0.000001
0.000020
0.000008
0.000011
0.000000
0.000003
0.000002
0.000010
0.000012
0.000006
0.000009
0.000000
0.000000
0.000000
0.000024
0.000000
0.000000
0.000000
0.000000
0.000000
0.000000
0.000000
0.000000
0.000000
0.000000
0.000003
0.000000
0.000000
0.000000
0.000005
0.000000
0.000000
0.000000
0.000000
0.000000
0.000000
0.000000
0.000000
0.000000
0.000000
0.000000
0.000000
0.000000
0.000000
0.000000
0.000000
0.000000
0.000000
0.000000
0.000000
0.000000
0.000000
0.000000
0.000000
0.000000
0.000000
0.000000
0.000000
0.000000
0.000000
0.000000
0.000000
0.000000
0.000000
0.000000
0.000000
0.000000
0.000000
0.000000
0.000000
0.000000
0.000000
0.000000
0.000000
0.000000
0.000000
0.000000
0.000000
0.000000
0.000000
0.000000
0.000000
0.000000
0.000000
0.000000
0.000000
0.000000
0.000000
0.000000
0.000000
0.000000
0.000000
0.000000
0.000000
0.000000
0.000000
0.000000
0.000000
0.000000
0.000000
0.000000
0.000000
0.000000
0.000000
0.000000
0.000000
0.000000
0.000000
0.000000
0.000000
0.000000
0.000000
0.000000
0.000000
0.000000
0.000000
0.000000
0.000000
0.000000
0.000000
0.000000
0.000000
0.000000
0.000000
0.000000
0.000000
0.000000
0.000000
0.000000
0.000000
