57.561600
14.668900
916.670000
195.670000
95.759000
51.914000
33.848000
23.861000
18.461000
11.816000
9.118100
7.134500
5.950000
4.563300
3.351200
3.210800
2.500400
1.956300
1.601500
1.186300
1.087800
0.959520
0.738610
0.712760
0.628800
0.451570
0.387350
0.374400
0.227870
0.252130
0.192320
0.155700
0.136790
0.127040
0.107990
0.091587
0.091087
0.073425
0.048071
0.059491
0.053726
0.030384
0.037981
0.028066
0.015144
0.016367
0.009959
0.009319
0.010910
0.009441
0.005918
0.005255
0.005471
0.005109
0.002404
0.003157
0.001758
0.001095
0.002576
0.002202
0.002523
0.000918
0.000919
0.001432
0.000169
0.000300
0.000244
0.000157
0.000280
0.000347
0.000588
0.000435
0.000111
0.000146
0.000625
0.000230
0.000032
0.000071
0.000032
0.000059
0.000000
0.000007
0.000024
0.000000
0.000005
0.000001
0.000042
0.000009
0.000000
0.000025
0.000000
0.000000
0.000000
0.000055
0.000202
0.000020
0.000000
0.000002
0.000005
0.000010
0.000000
0.000000
0.000000
0.000000
0.000000
0.000001
0.000000
0.000000
0.000000
0.000000
0.000000
0.000002
0.000000
0.000000
0.000000
0.000000
0.000000
0.000000
0.000000
0.000000
0.000000
0.000000
0.000000
0.000000
0.000000
0.000000
0.000000
0.000000
0.000000
0.000000
0.000000
0.000000
0.000000
0.000000
0.000000
0.000000
0.000000
0.000000
0.000000
0.000000
0.000000
0.000000
0.000000
0.000000
0.000000
0.000000
0.000000
0.000000
0.000000
0.000000
0.000000
0.000000
0.000000
0.000000
0.000000
0.000000
0.000000
0.000000
0.000000
0.000000
0.000000
0.000000
0.000000
0.000000
0.000000
0.000000
0.000000
0.000000
0.000000
0.000000
0.000000
0.000000
0.000000
0.000000
0.000000
0.000000
0.000000
0.000000
0.000000
0.000000
0.000000
0.000000
0.000000
0.000000
0.000000
0.000000
0.000000
0.000000
0.000000
0.000000
0.000000
0.000000
0.000000
0.000000
0.000000
0.000000
0.000000
0.000000
0.000000
0.000000
0.000000
0.000000
