83.904200
38.460200
798.980000
154.550000
63.482000
35.026000
16.444000
9.987100
7.629000
5.051800
3.586600
2.574500
1.647800
1.381200
0.821790
0.678210
0.495600
0.459260
0.288890
0.186430
0.177880
0.132190
0.097782
0.076624
0.079835
0.034871
0.037674
0.029281
0.018768
0.012581
0.011463
0.016252
0.009808
0.005677
0.007150
0.004036
0.004723
0.001734
0.001727
0.001078
0.001709
0.000418
0.000393
0.000476
0.001310
0.000881
0.000370
0.000346
0.000372
0.000106
0.000539
0.000085
0.000059
0.000214
0.000018
0.000035
0.000124
0.000037
0.000051
0.000002
0.000035
0.000006
0.000000
0.000006
0.000000
0.000002
0.000005
0.000000
0.000000
0.000000
0.000000
0.000001
0.000000
0.000000
0.000000
0.000000
0.000000
0.000000
0.000000
0.000000
0.000000
0.000000
0.000000
0.000000
0.000000
0.000000
0.000000
0.000000
0.000000
0.000000
0.000000
0.000000
0.000000
0.000000
0.000000
0.000000
0.000000
0.000000
0.000000
0.000000
0.000000
0.000000
0.000000
0.000000
0.000000
0.000000
0.000000
0.000000
0.000000
0.000000
0.000000
0.000000
0.000000
0.000000
0.000000
0.000000
0.000000
0.000000
0.000000
0.000000
0.000000
0.000000
0.000000
0.000000
0.000000
0.000000
0.000000
0.000000
0.000000
0.000000
0.000000
0.000000
0.000000
0.000000
0.000000
0.000000
0.000000
0.000000
0.000000
0.000000
0.000000
0.000000
0.000000
0.000000
0.000000
0.000000
0.000000
0.000000
0.000000
0.000000
0.000000
0.000000
0.000000
0.000000
0.000000
0.000000
0.000000
0.000000
0.000000
0.000000
0.000000
0.000000
0.000000
0.000000
0.000000
0.000000
0.000000
0.000000
0.000000
0.000000
0.000000
0.000000
0.000000
0.000000
0.000000
0.000000
0.000000
0.000000
0.000000
0.000000
0.000000
0.000000
0.000000
0.000000
0.000000
0.000000
0.000000
0.000000
0.000000
0.000000
0.000000
0.000000
0.000000
0.000000
0.000000
0.000000
0.000000
0.000000
0.000000
0.000000
0.000000
0.000000
