78.935900
49.929500
842.940000
159.750000
62.995000
33.926000
20.193000
12.236000
7.439100
5.479900
3.641800
2.461800
1.776400
1.204800
0.849750
0.616660
0.454650
0.374670
0.236860
0.168040
0.146850
0.087166
0.063314
0.058862
0.044451
0.029294
0.012917
0.015582
0.015520
0.015455
0.013484
0.007563
0.003825
0.004611
0.002776
0.004254
0.001495
0.002401
0.002119
0.000571
0.000910
0.000649
0.000861
0.000198
0.000451
0.000233
0.000252
0.000269
0.000027
0.000013
0.000010
0.000013
0.000360
0.000070
0.000003
0.000002
0.000000
0.000004
0.000000
0.000004
0.000002
0.000000
0.000000
0.000013
0.000000
0.000008
0.000000
0.000000
0.000000
0.000000
0.000000
0.000003
0.000000
0.000000
0.000000
0.000000
0.000000
0.000000
0.000000
0.000000
0.000000
0.000000
0.000000
0.000000
0.000000
0.000000
0.000000
0.000000
0.000000
0.000000
0.000000
0.000000
0.000000
0.000000
0.000000
0.000000
0.000000
0.000000
0.000000
0.000000
0.000000
0.000000
0.000000
0.000000
0.000000
0.000000
0.000000
0.000000
0.000000
0.000000
0.000000
0.000000
0.000000
0.000000
0.000000
0.000000
0.000000
0.000000
0.000000
0.000000
0.000000
0.000000
0.000000
0.000000
0.000000
0.000000
0.000000
0.000000
0.000000
0.000000
0.000000
0.000000
0.000000
0.000000
0.000000
0.000000
0.000000
0.000000
0.000000
0.000000
0.000000
0.000000
0.000000
0.000000
0.000000
0.000000
0.000000
0.000000
0.000000
0.000000
0.000000
0.000000
0.000000
0.000000
0.000000
0.000000
0.000000
0.000000
0.000000
0.000000
0.000000
0.000000
0.000000
0.000000
0.000000
0.000000
0.000000
0.000000
0.000000
0.000000
0.000000
0.000000
0.000000
0.000000
0.000000
0.000000
0.000000
0.000000
0.000000
0.000000
0.000000
0.000000
0.000000
0.000000
0.000000
0.000000
0.000000
0.000000
0.000000
0.000000
0.000000
0.000000
0.000000
0.000000
0.000000
0.000000
0.000000
0.000000
0.000000
0.000000
0.000000
0.000000
