54.967700
39.353600
927.310000
206.030000
87.092000
47.686000
31.399000
21.663000
15.360000
11.052000
7.205700
5.223900
3.968900
3.033300
2.103500
1.757200
1.330800
1.031800
0.810270
0.619020
0.470930
0.396660
0.313710
0.225740
0.139770
0.122320
0.101270
0.075881
0.070942
0.068105
0.033391
0.033561
0.030341
0.018984
0.015547
0.017216
0.008732
0.008317
0.006943
0.004928
0.003142
0.002312
0.002456
0.001247
0.002506
0.001270
0.000786
0.000543
0.001324
0.000420
0.000258
0.000584
0.000395
0.000082
0.000143
0.000055
0.000095
0.000136
0.000087
0.000031
0.000058
0.000086
0.000014
0.000005
0.000004
0.000000
0.000001
0.000002
0.000007
0.000001
0.000000
0.000008
0.000000
0.000000
0.000002
0.000017
0.000000
0.000000
0.000000
0.000004
0.000002
0.000000
0.000000
0.000002
0.000000
0.000000
0.000000
0.000000
0.000000
0.000000
0.000000
0.000000
0.000000
0.000000
0.000003
0.000000
0.000000
0.000000
0.000000
0.000000
0.000000
0.000000
0.000000
0.000000
0.000000
0.000000
0.000000
0.000000
0.000000
0.000000
0.000000
0.000000
0.000000
0.000000
0.000000
0.000000
0.000000
0.000000
0.000000
0.000000
0.000000
0.000000
0.000000
0.000000
0.000000
0.000000
0.000000
0.000000
0.000000
0.000000
0.000000
0.000000
0.000000
0.000000
0.000000
0.000000
0.000000
0.000000
0.000000
0.000000
0.000000
0.000000
0.000000
0.000000
0.000000
0.000000
0.000000
0.000000
0.000000
0.000000
0.000000
0.000000
0.000000
0.000000
0.000000
0.000000
0.000000
0.000000
0.000000
0.000000
0.000000
0.000000
0.000000
0.000000
0.000000
0.000000
0.000000
0.000000
0.000000
0.000000
0.000000
0.000000
0.000000
0.000000
0.000000
0.000000
0.000000
0.000000
0.000000
0.000000
0.000000
0.000000
0.000000
0.000000
0.000000
0.000000
0.000000
0.000000
0.000000
0.000000
0.000000
0.000000
0.000000
0.000000
0.000000
0.000000
0.000000
0.000000
0.000000
0.000000
0.000000
0.000000
