69.594200
23.333700
842.440000
183.910000
74.660000
41.678000
25.122000
16.674000
10.533000
8.237300
6.086800
4.645500
3.213800
2.600700
2.021700
1.617200
1.087200
0.905220
0.780400
0.653680
0.516480
0.405260
0.331470
0.284960
0.221580
0.169580
0.167510
0.105640
0.102910
0.064341
0.076470
0.049846
0.051802
0.043413
0.033502
0.025254
0.020842
0.013060
0.018032
0.018240
0.010581
0.005867
0.005218
0.003990
0.007109
0.003084
0.003081
0.002942
0.001360
0.002194
0.002551
0.000221
0.001688
0.000449
0.000917
0.000249
0.000565
0.000822
0.000072
0.000377
0.000116
0.000098
0.000242
0.000087
0.000036
0.000017
0.000079
0.000044
0.000015
0.000026
0.000000
0.000049
0.000005
0.000021
0.000008
0.000053
0.000003
0.000008
0.000070
0.000026
0.000001
0.000006
0.000000
0.000000
0.000001
0.000000
0.000002
0.000000
0.000000
0.000000
0.000000
0.000000
0.000000
0.000000
0.000000
0.000000
0.000000
0.000000
0.000000
0.000000
0.000000
0.000000
0.000000
0.000000
0.000000
0.000000
0.000000
0.000000
0.000000
0.000000
0.000000
0.000000
0.000000
0.000000
0.000000
0.000000
0.000000
0.000000
0.000000
0.000000
0.000000
0.000000
0.000000
0.000000
0.000000
0.000000
0.000000
0.000000
0.000000
0.000000
0.000000
0.000000
0.000000
0.000000
0.000000
0.000000
0.000000
0.000000
0.000000
0.000000
0.000000
0.000000
0.000000
0.000000
0.000000
0.000000
0.000000
0.000000
0.000000
0.000000
0.000000
0.000000
0.000000
0.000000
0.000000
0.000000
0.000000
0.000000
0.000000
0.000000
0.000000
0.000000
0.000000
0.000000
0.000000
0.000000
0.000000
0.000000
0.000000
0.000000
0.000000
0.000000
0.000000
0.000000
0.000000
0.000000
0.000000
0.000000
0.000000
0.000000
0.000000
0.000000
0.000000
0.000000
0.000000
0.000000
0.000000
0.000000
0.000000
0.000000
0.000000
0.000000
0.000000
0.000000
0.000000
0.000000
0.000000
0.000000
0.000000
0.000000
0.000000
0.000000
