45.268400
47.337000
1032.900000
228.830000
105.220000
63.619000
39.184000
26.042000
17.016000
13.279000
9.611100
6.537600
4.982300
3.460400
2.856100
2.347500
1.550700
1.336400
0.995770
0.682060
0.637880
0.450020
0.353900
0.268750
0.178430
0.173620
0.114130
0.107110
0.102380
0.063065
0.048766
0.037739
0.033915
0.034024
0.018461
0.013870
0.017865
0.006914
0.005660
0.006218
0.004424
0.007155
0.003664
0.001835
0.003407
0.001160
0.001076
0.000408
0.000383
0.000200
0.000095
0.000442
0.000421
0.000151
0.000041
0.000184
0.000121
0.000032
0.000076
0.000022
0.000008
0.000055
0.000000
0.000017
0.000007
0.000030
0.000011
0.000004
0.000000
0.000000
0.000000
0.000000
0.000000
0.000000
0.000001
0.000000
0.000000
0.000000
0.000001
0.000000
0.000000
0.000000
0.000000
0.000000
0.000000
0.000000
0.000000
0.000000
0.000000
0.000000
0.000000
0.000000
0.000000
0.000000
0.000000
0.000000
0.000000
0.000000
0.000000
0.000000
0.000000
0.000000
0.000000
0.000000
0.000000
0.000000
0.000000
0.000000
0.000000
0.000000
0.000000
0.000000
0.000000
0.000000
0.000000
0.000000
0.000000
0.000000
0.000000
0.000000
0.000000
0.000000
0.000000
0.000000
0.000000
0.000000
0.000000
0.000000
0.000000
0.000000
0.000000
0.000000
0.000000
0.000000
0.000000
0.000000
0.000000
0.000000
0.000000
0.000000
0.000000
0.000000
0.000000
0.000000
0.000000
0.000000
0.000000
0.000000
0.000000
0.000000
0.000000
0.000000
0.000000
0.000000
0.000000
0.000000
0.000000
0.000000
0.000000
0.000000
0.000000
0.000000
0.000000
0.000000
0.000000
0.000000
0.000000
0.000000
0.000000
0.000000
0.000000
0.000000
0.000000
0.000000
0.000000
0.000000
0.000000
0.000000
0.000000
0.000000
0.000000
0.000000
0.000000
0.000000
0.000000
0.000000
0.000000
0.000000
0.000000
0.000000
0.000000
0.000000
0.000000
0.000000
0.000000
0.000000
0.000000
0.000000
0.000000
0.000000
0.000000
0.000000
