72.279700
53.342900
900.920000
180.540000
70.486000
37.632000
23.858000
13.831000
9.541800
5.783400
4.391400
2.827200
2.107700
1.366300
1.095600
0.739630
0.529110
0.406220
0.321310
0.248930
0.186770
0.125700
0.094381
0.066164
0.055441
0.036374
0.041368
0.024177
0.018972
0.008725
0.008294
0.012160
0.005943
0.002630
0.001700
0.001979
0.001926
0.001421
0.001152
0.001252
0.000705
0.000209
0.000434
0.000181
0.000312
0.000229
0.000033
0.000070
0.000034
0.000081
0.000018
0.000010
0.000117
0.000002
0.000010
0.000013
0.000002
0.000013
0.000000
0.000000
0.000000
0.000000
0.000023
0.000000
0.000000
0.000000
0.000000
0.000000
0.000000
0.000000
0.000000
0.000000
0.000000
0.000000
0.000000
0.000000
0.000000
0.000000
0.000000
0.000000
0.000000
0.000000
0.000000
0.000000
0.000000
0.000000
0.000000
0.000000
0.000000
0.000000
0.000000
0.000000
0.000000
0.000000
0.000000
0.000000
0.000000
0.000000
0.000000
0.000000
0.000000
0.000000
0.000000
0.000000
0.000000
0.000000
0.000000
0.000000
0.000000
0.000000
0.000000
0.000000
0.000000
0.000000
0.000000
0.000000
0.000000
0.000000
0.000000
0.000000
0.000000
0.000000
0.000000
0.000000
0.000000
0.000000
0.000000
0.000000
0.000000
0.000000
0.000000
0.000000
0.000000
0.000000
0.000000
0.000000
0.000000
0.000000
0.000000
0.000000
0.000000
0.000000
0.000000
0.000000
0.000000
0.000000
0.000000
0.000000
0.000000
0.000000
0.000000
0.000000
0.000000
0.000000
0.000000
0.000000
0.000000
0.000000
0.000000
0.000000
0.000000
0.000000
0.000000
0.000000
0.000000
0.000000
0.000000
0.000000
0.000000
0.000000
0.000000
0.000000
0.000000
0.000000
0.000000
0.000000
0.000000
0.000000
0.000000
0.000000
0.000000
0.000000
0.000000
0.000000
0.000000
0.000000
0.000000
0.000000
0.000000
0.000000
0.000000
0.000000
0.000000
0.000000
0.000000
0.000000
0.000000
0.000000
0.000000
0.000000
0.000000
0.000000
