40.118800
11.035900
1000.300000
235.900000
111.780000
70.153000
47.021000
38.127000
28.118000
20.417000
16.667000
13.314000
10.230000
8.748600
6.939900
5.317600
4.777900
3.882100
3.160000
2.893100
2.717800
2.071900
1.825600
1.486300
1.279000
1.044600
0.955910
0.819300
0.727440
0.585600
0.549980
0.401460
0.356930
0.357100
0.276570
0.225330
0.206410
0.197410
0.165790
0.100030
0.137330
0.091682
0.085236
0.073952
0.062977
0.062297
0.043898
0.035276
0.037923
0.032178
0.030149
0.023874
0.016391
0.026979
0.019816
0.011120
0.011451
0.008189
0.006258
0.009557
0.004787
0.003805
0.003374
0.002909
0.002140
0.002103
0.002331
0.001642
0.003449
0.001880
0.002259
0.001294
0.001162
0.000907
0.000405
0.001663
0.001216
0.000233
0.000108
0.001127
0.000371
0.000960
0.000008
0.000352
0.000519
0.000051
0.000025
0.000072
0.000022
0.000069
0.000115
0.000009
0.000015
0.000008
0.000001
0.000006
0.000000
0.000465
0.000017
0.000017
0.000004
0.000021
0.000001
0.000000
0.000002
0.000003
0.000068
0.000000
0.000000
0.000000
0.000000
0.000000
0.000000
0.000000
0.000001
0.000000
0.000000
0.000000
0.000000
0.000000
0.000000
0.000000
0.000000
0.000000
0.000000
0.000000
0.000000
0.000000
0.000000
0.000000
0.000000
0.000000
0.000000
0.000000
0.000003
0.000000
0.000000
0.000002
0.000000
0.000000
0.000000
0.000000
0.000000
0.000000
0.000000
0.000000
0.000000
0.000000
0.000000
0.000000
0.000000
0.000000
0.000000
0.000000
0.000000
0.000000
0.000000
0.000000
0.000000
0.000000
0.000000
0.000000
0.000000
0.000000
0.000000
0.000000
0.000000
0.000000
0.000000
0.000000
0.000000
0.000000
0.000000
0.000000
0.000000
0.000000
0.000000
0.000000
0.000000
0.000000
0.000000
0.000000
0.000000
0.000000
0.000000
0.000000
0.000000
0.000000
0.000000
0.000000
0.000000
0.000000
0.000000
0.000000
0.000000
0.000000
0.000000
0.000000
0.000000
0.000000
0.000000
0.000000
