64.105200
36.682000
915.900000
190.730000
82.881000
41.467000
28.279000
16.349000
10.782000
8.739100
6.265200
4.114800
3.431700
2.423800
1.920700
1.270700
1.032100
0.690420
0.615440
0.457060
0.396900
0.244720
0.198810
0.172910
0.147690
0.095653
0.093834
0.076066
0.048840
0.039616
0.039390
0.028089
0.020537
0.017579
0.013348
0.013080
0.009279
0.005999
0.003963
0.005020
0.003433
0.003318
0.002480
0.001252
0.001804
0.001981
0.001336
0.000411
0.000382
0.001804
0.000280
0.000425
0.000107
0.000213
0.000082
0.000057
0.000356
0.000051
0.000015
0.000038
0.000024
0.000045
0.000001
0.000300
0.000002
0.000000
0.000002
0.000004
0.000004
0.000003
0.000006
0.000009
0.000000
0.000012
0.000000
0.000000
0.000000
0.000000
0.000000
0.000000
0.000000
0.000000
0.000000
0.000000
0.000000
0.000000
0.000000
0.000000
0.000000
0.000000
0.000000
0.000000
0.000000
0.000000
0.000000
0.000000
0.000000
0.000000
0.000000
0.000000
0.000000
0.000000
0.000000
0.000000
0.000000
0.000000
0.000000
0.000000
0.000000
0.000000
0.000000
0.000000
0.000000
0.000000
0.000000
0.000000
0.000000
0.000000
0.000000
0.000000
0.000000
0.000000
0.000000
0.000000
0.000000
0.000000
0.000000
0.000000
0.000000
0.000000
0.000000
0.000000
0.000000
0.000000
0.000000
0.000000
0.000000
0.000000
0.000000
0.000000
0.000000
0.000000
0.000000
0.000000
0.000000
0.000000
0.000000
0.000000
0.000000
0.000000
0.000000
0.000000
0.000000
0.000000
0.000000
0.000000
0.000000
0.000000
0.000000
0.000000
0.000000
0.000000
0.000000
0.000000
0.000000
0.000000
0.000000
0.000000
0.000000
0.000000
0.000000
0.000000
0.000000
0.000000
0.000000
0.000000
0.000000
0.000000
0.000000
0.000000
0.000000
0.000000
0.000000
0.000000
0.000000
0.000000
0.000000
0.000000
0.000000
0.000000
0.000000
0.000000
0.000000
0.000000
0.000000
0.000000
0.000000
0.000000
0.000000
0.000000
0.000000
0.000000
