86.397400
30.147600
786.090000
151.620000
58.534000
30.853000
18.620000
10.458000
7.720200
4.753800
3.837100
2.615200
1.814000
1.359200
1.010400
0.744350
0.584510
0.472170
0.363020
0.320310
0.181040
0.181010
0.139250
0.096136
0.112560
0.055949
0.054362
0.055417
0.042838
0.029738
0.022120
0.016381
0.014305
0.011032
0.015880
0.007731
0.011306
0.004845
0.004142
0.003005
0.002913
0.001002
0.001646
0.002261
0.002996
0.000493
0.001344
0.000401
0.000143
0.000937
0.000335
0.000230
0.000306
0.000325
0.000172
0.000115
0.000027
0.000039
0.000011
0.000016
0.000003
0.000022
0.000008
0.000081
0.000001
0.000009
0.000005
0.000000
0.000001
0.000061
0.000000
0.000000
0.000016
0.000021
0.000000
0.000000
0.000000
0.000000
0.000000
0.000001
0.000000
0.000000
0.000000
0.000000
0.000000
0.000000
0.000000
0.000000
0.000000
0.000000
0.000000
0.000000
0.000000
0.000000
0.000000
0.000000
0.000000
0.000000
0.000000
0.000000
0.000000
0.000000
0.000000
0.000000
0.000000
0.000000
0.000000
0.000000
0.000000
0.000000
0.000000
0.000000
0.000000
0.000000
0.000000
0.000000
0.000000
0.000000
0.000000
0.000000
0.000000
0.000000
0.000000
0.000000
0.000000
0.000000
0.000000
0.000000
0.000000
0.000000
0.000000
0.000000
0.000000
0.000000
0.000000
0.000000
0.000000
0.000000
0.000000
0.000000
0.000000
0.000000
0.000000
0.000000
0.000000
0.000000
0.000000
0.000000
0.000000
0.000000
0.000000
0.000000
0.000000
0.000000
0.000000
0.000000
0.000000
0.000000
0.000000
0.000000
0.000000
0.000000
0.000000
0.000000
0.000000
0.000000
0.000000
0.000000
0.000000
0.000000
0.000000
0.000000
0.000000
0.000000
0.000000
0.000000
0.000000
0.000000
0.000000
0.000000
0.000000
0.000000
0.000000
0.000000
0.000000
0.000000
0.000000
0.000000
0.000000
0.000000
0.000000
0.000000
0.000000
0.000000
0.000000
0.000000
0.000000
0.000000
0.000000
0.000000
0.000000
0.000000
