87.121900
56.796100
847.680000
141.130000
54.338000
28.892000
16.470000
10.503000
6.457700
4.074800
2.872800
1.946900
1.320900
0.900200
0.551300
0.473880
0.278820
0.216460
0.177250
0.116330
0.079940
0.047551
0.052835
0.030235
0.014133
0.020477
0.019103
0.011872
0.006563
0.008487
0.003633
0.002083
0.003422
0.001423
0.001285
0.001300
0.000982
0.000655
0.001227
0.000976
0.000240
0.000048
0.000137
0.000089
0.000035
0.000038
0.000040
0.000114
0.000050
0.000015
0.000002
0.000004
0.000002
0.000014
0.000016
0.000002
0.000000
0.000000
0.000016
0.000001
0.000000
0.000000
0.000000
0.000000
0.000000
0.000000
0.000005
0.000000
0.000001
0.000000
0.000000
0.000000
0.000000
0.000000
0.000000
0.000000
0.000000
0.000000
0.000000
0.000000
0.000000
0.000000
0.000000
0.000000
0.000000
0.000000
0.000000
0.000000
0.000000
0.000000
0.000000
0.000000
0.000000
0.000000
0.000000
0.000000
0.000000
0.000000
0.000000
0.000000
0.000000
0.000000
0.000000
0.000000
0.000000
0.000000
0.000000
0.000000
0.000000
0.000000
0.000000
0.000000
0.000000
0.000000
0.000000
0.000000
0.000000
0.000000
0.000000
0.000000
0.000000
0.000000
0.000000
0.000000
0.000000
0.000000
0.000000
0.000000
0.000000
0.000000
0.000000
0.000000
0.000000
0.000000
0.000000
0.000000
0.000000
0.000000
0.000000
0.000000
0.000000
0.000000
0.000000
0.000000
0.000000
0.000000
0.000000
0.000000
0.000000
0.000000
0.000000
0.000000
0.000000
0.000000
0.000000
0.000000
0.000000
0.000000
0.000000
0.000000
0.000000
0.000000
0.000000
0.000000
0.000000
0.000000
0.000000
0.000000
0.000000
0.000000
0.000000
0.000000
0.000000
0.000000
0.000000
0.000000
0.000000
0.000000
0.000000
0.000000
0.000000
0.000000
0.000000
0.000000
0.000000
0.000000
0.000000
0.000000
0.000000
0.000000
0.000000
0.000000
0.000000
0.000000
0.000000
0.000000
0.000000
0.000000
0.000000
0.000000
0.000000
0.000000
