49.694300
46.606700
997.970000
213.450000
93.690000
52.256000
33.774000
21.181000
15.775000
10.877000
9.114400
6.220700
4.139200
3.297200
2.698600
1.883100
1.415700
0.976870
0.820070
0.628610
0.470650
0.329330
0.282550
0.215480
0.197500
0.126640
0.104850
0.078303
0.061213
0.043571
0.031243
0.029485
0.027755
0.017081
0.015714
0.008975
0.006084
0.006475
0.004207
0.003269
0.003792
0.001345
0.003179
0.001582
0.000893
0.000478
0.000668
0.000271
0.000411
0.000323
0.000359
0.000165
0.000454
0.000202
0.000047
0.000031
0.000027
0.000054
0.000052
0.000307
0.000006
0.000029
0.000007
0.000009
0.000001
0.000005
0.000009
0.000003
0.000006
0.000009
0.000019
0.000001
0.000000
0.000000
0.000000
0.000000
0.000000
0.000000
0.000000
0.000000
0.000000
0.000000
0.000000
0.000000
0.000000
0.000000
0.000000
0.000000
0.000000
0.000000
0.000000
0.000000
0.000000
0.000000
0.000000
0.000000
0.000000
0.000000
0.000000
0.000000
0.000000
0.000000
0.000000
0.000000
0.000000
0.000000
0.000000
0.000000
0.000000
0.000000
0.000000
0.000000
0.000000
0.000000
0.000000
0.000000
0.000000
0.000000
0.000000
0.000000
0.000000
0.000000
0.000000
0.000000
0.000000
0.000000
0.000000
0.000000
0.000000
0.000000
0.000000
0.000000
0.000000
0.000000
0.000000
0.000000
0.000000
0.000000
0.000000
0.000000
0.000000
0.000000
0.000000
0.000000
0.000000
0.000000
0.000000
0.000000
0.000000
0.000000
0.000000
0.000000
0.000000
0.000000
0.000000
0.000000
0.000000
0.000000
0.000000
0.000000
0.000000
0.000000
0.000000
0.000000
0.000000
0.000000
0.000000
0.000000
0.000000
0.000000
0.000000
0.000000
0.000000
0.000000
0.000000
0.000000
0.000000
0.000000
0.000000
0.000000
0.000000
0.000000
0.000000
0.000000
0.000000
0.000000
0.000000
0.000000
0.000000
0.000000
0.000000
0.000000
0.000000
0.000000
0.000000
0.000000
0.000000
0.000000
0.000000
0.000000
0.000000
0.000000
