69.151200
48.670700
899.040000
170.020000
71.679000
40.100000
24.457000
14.175000
10.619000
7.068100
4.638100
3.544400
2.358100
1.544000
1.356200
0.991420
0.612060
0.450610
0.354160
0.280340
0.166150
0.131010
0.112810
0.078143
0.081020
0.054205
0.037631
0.026579
0.021598
0.011139
0.015295
0.010294
0.006201
0.005948
0.005836
0.003409
0.002151
0.002049
0.001434
0.001066
0.000507
0.000550
0.000293
0.000712
0.000310
0.000897
0.000261
0.000079
0.000078
0.000030
0.000297
0.000024
0.000077
0.000060
0.000005
0.000033
0.000002
0.000000
0.000015
0.000017
0.000004
0.000006
0.000002
0.000000
0.000000
0.000007
0.000002
0.000000
0.000000
0.000000
0.000000
0.000000
0.000000
0.000000
0.000001
0.000000
0.000000
0.000000
0.000000
0.000000
0.000000
0.000000
0.000000
0.000000
0.000000
0.000000
0.000000
0.000000
0.000000
0.000000
0.000000
0.000000
0.000000
0.000000
0.000000
0.000000
0.000000
0.000000
0.000000
0.000000
0.000000
0.000000
0.000000
0.000000
0.000000
0.000000
0.000000
0.000000
0.000000
0.000000
0.000000
0.000000
0.000000
0.000000
0.000000
0.000000
0.000000
0.000000
0.000000
0.000000
0.000000
0.000000
0.000000
0.000000
0.000000
0.000000
0.000000
0.000000
0.000000
0.000000
0.000000
0.000000
0.000000
0.000000
0.000000
0.000000
0.000000
0.000000
0.000000
0.000000
0.000000
0.000000
0.000000
0.000000
0.000000
0.000000
0.000000
0.000000
0.000000
0.000000
0.000000
0.000000
0.000000
0.000000
0.000000
0.000000
0.000000
0.000000
0.000000
0.000000
0.000000
0.000000
0.000000
0.000000
0.000000
0.000000
0.000000
0.000000
0.000000
0.000000
0.000000
0.000000
0.000000
0.000000
0.000000
0.000000
0.000000
0.000000
0.000000
0.000000
0.000000
0.000000
0.000000
0.000000
0.000000
0.000000
0.000000
0.000000
0.000000
0.000000
0.000000
0.000000
0.000000
0.000000
0.000000
0.000000
0.000000
0.000000
0.000000
0.000000
0.000000
0.000000
