72.273900
30.249300
824.170000
164.560000
74.072000
36.862000
23.919000
16.472000
10.249000
6.875600
5.510700
3.492600
2.844800
1.987400
1.516400
1.172600
0.966540
0.794980
0.505470
0.484790
0.344800
0.266200
0.229170
0.174390
0.142690
0.115780
0.094435
0.070965
0.067868
0.040396
0.040240
0.036128
0.022453
0.019298
0.017077
0.007659
0.009478
0.006100
0.006991
0.005536
0.005632
0.005712
0.002125
0.003370
0.001262
0.001504
0.000917
0.000739
0.000272
0.002686
0.000518
0.001460
0.000379
0.000359
0.000232
0.000178
0.000177
0.000127
0.000046
0.000065
0.000025
0.000114
0.000008
0.000007
0.000001
0.000017
0.000000
0.000007
0.000073
0.000006
0.000004
0.000005
0.000000
0.000000
0.000014
0.000000
0.000018
0.000000
0.000000
0.000007
0.000000
0.000005
0.000000
0.000009
0.000000
0.000000
0.000000
0.000000
0.000000
0.000000
0.000000
0.000000
0.000000
0.000000
0.000000
0.000000
0.000000
0.000000
0.000000
0.000000
0.000000
0.000000
0.000000
0.000000
0.000000
0.000000
0.000000
0.000000
0.000000
0.000000
0.000000
0.000000
0.000000
0.000000
0.000000
0.000000
0.000000
0.000000
0.000000
0.000000
0.000000
0.000000
0.000000
0.000000
0.000000
0.000000
0.000000
0.000000
0.000000
0.000000
0.000000
0.000000
0.000000
0.000000
0.000000
0.000000
0.000000
0.000000
0.000000
0.000000
0.000000
0.000000
0.000000
0.000000
0.000000
0.000000
0.000000
0.000000
0.000000
0.000000
0.000000
0.000000
0.000000
0.000000
0.000000
0.000000
0.000000
0.000000
0.000000
0.000000
0.000000
0.000000
0.000000
0.000000
0.000000
0.000000
0.000000
0.000000
0.000000
0.000000
0.000000
0.000000
0.000000
0.000000
0.000000
0.000000
0.000000
0.000000
0.000000
0.000000
0.000000
0.000000
0.000000
0.000000
0.000000
0.000000
0.000000
0.000000
0.000000
0.000000
0.000000
0.000000
0.000000
0.000000
0.000000
0.000000
0.000000
0.000000
0.000000
0.000000
0.000000
0.000000
