78.066400
22.521000
839.670000
171.960000
67.946000
37.415000
20.188000
15.445000
9.315200
6.907500
4.767500
3.693500
2.424900
1.941500
1.621000
1.371200
1.061000
0.704160
0.540420
0.461370
0.378930
0.251820
0.230710
0.205160
0.172610
0.148960
0.118960
0.090054
0.103250
0.081880
0.063475
0.037109
0.031106
0.032207
0.021671
0.017037
0.013065
0.017683
0.010328
0.011718
0.008081
0.003236
0.004118
0.005024
0.008444
0.002472
0.002023
0.003911
0.001340
0.001101
0.000973
0.001032
0.000634
0.000693
0.000832
0.000154
0.000479
0.000327
0.000197
0.000674
0.000118
0.000043
0.000382
0.000085
0.000075
0.000000
0.000014
0.000428
0.000000
0.000005
0.000003
0.000000
0.000006
0.000033
0.000007
0.000198
0.000000
0.000013
0.000000
0.000053
0.000000
0.000000
0.000004
0.000009
0.000000
0.000001
0.000000
0.000001
0.000000
0.000000
0.000000
0.000000
0.000000
0.000000
0.000000
0.000000
0.000000
0.000000
0.000000
0.000000
0.000000
0.000000
0.000000
0.000000
0.000000
0.000001
0.000000
0.000000
0.000000
0.000000
0.000000
0.000000
0.000000
0.000000
0.000000
0.000000
0.000000
0.000000
0.000000
0.000000
0.000000
0.000002
0.000000
0.000000
0.000000
0.000000
0.000000
0.000000
0.000000
0.000000
0.000000
0.000000
0.000000
0.000000
0.000000
0.000000
0.000000
0.000000
0.000000
0.000000
0.000000
0.000000
0.000000
0.000000
0.000000
0.000000
0.000000
0.000000
0.000000
0.000000
0.000000
0.000000
0.000000
0.000000
0.000000
0.000000
0.000000
0.000000
0.000000
0.000000
0.000000
0.000000
0.000000
0.000000
0.000000
0.000000
0.000000
0.000000
0.000000
0.000000
0.000000
0.000000
0.000000
0.000000
0.000000
0.000000
0.000000
0.000000
0.000000
0.000000
0.000000
0.000000
0.000000
0.000000
0.000000
0.000000
0.000000
0.000000
0.000000
0.000000
0.000000
0.000000
0.000000
0.000000
0.000000
0.000000
0.000000
0.000000
0.000000
0.000000
0.000000
0.000000
