44.568200
15.960700
1024.200000
225.560000
109.490000
65.688000
46.716000
29.572000
23.176000
16.759000
13.669000
10.914000
8.427900
6.599700
5.269700
4.073800
3.637000
2.906400
2.475100
1.942600
1.683200
1.323900
1.180500
1.078800
0.751570
0.730150
0.612270
0.507070
0.417410
0.361860
0.302300
0.255490
0.204970
0.187160
0.163000
0.122520
0.119750
0.070735
0.078376
0.065929
0.036984
0.045218
0.038153
0.036354
0.030880
0.024013
0.020971
0.013936
0.015809
0.012534
0.008144
0.007836
0.008153
0.007578
0.003525
0.003562
0.003791
0.003729
0.004458
0.003898
0.001023
0.001653
0.001815
0.000372
0.001719
0.002081
0.000909
0.000676
0.000420
0.000293
0.000522
0.000202
0.000464
0.000211
0.000686
0.000048
0.000013
0.000158
0.000024
0.000101
0.000017
0.000080
0.000027
0.000049
0.000017
0.000060
0.000000
0.000006
0.000001
0.000012
0.000000
0.000002
0.000000
0.000016
0.000109
0.000000
0.000003
0.000000
0.000000
0.000011
0.000000
0.000000
0.000000
0.000000
0.000008
0.000000
0.000000
0.000002
0.000000
0.000000
0.000000
0.000000
0.000000
0.000000
0.000005
0.000000
0.000000
0.000000
0.000000
0.000000
0.000000
0.000000
0.000000
0.000000
0.000000
0.000000
0.000000
0.000000
0.000000
0.000000
0.000000
0.000004
0.000000
0.000000
0.000000
0.000000
0.000000
0.000000
0.000000
0.000000
0.000000
0.000000
0.000000
0.000000
0.000000
0.000000
0.000000
0.000000
0.000000
0.000000
0.000000
0.000000
0.000000
0.000000
0.000000
0.000000
0.000000
0.000000
0.000000
0.000000
0.000000
0.000000
0.000000
0.000000
0.000000
0.000000
0.000000
0.000000
0.000000
0.000000
0.000000
0.000000
0.000000
0.000000
0.000000
0.000000
0.000000
0.000000
0.000000
0.000000
0.000000
0.000000
0.000000
0.000000
0.000000
0.000000
0.000000
0.000000
0.000000
0.000000
0.000000
0.000000
0.000000
0.000000
0.000000
0.000000
0.000000
0.000000
0.000000
0.000000
0.000000
0.000000
