57.394400
11.461300
942.120000
204.050000
98.968000
51.504000
35.050000
22.903000
16.797000
12.669000
9.230100
7.270600
6.164500
4.846600
3.784900
3.057900
2.612700
2.651000
1.774900
1.486000
1.256600
1.076500
0.896710
0.666620
0.741730
0.672790
0.492210
0.426020
0.378400
0.289480
0.266880
0.281940
0.248970
0.162000
0.161920
0.129450
0.088390
0.086268
0.087748
0.087855
0.043404
0.054114
0.034646
0.034366
0.034168
0.021144
0.025905
0.023695
0.018657
0.005738
0.015474
0.009347
0.007501
0.010206
0.011094
0.006781
0.002337
0.006515
0.005639
0.003763
0.003438
0.000735
0.002674
0.002611
0.001809
0.000912
0.000744
0.000692
0.000864
0.000456
0.001086
0.000197
0.000632
0.002667
0.001166
0.000579
0.000021
0.000390
0.000454
0.000124
0.000050
0.000443
0.000024
0.000002
0.000013
0.000008
0.000098
0.000045
0.000000
0.000002
0.000000
0.000021
0.000019
0.000029
0.000059
0.000008
0.000003
0.000012
0.000001
0.000000
0.000005
0.000001
0.000000
0.000000
0.000000
0.000000
0.000000
0.000000
0.000011
0.000002
0.000000
0.000000
0.000000
0.000057
0.000000
0.000000
0.000000
0.000000
0.000000
0.000000
0.000000
0.000000
0.000000
0.000000
0.000000
0.000000
0.000000
0.000000
0.000000
0.000000
0.000000
0.000000
0.000000
0.000000
0.000000
0.000000
0.000000
0.000000
0.000000
0.000000
0.000000
0.000000
0.000000
0.000000
0.000000
0.000000
0.000000
0.000000
0.000000
0.000000
0.000000
0.000000
0.000000
0.000000
0.000000
0.000000
0.000000
0.000000
0.000000
0.000000
0.000000
0.000000
0.000000
0.000000
0.000000
0.000000
0.000000
0.000000
0.000000
0.000000
0.000000
0.000000
0.000000
0.000000
0.000000
0.000000
0.000000
0.000000
0.000000
0.000000
0.000000
0.000000
0.000000
0.000000
0.000000
0.000000
0.000000
0.000000
0.000000
0.000000
0.000000
0.000000
0.000000
0.000000
0.000000
0.000000
0.000000
0.000000
0.000000
0.000000
0.000000
0.000000
