55.794500
15.094400
931.410000
200.520000
89.116000
53.488000
37.473000
23.299000
18.004000
13.429000
9.755700
7.396100
5.494900
4.540700
3.596100
3.057800
2.333300
2.038600
1.521900
1.426500
1.130000
0.935900
0.780730
0.622890
0.623100
0.418480
0.444760
0.338590
0.306710
0.249580
0.177370
0.133310
0.158230
0.132290
0.111980
0.085937
0.059291
0.060162
0.053201
0.042804
0.053135
0.031724
0.029658
0.030332
0.024607
0.026440
0.009022
0.015761
0.013107
0.004282
0.007860
0.010973
0.008431
0.005757
0.004544
0.003658
0.003674
0.002506
0.002914
0.003089
0.001760
0.000797
0.001540
0.000540
0.001109
0.001166
0.001206
0.000662
0.000281
0.000193
0.000617
0.000085
0.000024
0.000061
0.000034
0.000096
0.000241
0.000039
0.000068
0.000261
0.000074
0.000006
0.000000
0.000111
0.000001
0.000045
0.000001
0.000001
0.000001
0.000002
0.000007
0.000001
0.000047
0.000005
0.000004
0.000000
0.000000
0.000009
0.000000
0.000000
0.000000
0.000000
0.000000
0.000002
0.000000
0.000000
0.000000
0.000000
0.000000
0.000000
0.000000
0.000000
0.000000
0.000000
0.000000
0.000000
0.000000
0.000000
0.000000
0.000000
0.000000
0.000000
0.000000
0.000000
0.000000
0.000000
0.000000
0.000000
0.000000
0.000000
0.000000
0.000000
0.000000
0.000000
0.000000
0.000000
0.000000
0.000000
0.000000
0.000000
0.000000
0.000000
0.000000
0.000000
0.000000
0.000000
0.000000
0.000000
0.000000
0.000000
0.000000
0.000000
0.000000
0.000000
0.000000
0.000000
0.000000
0.000000
0.000000
0.000000
0.000000
0.000000
0.000000
0.000000
0.000000
0.000000
0.000000
0.000000
0.000000
0.000000
0.000000
0.000000
0.000000
0.000000
0.000000
0.000000
0.000000
0.000000
0.000000
0.000000
0.000000
0.000000
0.000000
0.000000
0.000000
0.000000
0.000000
0.000000
0.000000
0.000000
0.000000
0.000000
0.000000
0.000000
0.000000
0.000000
0.000000
0.000000
0.000000
0.000000
0.000000
0.000000
