60.500500
42.858600
925.220000
190.150000
83.962000
45.943000
27.836000
18.724000
13.089000
8.822100
6.610200
4.377800
3.046400
2.491900
2.029100
1.343600
1.161200
0.723090
0.579820
0.451270
0.430890
0.243950
0.204410
0.150010
0.134360
0.103670
0.069650
0.036994
0.040107
0.040075
0.029475
0.022386
0.020537
0.010983
0.009519
0.008188
0.004419
0.004090
0.003420
0.003882
0.004484
0.003093
0.001131
0.001058
0.000536
0.000696
0.000541
0.000324
0.000329
0.000329
0.000258
0.000417
0.000177
0.000090
0.000055
0.000234
0.000095
0.000011
0.000036
0.000002
0.000014
0.000019
0.000012
0.000016
0.000001
0.000003
0.000000
0.000002
0.000000
0.000000
0.000000
0.000003
0.000000
0.000000
0.000000
0.000000
0.000000
0.000000
0.000000
0.000000
0.000000
0.000000
0.000000
0.000000
0.000000
0.000000
0.000000
0.000000
0.000000
0.000000
0.000000
0.000001
0.000000
0.000000
0.000000
0.000000
0.000000
0.000000
0.000000
0.000000
0.000000
0.000000
0.000000
0.000000
0.000000
0.000000
0.000000
0.000000
0.000000
0.000000
0.000000
0.000000
0.000000
0.000000
0.000000
0.000000
0.000000
0.000000
0.000000
0.000000
0.000000
0.000000
0.000000
0.000000
0.000000
0.000000
0.000000
0.000000
0.000000
0.000000
0.000000
0.000000
0.000000
0.000000
0.000000
0.000000
0.000000
0.000000
0.000000
0.000000
0.000000
0.000000
0.000000
0.000000
0.000000
0.000000
0.000000
0.000000
0.000000
0.000000
0.000000
0.000000
0.000000
0.000000
0.000000
0.000000
0.000000
0.000000
0.000000
0.000000
0.000000
0.000000
0.000000
0.000000
0.000000
0.000000
0.000000
0.000000
0.000000
0.000000
0.000000
0.000000
0.000000
0.000000
0.000000
0.000000
0.000000
0.000000
0.000000
0.000000
0.000000
0.000000
0.000000
0.000000
0.000000
0.000000
0.000000
0.000000
0.000000
0.000000
0.000000
0.000000
0.000000
0.000000
0.000000
0.000000
0.000000
0.000000
0.000000
0.000000
0.000000
0.000000
