55.638400
52.218400
893.770000
198.110000
90.278000
49.788000
33.132000
20.214000
13.943000
8.875400
7.067500
5.019000
3.291400
2.597100
1.742000
1.468000
1.141100
0.802050
0.570480
0.460470
0.416700
0.248390
0.167550
0.169970
0.107460
0.071725
0.074991
0.053949
0.044664
0.022072
0.020463
0.016322
0.011619
0.007348
0.006794
0.006015
0.005043
0.003865
0.001842
0.001559
0.003284
0.001021
0.000354
0.000398
0.000187
0.000571
0.000224
0.000591
0.000172
0.000162
0.000048
0.000134
0.000061
0.000076
0.000040
0.000014
0.000027
0.000007
0.000002
0.000015
0.000005
0.000008
0.000000
0.000002
0.000000
0.000000
0.000000
0.000003
0.000000
0.000000
0.000002
0.000000
0.000000
0.000000
0.000002
0.000000
0.000000
0.000000
0.000000
0.000000
0.000000
0.000000
0.000000
0.000000
0.000000
0.000000
0.000000
0.000000
0.000000
0.000000
0.000000
0.000000
0.000000
0.000000
0.000000
0.000000
0.000000
0.000000
0.000000
0.000000
0.000000
0.000000
0.000000
0.000000
0.000000
0.000000
0.000000
0.000000
0.000000
0.000000
0.000000
0.000000
0.000000
0.000000
0.000000
0.000000
0.000000
0.000000
0.000000
0.000000
0.000000
0.000000
0.000000
0.000000
0.000000
0.000000
0.000000
0.000000
0.000000
0.000000
0.000000
0.000000
0.000000
0.000000
0.000000
0.000000
0.000000
0.000000
0.000000
0.000000
0.000000
0.000000
0.000000
0.000000
0.000000
0.000000
0.000000
0.000000
0.000000
0.000000
0.000000
0.000000
0.000000
0.000000
0.000000
0.000000
0.000000
0.000000
0.000000
0.000000
0.000000
0.000000
0.000000
0.000000
0.000000
0.000000
0.000000
0.000000
0.000000
0.000000
0.000000
0.000000
0.000000
0.000000
0.000000
0.000000
0.000000
0.000000
0.000000
0.000000
0.000000
0.000000
0.000000
0.000000
0.000000
0.000000
0.000000
0.000000
0.000000
0.000000
0.000000
0.000000
0.000000
0.000000
0.000000
0.000000
0.000000
0.000000
0.000000
0.000000
0.000000
0.000000
