51.907000
25.144400
885.120000
203.570000
96.802000
52.138000
34.979000
26.432000
17.618000
12.942000
9.142300
6.782100
5.633200
4.240200
3.209600
2.904700
2.073900
1.807500
1.154400
1.201900
0.864080
0.671980
0.652400
0.425950
0.370070
0.296350
0.221460
0.188900
0.180920
0.101690
0.121790
0.103180
0.076895
0.050768
0.054171
0.034888
0.042188
0.026775
0.030388
0.025573
0.013852
0.016465
0.012515
0.009391
0.007343
0.006582
0.004498
0.006240
0.003499
0.003126
0.002255
0.003056
0.000281
0.001156
0.000622
0.000369
0.000529
0.000181
0.001355
0.000958
0.000669
0.000172
0.000216
0.000158
0.000419
0.000208
0.000214
0.000106
0.000048
0.000115
0.000015
0.000027
0.000076
0.000004
0.000006
0.000046
0.000012
0.000054
0.000000
0.000011
0.000000
0.000000
0.000004
0.000027
0.000000
0.000002
0.000000
0.000000
0.000000
0.000001
0.000008
0.000001
0.000001
0.000000
0.000008
0.000000
0.000000
0.000000
0.000000
0.000000
0.000000
0.000000
0.000000
0.000000
0.000000
0.000000
0.000000
0.000000
0.000001
0.000000
0.000000
0.000000
0.000000
0.000000
0.000000
0.000000
0.000000
0.000000
0.000000
0.000000
0.000000
0.000000
0.000000
0.000000
0.000000
0.000000
0.000000
0.000000
0.000000
0.000000
0.000000
0.000000
0.000000
0.000000
0.000000
0.000000
0.000000
0.000000
0.000000
0.000000
0.000000
0.000000
0.000000
0.000000
0.000000
0.000000
0.000000
0.000000
0.000000
0.000000
0.000000
0.000000
0.000000
0.000000
0.000000
0.000000
0.000000
0.000000
0.000000
0.000000
0.000000
0.000000
0.000000
0.000000
0.000000
0.000000
0.000000
0.000000
0.000000
0.000000
0.000000
0.000000
0.000000
0.000000
0.000000
0.000000
0.000000
0.000000
0.000000
0.000000
0.000000
0.000000
0.000000
0.000000
0.000000
0.000000
0.000000
0.000000
0.000000
0.000000
0.000000
0.000000
0.000000
0.000000
0.000000
0.000000
0.000000
0.000000
0.000000
0.000000
0.000000
0.000000
