57.806300
51.954900
903.600000
190.660000
85.930000
50.309000
27.646000
19.669000
11.680000
9.563700
6.494200
5.049900
3.073800
2.529700
1.624600
1.330200
1.030000
0.719560
0.586460
0.485950
0.296180
0.233950
0.184750
0.149100
0.092241
0.065662
0.079485
0.060825
0.035090
0.020627
0.012644
0.013532
0.009276
0.009493
0.005566
0.003136
0.005107
0.001985
0.001892
0.002061
0.001250
0.001098
0.000809
0.000463
0.000418
0.000193
0.000147
0.000327
0.000306
0.000057
0.000071
0.000111
0.000009
0.000041
0.000063
0.000018
0.000019
0.000006
0.000011
0.000030
0.000012
0.000006
0.000021
0.000012
0.000000
0.000002
0.000001
0.000000
0.000000
0.000000
0.000000
0.000000
0.000000
0.000000
0.000000
0.000000
0.000000
0.000000
0.000000
0.000000
0.000000
0.000000
0.000000
0.000000
0.000000
0.000000
0.000000
0.000000
0.000000
0.000000
0.000000
0.000000
0.000000
0.000000
0.000000
0.000000
0.000000
0.000000
0.000000
0.000000
0.000000
0.000000
0.000000
0.000000
0.000000
0.000000
0.000000
0.000000
0.000000
0.000000
0.000000
0.000000
0.000000
0.000000
0.000000
0.000000
0.000000
0.000000
0.000000
0.000000
0.000000
0.000000
0.000000
0.000000
0.000000
0.000000
0.000000
0.000000
0.000000
0.000000
0.000000
0.000000
0.000000
0.000000
0.000000
0.000000
0.000000
0.000000
0.000000
0.000000
0.000000
0.000000
0.000000
0.000000
0.000000
0.000000
0.000000
0.000000
0.000000
0.000000
0.000000
0.000000
0.000000
0.000000
0.000000
0.000000
0.000000
0.000000
0.000000
0.000000
0.000000
0.000000
0.000000
0.000000
0.000000
0.000000
0.000000
0.000000
0.000000
0.000000
0.000000
0.000000
0.000000
0.000000
0.000000
0.000000
0.000000
0.000000
0.000000
0.000000
0.000000
0.000000
0.000000
0.000000
0.000000
0.000000
0.000000
0.000000
0.000000
0.000000
0.000000
0.000000
0.000000
0.000000
0.000000
0.000000
0.000000
0.000000
0.000000
0.000000
0.000000
0.000000
