46.228200
55.088200
1035.900000
220.770000
97.129000
57.839000
37.426000
22.727000
16.210000
10.789000
8.710200
6.418500
4.339100
3.398700
2.782000
2.064300
1.421200
1.287900
0.969860
0.564420
0.532330
0.328860
0.322830
0.163790
0.141580
0.147260
0.089714
0.080488
0.060671
0.054269
0.033440
0.023129
0.020001
0.011456
0.008667
0.005298
0.005233
0.007771
0.006717
0.004292
0.002479
0.002466
0.001192
0.002015
0.000849
0.000869
0.000681
0.000233
0.000068
0.000253
0.000024
0.000285
0.000080
0.000079
0.000091
0.000007
0.000060
0.000043
0.000053
0.000002
0.000008
0.000027
0.000023
0.000000
0.000024
0.000000
0.000012
0.000002
0.000005
0.000000
0.000002
0.000000
0.000000
0.000000
0.000000
0.000000
0.000000
0.000000
0.000000
0.000000
0.000029
0.000000
0.000000
0.000000
0.000000
0.000000
0.000000
0.000000
0.000000
0.000000
0.000000
0.000000
0.000000
0.000000
0.000000
0.000000
0.000000
0.000000
0.000000
0.000000
0.000000
0.000000
0.000000
0.000000
0.000000
0.000000
0.000000
0.000000
0.000000
0.000000
0.000000
0.000000
0.000000
0.000000
0.000000
0.000000
0.000000
0.000000
0.000000
0.000000
0.000000
0.000000
0.000000
0.000000
0.000000
0.000000
0.000000
0.000000
0.000000
0.000000
0.000000
0.000000
0.000000
0.000000
0.000000
0.000000
0.000000
0.000000
0.000000
0.000000
0.000000
0.000000
0.000000
0.000000
0.000000
0.000000
0.000000
0.000000
0.000000
0.000000
0.000000
0.000000
0.000000
0.000000
0.000000
0.000000
0.000000
0.000000
0.000000
0.000000
0.000000
0.000000
0.000000
0.000000
0.000000
0.000000
0.000000
0.000000
0.000000
0.000000
0.000000
0.000000
0.000000
0.000000
0.000000
0.000000
0.000000
0.000000
0.000000
0.000000
0.000000
0.000000
0.000000
0.000000
0.000000
0.000000
0.000000
0.000000
0.000000
0.000000
0.000000
0.000000
0.000000
0.000000
0.000000
0.000000
0.000000
0.000000
0.000000
0.000000
0.000000
0.000000
