81.661000
12.504500
865.870000
158.620000
66.855000
37.306000
22.116000
14.562000
9.202900
6.937600
4.999900
3.513800
2.833900
2.368900
1.821100
1.365000
1.244700
0.965790
0.899600
0.688730
0.596610
0.435020
0.361240
0.325090
0.321000
0.276550
0.164620
0.191930
0.151360
0.143430
0.126670
0.089574
0.069846
0.055685
0.054813
0.036942
0.060120
0.028416
0.031636
0.018598
0.048990
0.022930
0.019585
0.015956
0.011264
0.007575
0.010585
0.005954
0.008590
0.003066
0.005377
0.005718
0.002618
0.002404
0.002693
0.000909
0.002274
0.002831
0.000391
0.000865
0.002113
0.000536
0.000702
0.000364
0.000665
0.000448
0.000284
0.000153
0.000293
0.000491
0.000177
0.000213
0.000010
0.000223
0.000020
0.000160
0.000006
0.000004
0.000009
0.000157
0.000087
0.000005
0.000006
0.000000
0.000087
0.000007
0.000000
0.000000
0.000000
0.000074
0.000000
0.000000
0.000000
0.000001
0.000006
0.000000
0.000000
0.000074
0.000000
0.000000
0.000007
0.000000
0.000000
0.000002
0.000000
0.000000
0.000000
0.000000
0.000000
0.000000
0.000000
0.000000
0.000000
0.000000
0.000000
0.000000
0.000000
0.000000
0.000000
0.000000
0.000000
0.000000
0.000000
0.000000
0.000000
0.000000
0.000000
0.000000
0.000000
0.000001
0.000000
0.000000
0.000000
0.000000
0.000000
0.000000
0.000000
0.000000
0.000000
0.000000
0.000000
0.000000
0.000000
0.000000
0.000000
0.000000
0.000000
0.000000
0.000000
0.000000
0.000000
0.000000
0.000000
0.000000
0.000000
0.000000
0.000000
0.000000
0.000000
0.000000
0.000000
0.000000
0.000000
0.000000
0.000000
0.000000
0.000000
0.000000
0.000000
0.000000
0.000000
0.000000
0.000000
0.000000
0.000000
0.000000
0.000000
0.000000
0.000000
0.000000
0.000000
0.000000
0.000000
0.000000
0.000000
0.000000
0.000000
0.000000
0.000000
0.000000
0.000000
0.000000
0.000000
0.000000
0.000000
0.000000
0.000000
0.000000
0.000000
0.000000
0.000000
0.000000
