82.590500
35.264700
840.150000
150.990000
63.950000
31.649000
18.039000
13.158000
7.762200
5.131700
3.735000
2.713200
1.998400
1.388100
1.143200
0.694450
0.488560
0.391910
0.314640
0.255250
0.179880
0.165810
0.117660
0.086164
0.067838
0.045647
0.057170
0.042310
0.033150
0.020700
0.019639
0.017632
0.014667
0.009969
0.004319
0.006495
0.004678
0.003698
0.004153
0.002241
0.002323
0.002831
0.002672
0.000419
0.000302
0.000815
0.000910
0.000161
0.000155
0.000243
0.000095
0.000081
0.000257
0.000131
0.000044
0.000172
0.000063
0.000182
0.000011
0.000013
0.000016
0.000013
0.000000
0.000007
0.000004
0.000000
0.000025
0.000000
0.000000
0.000000
0.000002
0.000000
0.000001
0.000000
0.000000
0.000008
0.000000
0.000000
0.000000
0.000000
0.000000
0.000000
0.000000
0.000000
0.000000
0.000000
0.000000
0.000000
0.000000
0.000000
0.000000
0.000000
0.000000
0.000001
0.000000
0.000000
0.000000
0.000000
0.000000
0.000000
0.000000
0.000000
0.000000
0.000000
0.000000
0.000000
0.000000
0.000000
0.000000
0.000000
0.000000
0.000000
0.000000
0.000000
0.000000
0.000000
0.000000
0.000000
0.000000
0.000000
0.000000
0.000000
0.000000
0.000000
0.000000
0.000000
0.000000
0.000000
0.000000
0.000000
0.000000
0.000000
0.000000
0.000000
0.000000
0.000000
0.000000
0.000000
0.000000
0.000000
0.000000
0.000000
0.000000
0.000000
0.000000
0.000000
0.000000
0.000000
0.000000
0.000000
0.000000
0.000000
0.000000
0.000000
0.000000
0.000000
0.000000
0.000000
0.000000
0.000000
0.000000
0.000000
0.000000
0.000000
0.000000
0.000000
0.000000
0.000000
0.000000
0.000000
0.000000
0.000000
0.000000
0.000000
0.000000
0.000000
0.000000
0.000000
0.000000
0.000000
0.000000
0.000000
0.000000
0.000000
0.000000
0.000000
0.000000
0.000000
0.000000
0.000000
0.000000
0.000000
0.000000
0.000000
0.000000
0.000000
0.000000
0.000000
0.000000
0.000000
0.000000
0.000000
