87.735900
40.138300
777.670000
147.370000
55.760000
31.426000
18.393000
10.534000
6.823300
4.633100
2.848100
2.142900
1.647300
1.190600
0.660530
0.662890
0.393190
0.309050
0.241180
0.184030
0.108250
0.112910
0.090500
0.072060
0.043444
0.041410
0.026462
0.020431
0.014077
0.013401
0.009667
0.008672
0.006726
0.003906
0.005023
0.003570
0.004560
0.002010
0.002023
0.001662
0.001087
0.000905
0.000154
0.000142
0.000529
0.001104
0.000427
0.000157
0.000132
0.000215
0.000032
0.000170
0.000011
0.000004
0.000073
0.000003
0.000007
0.000023
0.000016
0.000024
0.000003
0.000000
0.000000
0.000004
0.000001
0.000000
0.000006
0.000000
0.000000
0.000004
0.000002
0.000000
0.000000
0.000000
0.000000
0.000000
0.000000
0.000000
0.000000
0.000000
0.000000
0.000001
0.000000
0.000000
0.000000
0.000000
0.000000
0.000000
0.000000
0.000000
0.000000
0.000000
0.000000
0.000000
0.000000
0.000000
0.000000
0.000000
0.000000
0.000000
0.000000
0.000000
0.000000
0.000000
0.000000
0.000000
0.000000
0.000000
0.000000
0.000000
0.000000
0.000000
0.000000
0.000000
0.000000
0.000000
0.000000
0.000000
0.000000
0.000000
0.000000
0.000000
0.000000
0.000000
0.000000
0.000000
0.000000
0.000000
0.000000
0.000000
0.000000
0.000000
0.000000
0.000000
0.000000
0.000000
0.000000
0.000000
0.000000
0.000000
0.000000
0.000000
0.000000
0.000000
0.000000
0.000000
0.000000
0.000000
0.000000
0.000000
0.000000
0.000000
0.000000
0.000000
0.000000
0.000000
0.000000
0.000000
0.000000
0.000000
0.000000
0.000000
0.000000
0.000000
0.000000
0.000000
0.000000
0.000000
0.000000
0.000000
0.000000
0.000000
0.000000
0.000000
0.000000
0.000000
0.000000
0.000000
0.000000
0.000000
0.000000
0.000000
0.000000
0.000000
0.000000
0.000000
0.000000
0.000000
0.000000
0.000000
0.000000
0.000000
0.000000
0.000000
0.000000
0.000000
0.000000
0.000000
0.000000
0.000000
0.000000
0.000000
