43.327300
15.033700
965.460000
238.900000
113.360000
64.756000
45.497000
33.521000
22.008000
17.495000
13.609000
10.802000
8.457800
6.974000
5.613600
4.431100
3.662500
3.099000
2.398200
2.196900
1.749900
1.494100
1.292700
0.967520
0.826400
0.731480
0.710450
0.602970
0.480790
0.385270
0.327990
0.307790
0.211350
0.236850
0.186490
0.156750
0.138320
0.114750
0.077592
0.062243
0.058702
0.059913
0.037386
0.033705
0.029317
0.024438
0.015611
0.019167
0.011994
0.016421
0.008759
0.011433
0.011811
0.007502
0.011177
0.004812
0.004219
0.005381
0.002489
0.002520
0.004748
0.002117
0.000949
0.001172
0.001132
0.001408
0.001061
0.000403
0.000416
0.000969
0.000941
0.000475
0.000330
0.001311
0.000093
0.000292
0.000022
0.000196
0.000013
0.000486
0.000021
0.000067
0.000037
0.000074
0.000066
0.000064
0.000010
0.000001
0.000000
0.000000
0.000002
0.000000
0.000011
0.000018
0.000000
0.000006
0.000002
0.000000
0.000009
0.000002
0.000000
0.000000
0.000004
0.000000
0.000000
0.000000
0.000014
0.000000
0.000000
0.000001
0.000001
0.000000
0.000038
0.000000
0.000000
0.000000
0.000000
0.000000
0.000000
0.000000
0.000000
0.000000
0.000000
0.000000
0.000000
0.000000
0.000000
0.000000
0.000000
0.000000
0.000000
0.000000
0.000000
0.000000
0.000000
0.000000
0.000000
0.000000
0.000000
0.000000
0.000000
0.000000
0.000000
0.000000
0.000000
0.000000
0.000000
0.000000
0.000000
0.000000
0.000000
0.000000
0.000000
0.000000
0.000000
0.000000
0.000000
0.000000
0.000000
0.000000
0.000000
0.000000
0.000000
0.000000
0.000000
0.000000
0.000000
0.000000
0.000000
0.000000
0.000000
0.000000
0.000000
0.000000
0.000000
0.000000
0.000000
0.000000
0.000000
0.000000
0.000000
0.000000
0.000000
0.000000
0.000000
0.000000
0.000000
0.000000
0.000000
0.000000
0.000000
0.000000
0.000000
0.000000
0.000000
0.000000
0.000000
0.000000
0.000000
0.000000
0.000000
0.000000
