69.338300
17.266800
859.970000
179.890000
73.705000
43.148000
26.571000
16.695000
11.562000
8.898700
6.333900
4.609300
3.547300
2.860600
2.200800
1.891300
1.452100
1.395100
0.898020
0.772220
0.679910
0.566970
0.527140
0.403800
0.263030
0.254760
0.209490
0.192450
0.179720
0.177390
0.113710
0.075073
0.089067
0.064997
0.072301
0.035684
0.039520
0.025036
0.018862
0.021811
0.030708
0.012822
0.020284
0.013427
0.014722
0.011897
0.008826
0.005820
0.005981
0.005774
0.003797
0.003251
0.002480
0.001256
0.002745
0.000303
0.001356
0.001382
0.001371
0.001014
0.000607
0.000097
0.000847
0.000158
0.000119
0.000288
0.000445
0.000099
0.000087
0.000756
0.000118
0.000126
0.000089
0.000045
0.000025
0.000027
0.000005
0.000160
0.000014
0.000055
0.000031
0.000000
0.000009
0.000000
0.000000
0.000000
0.000000
0.000005
0.000000
0.000000
0.000000
0.000000
0.000000
0.000000
0.000016
0.000000
0.000000
0.000000
0.000000
0.000000
0.000000
0.000000
0.000000
0.000000
0.000000
0.000000
0.000000
0.000000
0.000017
0.000000
0.000000
0.000000
0.000000
0.000000
0.000000
0.000000
0.000000
0.000000
0.000000
0.000000
0.000000
0.000000
0.000000
0.000000
0.000000
0.000000
0.000000
0.000000
0.000000
0.000000
0.000000
0.000000
0.000000
0.000000
0.000000
0.000000
0.000000
0.000000
0.000000
0.000000
0.000000
0.000000
0.000000
0.000000
0.000000
0.000000
0.000000
0.000000
0.000000
0.000000
0.000000
0.000000
0.000000
0.000000
0.000000
0.000000
0.000000
0.000000
0.000000
0.000000
0.000000
0.000000
0.000000
0.000000
0.000000
0.000000
0.000000
0.000000
0.000000
0.000000
0.000000
0.000000
0.000000
0.000000
0.000000
0.000000
0.000000
0.000000
0.000000
0.000000
0.000000
0.000000
0.000000
0.000000
0.000000
0.000000
0.000000
0.000000
0.000000
0.000000
0.000000
0.000000
0.000000
0.000000
0.000000
0.000000
0.000000
0.000000
0.000000
0.000000
0.000000
0.000000
