68.233600
29.241700
897.480000
176.190000
77.050000
41.237000
25.500000
17.971000
12.442000
7.406400
6.255600
4.154900
3.241000
2.406900
1.771100
1.424300
1.124200
0.819720
0.617490
0.546710
0.408580
0.296880
0.267270
0.230230
0.148250
0.112320
0.091813
0.068609
0.063823
0.071543
0.043178
0.048383
0.032685
0.023528
0.024418
0.012457
0.011188
0.010435
0.006566
0.008929
0.006245
0.005337
0.004172
0.002705
0.002030
0.001329
0.001218
0.000672
0.001555
0.000375
0.000320
0.000693
0.000281
0.000606
0.000427
0.000219
0.000199
0.000149
0.000125
0.000037
0.000220
0.000023
0.000023
0.000035
0.000009
0.000013
0.000301
0.000000
0.000034
0.000004
0.000026
0.000002
0.000170
0.000007
0.000002
0.000019
0.000000
0.000000
0.000000
0.000003
0.000000
0.000000
0.000000
0.000000
0.000000
0.000000
0.000000
0.000000
0.000005
0.000000
0.000000
0.000000
0.000000
0.000000
0.000000
0.000000
0.000000
0.000000
0.000000
0.000000
0.000000
0.000000
0.000000
0.000000
0.000000
0.000000
0.000000
0.000000
0.000000
0.000000
0.000000
0.000000
0.000000
0.000000
0.000000
0.000000
0.000000
0.000000
0.000000
0.000000
0.000000
0.000000
0.000000
0.000000
0.000000
0.000000
0.000000
0.000000
0.000000
0.000000
0.000000
0.000000
0.000000
0.000000
0.000000
0.000000
0.000000
0.000000
0.000000
0.000000
0.000000
0.000000
0.000000
0.000000
0.000000
0.000000
0.000000
0.000000
0.000000
0.000000
0.000000
0.000000
0.000000
0.000000
0.000000
0.000000
0.000000
0.000000
0.000000
0.000000
0.000000
0.000000
0.000000
0.000000
0.000000
0.000000
0.000000
0.000000
0.000000
0.000000
0.000000
0.000000
0.000000
0.000000
0.000000
0.000000
0.000000
0.000000
0.000000
0.000000
0.000000
0.000000
0.000000
0.000000
0.000000
0.000000
0.000000
0.000000
0.000000
0.000000
0.000000
0.000000
0.000000
0.000000
0.000000
0.000000
0.000000
0.000000
0.000000
0.000000
0.000000
0.000000
