68.264000
39.284600
937.990000
173.850000
72.546000
42.623000
26.235000
15.825000
10.560000
7.662400
5.563100
4.015200
2.783300
1.880800
1.478700
1.122900
0.929720
0.557240
0.483560
0.325200
0.298430
0.212280
0.172010
0.148300
0.110090
0.099973
0.057689
0.059982
0.039096
0.022343
0.018493
0.020906
0.012213
0.011366
0.009015
0.007023
0.004891
0.004979
0.001913
0.001992
0.001887
0.002716
0.002302
0.001766
0.001439
0.000799
0.000561
0.000482
0.000255
0.000149
0.000110
0.000107
0.000062
0.000253
0.000045
0.000049
0.000042
0.000018
0.000003
0.000020
0.000009
0.000012
0.000002
0.000002
0.000003
0.000007
0.000003
0.000000
0.000005
0.000004
0.000000
0.000010
0.000004
0.000000
0.000000
0.000000
0.000000
0.000000
0.000000
0.000003
0.000000
0.000001
0.000000
0.000000
0.000004
0.000000
0.000000
0.000000
0.000000
0.000000
0.000000
0.000000
0.000000
0.000000
0.000000
0.000000
0.000000
0.000000
0.000000
0.000000
0.000000
0.000000
0.000000
0.000000
0.000000
0.000000
0.000000
0.000000
0.000000
0.000000
0.000000
0.000000
0.000000
0.000000
0.000000
0.000000
0.000000
0.000000
0.000000
0.000000
0.000000
0.000000
0.000000
0.000000
0.000000
0.000000
0.000000
0.000000
0.000000
0.000000
0.000000
0.000000
0.000000
0.000000
0.000000
0.000000
0.000000
0.000000
0.000000
0.000000
0.000000
0.000000
0.000000
0.000000
0.000000
0.000000
0.000000
0.000000
0.000000
0.000000
0.000000
0.000000
0.000000
0.000000
0.000000
0.000000
0.000000
0.000000
0.000000
0.000000
0.000000
0.000000
0.000000
0.000000
0.000000
0.000000
0.000000
0.000000
0.000000
0.000000
0.000000
0.000000
0.000000
0.000000
0.000000
0.000000
0.000000
0.000000
0.000000
0.000000
0.000000
0.000000
0.000000
0.000000
0.000000
0.000000
0.000000
0.000000
0.000000
0.000000
0.000000
0.000000
0.000000
0.000000
0.000000
0.000000
0.000000
0.000000
0.000000
0.000000
0.000000
0.000000
