81.834100
33.273700
784.180000
149.330000
58.653000
34.210000
19.911000
13.027000
7.732900
5.305500
3.660300
2.810000
2.084000
1.390700
1.080500
0.771580
0.550610
0.436020
0.361600
0.322670
0.189390
0.195570
0.125440
0.094040
0.077499
0.085192
0.038565
0.047025
0.039484
0.028127
0.019984
0.016175
0.011554
0.010966
0.005945
0.007086
0.005036
0.004864
0.003580
0.003022
0.002811
0.001147
0.001625
0.001013
0.000752
0.000787
0.000337
0.000334
0.000730
0.000109
0.000158
0.000291
0.000070
0.000159
0.000071
0.000024
0.000035
0.000015
0.000003
0.000005
0.000075
0.000044
0.000028
0.000000
0.000004
0.000015
0.000001
0.000000
0.000000
0.000001
0.000005
0.000002
0.000002
0.000000
0.000000
0.000002
0.000000
0.000000
0.000000
0.000000
0.000000
0.000000
0.000000
0.000000
0.000000
0.000000
0.000000
0.000002
0.000000
0.000000
0.000000
0.000000
0.000000
0.000000
0.000000
0.000000
0.000000
0.000000
0.000000
0.000000
0.000000
0.000000
0.000000
0.000000
0.000000
0.000000
0.000000
0.000000
0.000000
0.000000
0.000000
0.000000
0.000000
0.000000
0.000000
0.000000
0.000000
0.000000
0.000000
0.000000
0.000000
0.000000
0.000000
0.000000
0.000000
0.000000
0.000000
0.000000
0.000000
0.000000
0.000000
0.000000
0.000000
0.000000
0.000000
0.000000
0.000000
0.000000
0.000000
0.000000
0.000000
0.000000
0.000000
0.000000
0.000000
0.000000
0.000000
0.000000
0.000000
0.000000
0.000000
0.000000
0.000000
0.000000
0.000000
0.000000
0.000000
0.000000
0.000000
0.000000
0.000000
0.000000
0.000000
0.000000
0.000000
0.000000
0.000000
0.000000
0.000000
0.000000
0.000000
0.000000
0.000000
0.000000
0.000000
0.000000
0.000000
0.000000
0.000000
0.000000
0.000000
0.000000
0.000000
0.000000
0.000000
0.000000
0.000000
0.000000
0.000000
0.000000
0.000000
0.000000
0.000000
0.000000
0.000000
0.000000
0.000000
0.000000
0.000000
0.000000
0.000000
0.000000
