40.090800
40.948600
980.130000
239.010000
107.990000
61.794000
42.806000
29.170000
20.345000
14.375000
10.250000
9.045000
6.291100
5.214300
3.672000
2.751300
2.407000
1.746400
1.589500
1.123400
0.837130
0.740820
0.552390
0.399350
0.316050
0.228630
0.213490
0.154200
0.138930
0.104220
0.079791
0.065809
0.059989
0.045122
0.029623
0.024581
0.020250
0.013782
0.013383
0.013279
0.012555
0.008044
0.003532
0.005747
0.003720
0.002808
0.003460
0.000856
0.001436
0.001710
0.001108
0.001225
0.000691
0.000347
0.000249
0.000174
0.000085
0.000113
0.000137
0.000119
0.000061
0.000566
0.000063
0.000190
0.000054
0.000134
0.000061
0.000036
0.000008
0.000004
0.000000
0.000013
0.000000
0.000000
0.000000
0.000015
0.000000
0.000000
0.000000
0.000000
0.000003
0.000000
0.000000
0.000000
0.000000
0.000000
0.000000
0.000000
0.000000
0.000000
0.000000
0.000000
0.000000
0.000000
0.000000
0.000000
0.000000
0.000000
0.000000
0.000000
0.000000
0.000000
0.000000
0.000000
0.000000
0.000000
0.000000
0.000000
0.000000
0.000000
0.000000
0.000000
0.000000
0.000000
0.000000
0.000000
0.000000
0.000000
0.000000
0.000000
0.000000
0.000000
0.000000
0.000000
0.000000
0.000000
0.000000
0.000000
0.000000
0.000000
0.000000
0.000000
0.000000
0.000000
0.000000
0.000000
0.000000
0.000000
0.000000
0.000000
0.000000
0.000000
0.000000
0.000000
0.000000
0.000000
0.000000
0.000000
0.000000
0.000000
0.000000
0.000000
0.000000
0.000000
0.000000
0.000000
0.000000
0.000000
0.000000
0.000000
0.000000
0.000000
0.000000
0.000000
0.000000
0.000000
0.000000
0.000000
0.000000
0.000000
0.000000
0.000000
0.000000
0.000000
0.000000
0.000000
0.000000
0.000000
0.000000
0.000000
0.000000
0.000000
0.000000
0.000000
0.000000
0.000000
0.000000
0.000000
0.000000
0.000000
0.000000
0.000000
0.000000
0.000000
0.000000
0.000000
0.000000
0.000000
0.000000
0.000000
0.000000
0.000000
