53.135200
31.978700
979.060000
209.300000
90.895000
55.004000
33.798000
22.464000
16.327000
11.122000
8.957700
6.239400
4.804200
3.482900
2.930400
2.134500
1.570600
1.301200
0.969630
0.805930
0.631270
0.497720
0.439490
0.363090
0.284430
0.195650
0.168170
0.106400
0.129200
0.099911
0.082155
0.055714
0.049848
0.035314
0.024495
0.024380
0.021871
0.015247
0.013307
0.011019
0.006174
0.007093
0.004050
0.002581
0.002322
0.002378
0.001767
0.002040
0.002090
0.000746
0.001270
0.001096
0.000515
0.000296
0.000209
0.000449
0.000243
0.000193
0.000138
0.000394
0.000181
0.000198
0.000032
0.000015
0.000040
0.000489
0.000120
0.000010
0.000004
0.000023
0.000005
0.000058
0.000000
0.000006
0.000000
0.000000
0.000000
0.000000
0.000000
0.000006
0.000001
0.000001
0.000000
0.000000
0.000000
0.000000
0.000000
0.000000
0.000000
0.000000
0.000003
0.000000
0.000000
0.000000
0.000000
0.000000
0.000000
0.000000
0.000000
0.000000
0.000000
0.000000
0.000000
0.000000
0.000000
0.000000
0.000000
0.000000
0.000000
0.000000
0.000000
0.000000
0.000000
0.000000
0.000000
0.000000
0.000000
0.000000
0.000000
0.000000
0.000000
0.000000
0.000000
0.000000
0.000000
0.000000
0.000000
0.000000
0.000000
0.000000
0.000000
0.000000
0.000000
0.000000
0.000000
0.000000
0.000000
0.000000
0.000000
0.000000
0.000000
0.000000
0.000000
0.000000
0.000000
0.000000
0.000000
0.000000
0.000000
0.000000
0.000000
0.000000
0.000000
0.000000
0.000000
0.000000
0.000000
0.000000
0.000000
0.000000
0.000000
0.000000
0.000000
0.000000
0.000000
0.000000
0.000000
0.000000
0.000000
0.000000
0.000000
0.000000
0.000000
0.000000
0.000000
0.000000
0.000000
0.000000
0.000000
0.000000
0.000000
0.000000
0.000000
0.000000
0.000000
0.000000
0.000000
0.000000
0.000000
0.000000
0.000000
0.000000
0.000000
0.000000
0.000000
0.000000
0.000000
0.000000
0.000000
0.000000
0.000000
0.000000
