40.495200
45.683500
963.850000
234.090000
114.670000
63.065000
40.572000
29.182000
19.425000
15.203000
12.067000
8.681600
5.699300
4.862700
3.599100
2.540200
2.024900
1.466600
1.370200
1.133300
0.782200
0.633080
0.504480
0.352830
0.283400
0.246290
0.151930
0.128420
0.114730
0.087414
0.060351
0.052643
0.034196
0.029163
0.021780
0.016831
0.014341
0.014437
0.008767
0.006383
0.005493
0.005942
0.005376
0.001201
0.003013
0.001476
0.001683
0.000891
0.001179
0.000434
0.000328
0.000201
0.000629
0.000064
0.000672
0.000126
0.000031
0.000111
0.000057
0.000033
0.000039
0.000023
0.000028
0.000003
0.000002
0.000005
0.000013
0.000010
0.000000
0.000016
0.000000
0.000002
0.000006
0.000000
0.000000
0.000000
0.000000
0.000003
0.000000
0.000000
0.000000
0.000000
0.000000
0.000000
0.000000
0.000000
0.000000
0.000000
0.000000
0.000000
0.000000
0.000001
0.000000
0.000000
0.000000
0.000000
0.000000
0.000000
0.000000
0.000000
0.000000
0.000000
0.000000
0.000000
0.000000
0.000000
0.000000
0.000000
0.000000
0.000000
0.000000
0.000000
0.000000
0.000000
0.000000
0.000000
0.000000
0.000000
0.000000
0.000000
0.000000
0.000000
0.000000
0.000000
0.000000
0.000000
0.000000
0.000000
0.000000
0.000000
0.000000
0.000000
0.000000
0.000000
0.000000
0.000000
0.000000
0.000000
0.000000
0.000000
0.000000
0.000000
0.000000
0.000000
0.000000
0.000000
0.000000
0.000000
0.000000
0.000000
0.000000
0.000000
0.000000
0.000000
0.000000
0.000000
0.000000
0.000000
0.000000
0.000000
0.000000
0.000000
0.000000
0.000000
0.000000
0.000000
0.000000
0.000000
0.000000
0.000000
0.000000
0.000000
0.000000
0.000000
0.000000
0.000000
0.000000
0.000000
0.000000
0.000000
0.000000
0.000000
0.000000
0.000000
0.000000
0.000000
0.000000
0.000000
0.000000
0.000000
0.000000
0.000000
0.000000
0.000000
0.000000
0.000000
0.000000
0.000000
0.000000
0.000000
0.000000
0.000000
