72.309900
27.867400
901.900000
177.990000
75.854000
38.612000
23.218000
15.231000
10.843000
7.697100
5.037200
3.731800
2.682300
1.960300
1.807200
1.144700
0.875830
0.785780
0.528020
0.472990
0.392390
0.318430
0.246370
0.196660
0.145860
0.162120
0.087919
0.096385
0.070873
0.048940
0.061782
0.035247
0.034332
0.024698
0.019526
0.016796
0.009691
0.011933
0.012319
0.007699
0.007448
0.003261
0.006204
0.003684
0.001895
0.003207
0.002889
0.000908
0.001898
0.000736
0.001373
0.000762
0.000246
0.000589
0.000455
0.000150
0.000156
0.000183
0.000103
0.000336
0.000094
0.000105
0.000200
0.000081
0.000023
0.000047
0.000009
0.000274
0.000010
0.000003
0.000007
0.000000
0.000009
0.000013
0.000000
0.000000
0.000001
0.000000
0.000003
0.000000
0.000001
0.000000
0.000000
0.000000
0.000000
0.000000
0.000000
0.000000
0.000000
0.000000
0.000000
0.000000
0.000001
0.000000
0.000000
0.000000
0.000000
0.000000
0.000000
0.000000
0.000000
0.000000
0.000000
0.000000
0.000000
0.000000
0.000000
0.000000
0.000000
0.000000
0.000000
0.000000
0.000000
0.000000
0.000000
0.000000
0.000000
0.000000
0.000000
0.000000
0.000000
0.000000
0.000000
0.000000
0.000000
0.000000
0.000000
0.000000
0.000000
0.000000
0.000000
0.000000
0.000000
0.000000
0.000000
0.000000
0.000000
0.000000
0.000000
0.000000
0.000000
0.000000
0.000000
0.000000
0.000000
0.000000
0.000000
0.000000
0.000000
0.000000
0.000000
0.000000
0.000000
0.000000
0.000000
0.000000
0.000000
0.000000
0.000000
0.000000
0.000000
0.000000
0.000000
0.000000
0.000000
0.000000
0.000000
0.000000
0.000000
0.000000
0.000000
0.000000
0.000000
0.000000
0.000000
0.000000
0.000000
0.000000
0.000000
0.000000
0.000000
0.000000
0.000000
0.000000
0.000000
0.000000
0.000000
0.000000
0.000000
0.000000
0.000000
0.000000
0.000000
0.000000
0.000000
0.000000
0.000000
0.000000
0.000000
0.000000
0.000000
0.000000
