47.467000
18.761300
974.180000
218.420000
106.190000
59.798000
41.113000
29.349000
21.102000
16.274000
11.612000
9.839600
6.601200
5.638600
4.558100
3.559000
2.967600
2.238100
1.757900
1.720400
1.051000
1.072500
0.862590
0.839590
0.542090
0.531020
0.490780
0.417440
0.298350
0.210360
0.251640
0.179550
0.168440
0.102650
0.095652
0.093496
0.064945
0.058913
0.067674
0.049415
0.043848
0.034086
0.029311
0.016873
0.019282
0.012758
0.015975
0.009440
0.007786
0.005929
0.006792
0.005783
0.003177
0.003730
0.003799
0.004498
0.001697
0.003446
0.001430
0.001253
0.001046
0.002707
0.000874
0.000559
0.000793
0.000181
0.000539
0.000594
0.000495
0.000330
0.000040
0.000128
0.000256
0.000134
0.000298
0.000317
0.000031
0.000047
0.000027
0.000019
0.000010
0.000002
0.000086
0.000004
0.000043
0.000149
0.000083
0.000009
0.000000
0.000003
0.000000
0.000000
0.000000
0.000005
0.000000
0.000001
0.000000
0.000000
0.000000
0.000000
0.000046
0.000005
0.000000
0.000000
0.000002
0.000000
0.000000
0.000000
0.000000
0.000000
0.000000
0.000001
0.000000
0.000000
0.000000
0.000000
0.000000
0.000000
0.000000
0.000000
0.000000
0.000000
0.000000
0.000000
0.000000
0.000000
0.000000
0.000000
0.000000
0.000000
0.000000
0.000000
0.000000
0.000000
0.000000
0.000000
0.000000
0.000000
0.000000
0.000000
0.000000
0.000000
0.000000
0.000000
0.000000
0.000000
0.000000
0.000000
0.000000
0.000000
0.000000
0.000000
0.000000
0.000000
0.000000
0.000000
0.000000
0.000000
0.000000
0.000000
0.000000
0.000000
0.000000
0.000000
0.000000
0.000000
0.000000
0.000000
0.000000
0.000000
0.000000
0.000000
0.000000
0.000000
0.000000
0.000000
0.000000
0.000000
0.000000
0.000000
0.000000
0.000000
0.000000
0.000000
0.000000
0.000000
0.000000
0.000000
0.000000
0.000000
0.000000
0.000000
0.000000
0.000000
0.000000
0.000000
0.000000
0.000000
0.000000
0.000000
0.000000
0.000000
