64.191000
38.120600
885.640000
187.880000
78.390000
43.585000
25.973000
17.452000
11.951000
8.003800
6.248300
4.279100
2.628900
2.295300
1.788200
1.237200
0.956380
0.794370
0.509460
0.429620
0.346020
0.266830
0.257450
0.175230
0.136990
0.111960
0.073612
0.067444
0.055046
0.030227
0.034612
0.022231
0.023493
0.016104
0.009771
0.005504
0.009558
0.005661
0.005215
0.004190
0.004434
0.002903
0.001155
0.001336
0.001232
0.000560
0.000971
0.000834
0.000618
0.000309
0.000151
0.000395
0.000324
0.000157
0.000060
0.000148
0.000057
0.000133
0.000045
0.000207
0.000019
0.000003
0.000008
0.000021
0.000000
0.000008
0.000035
0.000019
0.000015
0.000001
0.000000
0.000000
0.000000
0.000001
0.000002
0.000000
0.000003
0.000000
0.000000
0.000006
0.000000
0.000000
0.000000
0.000000
0.000000
0.000007
0.000000
0.000001
0.000000
0.000001
0.000000
0.000000
0.000000
0.000000
0.000000
0.000000
0.000000
0.000000
0.000000
0.000000
0.000000
0.000000
0.000000
0.000000
0.000000
0.000000
0.000000
0.000000
0.000000
0.000000
0.000000
0.000000
0.000000
0.000000
0.000000
0.000000
0.000000
0.000000
0.000000
0.000000
0.000000
0.000000
0.000000
0.000000
0.000000
0.000000
0.000000
0.000000
0.000000
0.000000
0.000000
0.000000
0.000000
0.000000
0.000000
0.000000
0.000000
0.000000
0.000000
0.000000
0.000000
0.000000
0.000000
0.000000
0.000000
0.000000
0.000000
0.000000
0.000000
0.000000
0.000000
0.000000
0.000000
0.000000
0.000000
0.000000
0.000000
0.000000
0.000000
0.000000
0.000000
0.000000
0.000000
0.000000
0.000000
0.000000
0.000000
0.000000
0.000000
0.000000
0.000000
0.000000
0.000000
0.000000
0.000000
0.000000
0.000000
0.000000
0.000000
0.000000
0.000000
0.000000
0.000000
0.000000
0.000000
0.000000
0.000000
0.000000
0.000000
0.000000
0.000000
0.000000
0.000000
0.000000
0.000000
0.000000
0.000000
0.000000
0.000000
0.000000
0.000000
0.000000
