60.001800
42.797700
952.030000
193.010000
84.512000
43.331000
28.723000
20.454000
12.662000
9.071600
6.476200
4.590500
3.485000
2.275500
1.810100
1.412900
1.043200
0.817350
0.668400
0.463960
0.381340
0.304770
0.220470
0.193890
0.144610
0.106510
0.083752
0.060654
0.054098
0.018998
0.034683
0.019934
0.014078
0.012190
0.014742
0.006333
0.007402
0.007767
0.003412
0.002946
0.002263
0.001694
0.001043
0.001239
0.001762
0.000522
0.000320
0.000470
0.000570
0.000392
0.000127
0.000612
0.000039
0.000139
0.000099
0.000130
0.000097
0.000009
0.000014
0.000026
0.000007
0.000000
0.000002
0.000005
0.000005
0.000004
0.000002
0.000000
0.000010
0.000000
0.000000
0.000000
0.000000
0.000000
0.000000
0.000000
0.000000
0.000000
0.000000
0.000000
0.000000
0.000000
0.000000
0.000000
0.000000
0.000000
0.000000
0.000003
0.000000
0.000000
0.000000
0.000000
0.000000
0.000000
0.000000
0.000000
0.000000
0.000000
0.000000
0.000000
0.000000
0.000000
0.000000
0.000000
0.000000
0.000000
0.000000
0.000000
0.000000
0.000000
0.000000
0.000000
0.000000
0.000000
0.000000
0.000000
0.000000
0.000000
0.000000
0.000000
0.000000
0.000000
0.000000
0.000000
0.000000
0.000000
0.000000
0.000000
0.000000
0.000000
0.000000
0.000000
0.000000
0.000000
0.000000
0.000000
0.000000
0.000000
0.000000
0.000000
0.000000
0.000000
0.000000
0.000000
0.000000
0.000000
0.000000
0.000000
0.000000
0.000000
0.000000
0.000000
0.000000
0.000000
0.000000
0.000000
0.000000
0.000000
0.000000
0.000000
0.000000
0.000000
0.000000
0.000000
0.000000
0.000000
0.000000
0.000000
0.000000
0.000000
0.000000
0.000000
0.000000
0.000000
0.000000
0.000000
0.000000
0.000000
0.000000
0.000000
0.000000
0.000000
0.000000
0.000000
0.000000
0.000000
0.000000
0.000000
0.000000
0.000000
0.000000
0.000000
0.000000
0.000000
0.000000
0.000000
0.000000
0.000000
0.000000
0.000000
0.000000
0.000000
