53.691300
20.788000
896.340000
214.040000
94.808000
55.864000
36.024000
26.738000
17.351000
12.584000
9.174100
6.928600
6.155200
3.936600
3.565600
2.909500
2.308600
1.615400
1.594500
1.153900
1.101700
0.775390
0.582770
0.600590
0.500940
0.389690
0.277090
0.213120
0.213460
0.165490
0.127940
0.115290
0.097119
0.065865
0.078703
0.055683
0.041140
0.034925
0.039513
0.029797
0.020688
0.016981
0.020789
0.016230
0.014834
0.008323
0.003021
0.007938
0.004810
0.005617
0.004626
0.005073
0.003145
0.004296
0.003197
0.001751
0.000798
0.000720
0.000893
0.000871
0.000998
0.000088
0.000447
0.000381
0.000517
0.000703
0.000465
0.000234
0.000080
0.000661
0.000033
0.000043
0.000025
0.000052
0.000065
0.000353
0.000006
0.000005
0.000014
0.000197
0.000042
0.000023
0.000006
0.000000
0.000001
0.000000
0.000002
0.000001
0.000021
0.000000
0.000003
0.000002
0.000000
0.000000
0.000000
0.000000
0.000000
0.000008
0.000005
0.000000
0.000000
0.000000
0.000000
0.000000
0.000000
0.000000
0.000000
0.000000
0.000000
0.000000
0.000000
0.000000
0.000000
0.000000
0.000000
0.000000
0.000000
0.000000
0.000000
0.000000
0.000000
0.000000
0.000000
0.000000
0.000000
0.000000
0.000000
0.000000
0.000000
0.000000
0.000000
0.000000
0.000000
0.000000
0.000000
0.000000
0.000000
0.000000
0.000000
0.000000
0.000000
0.000000
0.000000
0.000000
0.000000
0.000000
0.000000
0.000000
0.000000
0.000000
0.000000
0.000000
0.000000
0.000000
0.000000
0.000000
0.000000
0.000000
0.000000
0.000000
0.000000
0.000000
0.000000
0.000000
0.000000
0.000000
0.000000
0.000000
0.000000
0.000000
0.000000
0.000000
0.000000
0.000000
0.000000
0.000000
0.000000
0.000000
0.000000
0.000000
0.000000
0.000000
0.000000
0.000000
0.000000
0.000000
0.000000
0.000000
0.000000
0.000000
0.000000
0.000000
0.000000
0.000000
0.000000
0.000000
0.000000
0.000000
0.000000
0.000000
0.000000
0.000000
