70.593800
15.990700
881.190000
166.970000
79.929000
42.350000
27.483000
15.606000
12.127000
8.105100
6.329400
4.630100
3.669600
3.226300
2.405600
1.828300
1.480300
1.177400
0.924480
0.779190
0.668780
0.588590
0.430400
0.396080
0.326890
0.268120
0.269580
0.193210
0.172680
0.130320
0.128020
0.083320
0.086226
0.063968
0.065013
0.058457
0.058933
0.028180
0.038232
0.035349
0.029557
0.015443
0.021668
0.015669
0.012313
0.007411
0.006820
0.009379
0.006682
0.007994
0.005454
0.001119
0.002803
0.001208
0.002076
0.001197
0.001670
0.003430
0.001122
0.000567
0.000200
0.000302
0.000519
0.000219
0.000287
0.000183
0.000015
0.000020
0.000321
0.000083
0.000173
0.000018
0.000102
0.000061
0.000013
0.000107
0.000009
0.000000
0.000212
0.000354
0.000011
0.000016
0.000029
0.000022
0.000000
0.000179
0.000007
0.000000
0.000006
0.000003
0.000000
0.000000
0.000100
0.000000
0.000004
0.000000
0.000000
0.000000
0.000000
0.000000
0.000000
0.000000
0.000000
0.000000
0.000000
0.000000
0.000021
0.000000
0.000000
0.000002
0.000000
0.000000
0.000004
0.000000
0.000000
0.000000
0.000000
0.000000
0.000000
0.000000
0.000000
0.000000
0.000000
0.000000
0.000000
0.000000
0.000000
0.000000
0.000000
0.000000
0.000000
0.000000
0.000000
0.000000
0.000000
0.000000
0.000000
0.000000
0.000000
0.000000
0.000000
0.000000
0.000000
0.000000
0.000000
0.000000
0.000000
0.000000
0.000000
0.000000
0.000000
0.000000
0.000000
0.000000
0.000000
0.000000
0.000000
0.000000
0.000000
0.000000
0.000000
0.000000
0.000000
0.000000
0.000000
0.000000
0.000000
0.000000
0.000000
0.000000
0.000000
0.000000
0.000000
0.000000
0.000000
0.000000
0.000000
0.000000
0.000000
0.000000
0.000000
0.000000
0.000000
0.000000
0.000000
0.000000
0.000000
0.000000
0.000000
0.000000
0.000000
0.000000
0.000000
0.000000
0.000000
0.000000
0.000000
0.000000
0.000000
0.000000
0.000000
0.000000
