78.419300
30.062700
848.910000
150.990000
64.980000
32.585000
21.699000
13.170000
8.862100
6.254000
4.867000
3.172200
2.119600
1.675000
1.184400
1.010100
0.835580
0.649500
0.347780
0.362600
0.290130
0.192190
0.168630
0.134880
0.134490
0.103960
0.066654
0.074435
0.049698
0.034428
0.036556
0.013532
0.018283
0.015067
0.010376
0.014010
0.008280
0.006701
0.007302
0.009062
0.003741
0.004929
0.005543
0.002739
0.002588
0.001242
0.000768
0.000728
0.000502
0.001006
0.000365
0.000480
0.000053
0.000156
0.000514
0.000058
0.000147
0.000012
0.000137
0.000088
0.000204
0.000002
0.000064
0.000017
0.000036
0.000002
0.000038
0.000015
0.000005
0.000007
0.000003
0.000000
0.000000
0.000000
0.000000
0.000000
0.000003
0.000000
0.000000
0.000000
0.000000
0.000000
0.000000
0.000000
0.000000
0.000000
0.000000
0.000000
0.000000
0.000000
0.000000
0.000000
0.000000
0.000000
0.000000
0.000000
0.000000
0.000000
0.000000
0.000000
0.000000
0.000000
0.000000
0.000000
0.000000
0.000000
0.000000
0.000000
0.000000
0.000000
0.000000
0.000000
0.000000
0.000000
0.000000
0.000000
0.000000
0.000000
0.000000
0.000000
0.000000
0.000000
0.000000
0.000000
0.000000
0.000000
0.000000
0.000000
0.000000
0.000000
0.000000
0.000000
0.000000
0.000000
0.000000
0.000000
0.000000
0.000000
0.000000
0.000000
0.000000
0.000000
0.000000
0.000000
0.000000
0.000000
0.000000
0.000000
0.000000
0.000000
0.000000
0.000000
0.000000
0.000000
0.000000
0.000000
0.000000
0.000000
0.000000
0.000000
0.000000
0.000000
0.000000
0.000000
0.000000
0.000000
0.000000
0.000000
0.000000
0.000000
0.000000
0.000000
0.000000
0.000000
0.000000
0.000000
0.000000
0.000000
0.000000
0.000000
0.000000
0.000000
0.000000
0.000000
0.000000
0.000000
0.000000
0.000000
0.000000
0.000000
0.000000
0.000000
0.000000
0.000000
0.000000
0.000000
0.000000
0.000000
0.000000
0.000000
0.000000
0.000000
