71.538700
25.088600
877.460000
169.360000
67.468000
38.649000
24.792000
15.613000
11.067000
7.738100
5.647500
3.780000
3.113800
2.096300
1.800700
1.330900
0.999700
0.854480
0.834420
0.617490
0.427550
0.379900
0.298200
0.269480
0.161340
0.157440
0.149300
0.104350
0.076330
0.073039
0.055554
0.042690
0.045284
0.035848
0.025397
0.022970
0.021291
0.012527
0.005919
0.005923
0.006076
0.005709
0.006148
0.001760
0.003577
0.003911
0.002798
0.005698
0.002268
0.001398
0.001251
0.000647
0.000754
0.000344
0.000195
0.000213
0.000180
0.000444
0.000038
0.000069
0.000031
0.000219
0.000012
0.000030
0.000157
0.000048
0.000066
0.000116
0.000023
0.000010
0.000031
0.000018
0.000003
0.000003
0.000001
0.000000
0.000000
0.000002
0.000021
0.000000
0.000033
0.000000
0.000000
0.000000
0.000006
0.000008
0.000000
0.000000
0.000000
0.000000
0.000011
0.000000
0.000000
0.000000
0.000000
0.000000
0.000003
0.000000
0.000000
0.000000
0.000002
0.000005
0.000000
0.000000
0.000000
0.000002
0.000000
0.000000
0.000000
0.000000
0.000000
0.000000
0.000000
0.000000
0.000000
0.000000
0.000000
0.000000
0.000000
0.000000
0.000000
0.000000
0.000000
0.000000
0.000000
0.000000
0.000000
0.000000
0.000000
0.000000
0.000000
0.000000
0.000000
0.000000
0.000000
0.000000
0.000000
0.000000
0.000000
0.000000
0.000000
0.000000
0.000000
0.000000
0.000000
0.000000
0.000000
0.000000
0.000000
0.000000
0.000000
0.000000
0.000000
0.000000
0.000000
0.000000
0.000000
0.000000
0.000000
0.000000
0.000000
0.000000
0.000000
0.000000
0.000000
0.000000
0.000000
0.000000
0.000000
0.000000
0.000000
0.000000
0.000000
0.000000
0.000000
0.000000
0.000000
0.000000
0.000000
0.000000
0.000000
0.000000
0.000000
0.000000
0.000000
0.000000
0.000000
0.000000
0.000000
0.000000
0.000000
0.000000
0.000000
0.000000
0.000000
0.000000
0.000000
0.000000
0.000000
0.000000
0.000000
0.000000
