46.686300
50.054900
971.690000
211.630000
102.250000
56.861000
37.960000
25.792000
16.255000
12.976000
9.553400
6.559300
4.334100
3.396300
3.039500
1.951200
1.532700
1.017300
0.812600
0.661310
0.527570
0.355150
0.318490
0.244430
0.200070
0.138870
0.094332
0.075204
0.058469
0.044530
0.038063
0.026942
0.020634
0.018764
0.015582
0.009593
0.006572
0.005737
0.004637
0.004800
0.002566
0.002046
0.002039
0.001856
0.001533
0.002088
0.000161
0.000515
0.000909
0.000659
0.000214
0.000188
0.000461
0.000126
0.000052
0.000069
0.000074
0.000033
0.000017
0.000007
0.000007
0.000009
0.000000
0.000086
0.000002
0.000000
0.000000
0.000000
0.000008
0.000000
0.000000
0.000012
0.000000
0.000000
0.000000
0.000000
0.000000
0.000000
0.000000
0.000002
0.000000
0.000000
0.000000
0.000000
0.000000
0.000000
0.000000
0.000000
0.000000
0.000000
0.000000
0.000000
0.000000
0.000000
0.000000
0.000000
0.000000
0.000000
0.000000
0.000000
0.000000
0.000000
0.000000
0.000000
0.000000
0.000000
0.000000
0.000000
0.000000
0.000000
0.000000
0.000000
0.000000
0.000000
0.000000
0.000000
0.000000
0.000000
0.000000
0.000000
0.000000
0.000000
0.000000
0.000000
0.000000
0.000000
0.000000
0.000000
0.000000
0.000000
0.000000
0.000000
0.000000
0.000000
0.000000
0.000000
0.000000
0.000000
0.000000
0.000000
0.000000
0.000000
0.000000
0.000000
0.000000
0.000000
0.000000
0.000000
0.000000
0.000000
0.000000
0.000000
0.000000
0.000000
0.000000
0.000000
0.000000
0.000000
0.000000
0.000000
0.000000
0.000000
0.000000
0.000000
0.000000
0.000000
0.000000
0.000000
0.000000
0.000000
0.000000
0.000000
0.000000
0.000000
0.000000
0.000000
0.000000
0.000000
0.000000
0.000000
0.000000
0.000000
0.000000
0.000000
0.000000
0.000000
0.000000
0.000000
0.000000
0.000000
0.000000
0.000000
0.000000
0.000000
0.000000
0.000000
0.000000
0.000000
0.000000
0.000000
0.000000
0.000000
