68.798900
50.130500
833.220000
159.560000
77.870000
42.058000
22.701000
16.641000
10.097000
7.073700
4.727900
3.325200
2.378000
1.758800
1.265800
0.962440
0.650420
0.478570
0.386760
0.208800
0.165820
0.114500
0.121640
0.090395
0.078054
0.052549
0.031643
0.024023
0.016145
0.021185
0.017056
0.012057
0.009911
0.009562
0.002479
0.003082
0.001927
0.002425
0.001224
0.001313
0.001861
0.000588
0.000553
0.000329
0.000274
0.000165
0.000047
0.000528
0.000047
0.000048
0.000039
0.000101
0.000034
0.000017
0.000020
0.000002
0.000004
0.000017
0.000003
0.000008
0.000002
0.000005
0.000000
0.000000
0.000001
0.000000
0.000000
0.000000
0.000000
0.000000
0.000000
0.000000
0.000000
0.000000
0.000000
0.000000
0.000000
0.000000
0.000000
0.000000
0.000000
0.000000
0.000000
0.000000
0.000000
0.000000
0.000000
0.000000
0.000000
0.000000
0.000000
0.000000
0.000000
0.000000
0.000000
0.000000
0.000000
0.000000
0.000000
0.000000
0.000000
0.000000
0.000000
0.000000
0.000000
0.000000
0.000000
0.000000
0.000000
0.000000
0.000000
0.000000
0.000000
0.000000
0.000000
0.000000
0.000000
0.000000
0.000000
0.000000
0.000000
0.000000
0.000000
0.000000
0.000000
0.000000
0.000000
0.000000
0.000000
0.000000
0.000000
0.000000
0.000000
0.000000
0.000000
0.000000
0.000000
0.000000
0.000000
0.000000
0.000000
0.000000
0.000000
0.000000
0.000000
0.000000
0.000000
0.000000
0.000000
0.000000
0.000000
0.000000
0.000000
0.000000
0.000000
0.000000
0.000000
0.000000
0.000000
0.000000
0.000000
0.000000
0.000000
0.000000
0.000000
0.000000
0.000000
0.000000
0.000000
0.000000
0.000000
0.000000
0.000000
0.000000
0.000000
0.000000
0.000000
0.000000
0.000000
0.000000
0.000000
0.000000
0.000000
0.000000
0.000000
0.000000
0.000000
0.000000
0.000000
0.000000
0.000000
0.000000
0.000000
0.000000
0.000000
0.000000
0.000000
0.000000
0.000000
0.000000
0.000000
0.000000
