77.707500
16.509300
839.200000
166.070000
66.334000
36.252000
21.586000
13.761000
10.252000
6.912500
5.415800
3.791100
3.072600
2.450600
2.132300
1.226700
1.210400
1.039300
0.807840
0.646640
0.591220
0.517990
0.398620
0.337550
0.265300
0.184180
0.158550
0.148130
0.160040
0.129580
0.107890
0.082041
0.068747
0.049387
0.041010
0.030424
0.022350
0.024340
0.019602
0.012113
0.012761
0.014982
0.012429
0.016374
0.009739
0.010443
0.008100
0.005497
0.002735
0.005094
0.002523
0.002354
0.003408
0.002510
0.002264
0.000869
0.000991
0.001239
0.001327
0.001062
0.000156
0.000706
0.001085
0.000338
0.000704
0.000892
0.000429
0.000073
0.000058
0.000382
0.000009
0.000007
0.000164
0.000339
0.000000
0.000009
0.000022
0.000017
0.000056
0.000110
0.000032
0.000004
0.000053
0.000012
0.000011
0.000027
0.000000
0.000000
0.000005
0.000008
0.000000
0.000000
0.000000
0.000000
0.000003
0.000005
0.000002
0.000000
0.000000
0.000000
0.000000
0.000000
0.000000
0.000000
0.000000
0.000000
0.000000
0.000000
0.000000
0.000000
0.000000
0.000000
0.000000
0.000000
0.000000
0.000000
0.000000
0.000000
0.000000
0.000000
0.000000
0.000000
0.000000
0.000000
0.000000
0.000000
0.000000
0.000000
0.000000
0.000000
0.000000
0.000000
0.000000
0.000000
0.000000
0.000000
0.000000
0.000000
0.000000
0.000000
0.000000
0.000000
0.000000
0.000000
0.000000
0.000000
0.000000
0.000000
0.000000
0.000000
0.000000
0.000000
0.000000
0.000000
0.000000
0.000000
0.000000
0.000000
0.000000
0.000000
0.000000
0.000000
0.000000
0.000000
0.000000
0.000000
0.000000
0.000000
0.000000
0.000000
0.000000
0.000000
0.000000
0.000000
0.000000
0.000000
0.000000
0.000000
0.000000
0.000000
0.000000
0.000000
0.000000
0.000000
0.000000
0.000000
0.000000
0.000000
0.000000
0.000000
0.000000
0.000000
0.000000
0.000000
0.000000
0.000000
0.000000
0.000000
0.000000
0.000000
0.000000
0.000000
