55.966900
22.806600
936.450000
205.610000
85.776000
51.973000
34.201000
21.817000
15.293000
12.372000
9.586800
6.710100
5.279400
4.121000
3.160700
2.336500
1.669000
1.562600
1.304800
1.017800
0.770430
0.599560
0.497880
0.545690
0.311060
0.294980
0.289450
0.185420
0.182680
0.161130
0.097057
0.089456
0.082376
0.056538
0.054892
0.045668
0.038484
0.022679
0.028269
0.020547
0.019997
0.014157
0.012521
0.013999
0.008695
0.007164
0.004887
0.001801
0.004039
0.003947
0.001782
0.003966
0.002077
0.002400
0.000771
0.001888
0.001736
0.001289
0.000646
0.000308
0.000448
0.000446
0.000524
0.000590
0.000525
0.000919
0.000248
0.000131
0.000081
0.000112
0.000012
0.000007
0.000008
0.000000
0.000119
0.000005
0.000003
0.000002
0.000025
0.000030
0.000000
0.000000
0.000000
0.000018
0.000000
0.000001
0.000001
0.000006
0.000000
0.000000
0.000028
0.000000
0.000000
0.000001
0.000000
0.000000
0.000000
0.000000
0.000000
0.000001
0.000000
0.000000
0.000000
0.000000
0.000001
0.000000
0.000000
0.000000
0.000000
0.000000
0.000000
0.000000
0.000000
0.000000
0.000000
0.000000
0.000000
0.000000
0.000000
0.000000
0.000000
0.000000
0.000000
0.000000
0.000000
0.000000
0.000000
0.000000
0.000000
0.000000
0.000000
0.000000
0.000000
0.000000
0.000000
0.000000
0.000000
0.000000
0.000000
0.000000
0.000000
0.000000
0.000000
0.000000
0.000000
0.000000
0.000000
0.000000
0.000000
0.000000
0.000000
0.000000
0.000000
0.000000
0.000000
0.000000
0.000000
0.000000
0.000000
0.000000
0.000000
0.000000
0.000000
0.000000
0.000000
0.000000
0.000000
0.000000
0.000000
0.000000
0.000000
0.000000
0.000000
0.000000
0.000000
0.000000
0.000000
0.000000
0.000000
0.000000
0.000000
0.000000
0.000000
0.000000
0.000000
0.000000
0.000000
0.000000
0.000000
0.000000
0.000000
0.000000
0.000000
0.000000
0.000000
0.000000
0.000000
0.000000
0.000000
0.000000
0.000000
0.000000
