70.073500
24.802900
891.960000
178.130000
75.591000
41.446000
26.898000
17.207000
12.447000
7.878900
5.639000
4.251500
2.790700
2.174700
1.885100
1.618700
1.125200
0.921050
0.651400
0.550160
0.421350
0.376900
0.296220
0.256520
0.178700
0.188500
0.118100
0.101600
0.087996
0.085129
0.081391
0.045926
0.037586
0.025654
0.031148
0.024126
0.017735
0.011447
0.009010
0.013609
0.012594
0.007635
0.005366
0.006881
0.004989
0.003318
0.002077
0.001517
0.001694
0.001890
0.000999
0.000780
0.001403
0.000988
0.000385
0.000306
0.000857
0.000183
0.000237
0.000400
0.000034
0.000244
0.000166
0.000049
0.000053
0.000095
0.000210
0.000007
0.000043
0.000126
0.000077
0.000152
0.000118
0.000000
0.000014
0.000003
0.000003
0.000004
0.000013
0.000002
0.000000
0.000002
0.000000
0.000000
0.000000
0.000000
0.000000
0.000000
0.000000
0.000000
0.000000
0.000000
0.000002
0.000003
0.000000
0.000000
0.000000
0.000012
0.000000
0.000000
0.000000
0.000000
0.000000
0.000000
0.000000
0.000000
0.000000
0.000000
0.000000
0.000000
0.000000
0.000000
0.000000
0.000000
0.000000
0.000000
0.000000
0.000000
0.000000
0.000000
0.000000
0.000000
0.000000
0.000000
0.000000
0.000000
0.000000
0.000000
0.000000
0.000000
0.000000
0.000000
0.000000
0.000000
0.000000
0.000000
0.000000
0.000000
0.000000
0.000000
0.000000
0.000000
0.000000
0.000000
0.000000
0.000000
0.000000
0.000000
0.000000
0.000000
0.000000
0.000000
0.000000
0.000000
0.000000
0.000000
0.000000
0.000000
0.000000
0.000000
0.000000
0.000000
0.000000
0.000000
0.000000
0.000000
0.000000
0.000000
0.000000
0.000000
0.000000
0.000000
0.000000
0.000000
0.000000
0.000000
0.000000
0.000000
0.000000
0.000000
0.000000
0.000000
0.000000
0.000000
0.000000
0.000000
0.000000
0.000000
0.000000
0.000000
0.000000
0.000000
0.000000
0.000000
0.000000
0.000000
0.000000
0.000000
0.000000
0.000000
0.000000
0.000000
