46.986200
13.507000
977.490000
228.940000
110.630000
62.357000
41.477000
29.296000
22.037000
16.286000
11.935000
8.839900
8.460600
6.042800
5.439000
4.366300
3.419900
2.960300
2.145700
1.941300
1.693600
1.392200
1.161300
1.062200
0.910000
0.750400
0.611080
0.557160
0.374260
0.353540
0.345140
0.307510
0.203470
0.218910
0.195610
0.136760
0.125560
0.127100
0.082055
0.098827
0.058294
0.051395
0.050622
0.033086
0.057796
0.042953
0.042086
0.028063
0.015125
0.014992
0.013979
0.012915
0.009092
0.008176
0.007169
0.005938
0.002194
0.009122
0.005812
0.005421
0.000905
0.001708
0.002062
0.002926
0.000900
0.000592
0.000732
0.001796
0.001793
0.000264
0.000400
0.000454
0.000542
0.000247
0.000173
0.000660
0.000024
0.000090
0.001249
0.000285
0.000040
0.000022
0.000367
0.000008
0.000054
0.000059
0.000006
0.000058
0.000011
0.000000
0.000000
0.000109
0.000005
0.000008
0.000006
0.000004
0.000000
0.000000
0.000000
0.000000
0.000000
0.000001
0.000000
0.000000
0.000000
0.000000
0.000000
0.000000
0.000000
0.000000
0.000000
0.000079
0.000000
0.000000
0.000000
0.000000
0.000002
0.000000
0.000000
0.000000
0.000000
0.000000
0.000006
0.000000
0.000000
0.000000
0.000000
0.000000
0.000000
0.000000
0.000000
0.000000
0.000000
0.000000
0.000000
0.000000
0.000000
0.000000
0.000000
0.000000
0.000000
0.000000
0.000000
0.000000
0.000000
0.000000
0.000000
0.000000
0.000000
0.000000
0.000000
0.000000
0.000000
0.000000
0.000000
0.000000
0.000000
0.000000
0.000000
0.000000
0.000000
0.000000
0.000000
0.000000
0.000000
0.000000
0.000000
0.000000
0.000000
0.000000
0.000000
0.000000
0.000000
0.000000
0.000000
0.000000
0.000000
0.000000
0.000000
0.000000
0.000000
0.000000
0.000000
0.000000
0.000000
0.000000
0.000000
0.000000
0.000000
0.000000
0.000000
0.000000
0.000000
0.000000
0.000000
0.000000
0.000000
0.000000
0.000000
0.000000
0.000000
0.000000
