85.131500
50.650700
802.780000
146.390000
56.213000
30.839000
17.921000
10.966000
6.903000
4.615800
3.309600
1.935800
1.472800
1.125100
0.652310
0.543290
0.422200
0.287850
0.221870
0.129010
0.129420
0.080590
0.041726
0.041181
0.027719
0.019282
0.022054
0.016078
0.011200
0.005744
0.005176
0.005509
0.004964
0.001979
0.003086
0.000956
0.002054
0.000663
0.000317
0.000382
0.000730
0.000350
0.000086
0.000057
0.000205
0.000030
0.000147
0.000060
0.000000
0.000018
0.000034
0.000066
0.000022
0.000009
0.000004
0.000000
0.000000
0.000007
0.000002
0.000003
0.000009
0.000008
0.000000
0.000000
0.000000
0.000001
0.000000
0.000000
0.000000
0.000000
0.000000
0.000000
0.000000
0.000000
0.000000
0.000000
0.000000
0.000000
0.000000
0.000000
0.000000
0.000000
0.000000
0.000000
0.000000
0.000000
0.000000
0.000000
0.000000
0.000000
0.000000
0.000000
0.000000
0.000000
0.000000
0.000000
0.000000
0.000000
0.000000
0.000000
0.000000
0.000000
0.000000
0.000000
0.000000
0.000000
0.000000
0.000000
0.000000
0.000000
0.000000
0.000000
0.000000
0.000000
0.000000
0.000000
0.000000
0.000000
0.000000
0.000000
0.000000
0.000000
0.000000
0.000000
0.000000
0.000000
0.000000
0.000000
0.000000
0.000000
0.000000
0.000000
0.000000
0.000000
0.000000
0.000000
0.000000
0.000000
0.000000
0.000000
0.000000
0.000000
0.000000
0.000000
0.000000
0.000000
0.000000
0.000000
0.000000
0.000000
0.000000
0.000000
0.000000
0.000000
0.000000
0.000000
0.000000
0.000000
0.000000
0.000000
0.000000
0.000000
0.000000
0.000000
0.000000
0.000000
0.000000
0.000000
0.000000
0.000000
0.000000
0.000000
0.000000
0.000000
0.000000
0.000000
0.000000
0.000000
0.000000
0.000000
0.000000
0.000000
0.000000
0.000000
0.000000
0.000000
0.000000
0.000000
0.000000
0.000000
0.000000
0.000000
0.000000
0.000000
0.000000
0.000000
0.000000
0.000000
0.000000
0.000000
0.000000
0.000000
