73.064400
20.238700
892.550000
167.190000
70.419000
38.982000
24.127000
15.143000
11.299000
7.375300
5.744700
3.844600
3.135300
2.527100
1.866200
1.544400
1.244000
1.019300
0.859460
0.564640
0.509380
0.447200
0.341640
0.284640
0.232950
0.188650
0.160380
0.143460
0.117420
0.100940
0.061337
0.067193
0.056788
0.046160
0.030251
0.030458
0.032908
0.022680
0.013274
0.010052
0.011168
0.013511
0.007364
0.006423
0.004697
0.005571
0.004104
0.004307
0.001677
0.000731
0.002071
0.000622
0.001591
0.002501
0.001309
0.000720
0.000448
0.000677
0.000408
0.000369
0.001020
0.000317
0.000633
0.000144
0.000058
0.000080
0.000037
0.000014
0.000066
0.000017
0.000038
0.000041
0.000000
0.000004
0.000016
0.000273
0.000009
0.000005
0.000002
0.000002
0.000000
0.000004
0.000000
0.000002
0.000000
0.000000
0.000030
0.000000
0.000011
0.000000
0.000009
0.000000
0.000007
0.000000
0.000000
0.000000
0.000000
0.000000
0.000000
0.000000
0.000000
0.000000
0.000000
0.000000
0.000000
0.000000
0.000000
0.000000
0.000000
0.000000
0.000000
0.000000
0.000000
0.000000
0.000000
0.000000
0.000000
0.000000
0.000000
0.000000
0.000000
0.000000
0.000000
0.000000
0.000000
0.000000
0.000000
0.000000
0.000000
0.000000
0.000000
0.000000
0.000000
0.000000
0.000000
0.000000
0.000000
0.000000
0.000000
0.000000
0.000000
0.000000
0.000000
0.000000
0.000000
0.000000
0.000000
0.000000
0.000000
0.000000
0.000000
0.000000
0.000000
0.000000
0.000000
0.000000
0.000000
0.000000
0.000000
0.000000
0.000000
0.000000
0.000000
0.000000
0.000000
0.000000
0.000000
0.000000
0.000000
0.000000
0.000000
0.000000
0.000000
0.000000
0.000000
0.000000
0.000000
0.000000
0.000000
0.000000
0.000000
0.000000
0.000000
0.000000
0.000000
0.000000
0.000000
0.000000
0.000000
0.000000
0.000000
0.000000
0.000000
0.000000
0.000000
0.000000
0.000000
0.000000
0.000000
0.000000
0.000000
0.000000
