70.919000
41.689700
899.070000
172.710000
70.205000
38.320000
22.934000
13.992000
9.907000
6.249300
4.660100
3.456100
2.696700
1.766000
1.288600
0.919650
0.740850
0.492400
0.375230
0.311370
0.219400
0.179350
0.133850
0.085140
0.081134
0.049708
0.047444
0.035888
0.031903
0.026496
0.014932
0.015408
0.007670
0.009519
0.006661
0.007692
0.006489
0.002209
0.001563
0.001378
0.001045
0.001024
0.001355
0.000548
0.000565
0.000578
0.001070
0.000635
0.000564
0.000136
0.000049
0.000063
0.000050
0.000129
0.000025
0.000058
0.000097
0.000005
0.000019
0.000015
0.000014
0.000006
0.000002
0.000019
0.000001
0.000000
0.000000
0.000002
0.000000
0.000000
0.000000
0.000000
0.000000
0.000000
0.000000
0.000000
0.000000
0.000000
0.000000
0.000000
0.000000
0.000000
0.000000
0.000000
0.000000
0.000000
0.000000
0.000000
0.000000
0.000000
0.000000
0.000000
0.000000
0.000000
0.000000
0.000000
0.000000
0.000000
0.000000
0.000000
0.000000
0.000000
0.000000
0.000000
0.000000
0.000000
0.000000
0.000000
0.000000
0.000000
0.000000
0.000000
0.000000
0.000000
0.000000
0.000000
0.000000
0.000000
0.000000
0.000000
0.000000
0.000000
0.000000
0.000000
0.000000
0.000000
0.000000
0.000000
0.000000
0.000000
0.000000
0.000000
0.000000
0.000000
0.000000
0.000000
0.000000
0.000000
0.000000
0.000000
0.000000
0.000000
0.000000
0.000000
0.000000
0.000000
0.000000
0.000000
0.000000
0.000000
0.000000
0.000000
0.000000
0.000000
0.000000
0.000000
0.000000
0.000000
0.000000
0.000000
0.000000
0.000000
0.000000
0.000000
0.000000
0.000000
0.000000
0.000000
0.000000
0.000000
0.000000
0.000000
0.000000
0.000000
0.000000
0.000000
0.000000
0.000000
0.000000
0.000000
0.000000
0.000000
0.000000
0.000000
0.000000
0.000000
0.000000
0.000000
0.000000
0.000000
0.000000
0.000000
0.000000
0.000000
0.000000
0.000000
0.000000
0.000000
0.000000
0.000000
0.000000
0.000000
