81.831300
54.649000
833.340000
146.550000
63.018000
32.845000
17.811000
11.601000
7.341800
4.722100
3.113500
2.092500
1.673900
1.052500
0.799390
0.549220
0.371540
0.300740
0.219900
0.179980
0.123460
0.067024
0.044822
0.035207
0.034470
0.018015
0.011041
0.010913
0.013462
0.006234
0.006738
0.005128
0.004341
0.004506
0.001930
0.000885
0.000517
0.000921
0.000885
0.000402
0.000150
0.000115
0.000162
0.000074
0.000055
0.000061
0.000036
0.000021
0.000019
0.000051
0.000022
0.000004
0.000022
0.000002
0.000002
0.000003
0.000004
0.000002
0.000002
0.000000
0.000000
0.000002
0.000010
0.000000
0.000000
0.000000
0.000000
0.000000
0.000000
0.000000
0.000000
0.000000
0.000000
0.000000
0.000000
0.000000
0.000000
0.000000
0.000000
0.000000
0.000000
0.000000
0.000000
0.000000
0.000000
0.000000
0.000000
0.000000
0.000000
0.000000
0.000000
0.000000
0.000000
0.000000
0.000000
0.000000
0.000000
0.000000
0.000000
0.000000
0.000000
0.000000
0.000000
0.000000
0.000000
0.000000
0.000000
0.000000
0.000000
0.000000
0.000000
0.000000
0.000000
0.000000
0.000000
0.000000
0.000000
0.000000
0.000000
0.000000
0.000000
0.000000
0.000000
0.000000
0.000000
0.000000
0.000000
0.000000
0.000000
0.000000
0.000000
0.000000
0.000000
0.000000
0.000000
0.000000
0.000000
0.000000
0.000000
0.000000
0.000000
0.000000
0.000000
0.000000
0.000000
0.000000
0.000000
0.000000
0.000000
0.000000
0.000000
0.000000
0.000000
0.000000
0.000000
0.000000
0.000000
0.000000
0.000000
0.000000
0.000000
0.000000
0.000000
0.000000
0.000000
0.000000
0.000000
0.000000
0.000000
0.000000
0.000000
0.000000
0.000000
0.000000
0.000000
0.000000
0.000000
0.000000
0.000000
0.000000
0.000000
0.000000
0.000000
0.000000
0.000000
0.000000
0.000000
0.000000
0.000000
0.000000
0.000000
0.000000
0.000000
0.000000
0.000000
0.000000
0.000000
0.000000
0.000000
0.000000
0.000000
0.000000
