74.927600
28.507200
802.880000
166.840000
69.979000
34.171000
23.325000
15.004000
10.068000
7.283900
4.511300
3.447700
2.589700
2.054000
1.483100
1.206200
0.950780
0.664700
0.542810
0.355650
0.293210
0.256000
0.245080
0.178200
0.126440
0.110770
0.091153
0.075498
0.070369
0.041043
0.039687
0.038758
0.019992
0.025750
0.014962
0.015633
0.009464
0.008886
0.007214
0.004615
0.004471
0.003536
0.002411
0.002475
0.001203
0.001982
0.000943
0.004210
0.001020
0.000682
0.000153
0.000680
0.000231
0.000156
0.000376
0.000210
0.000035
0.000071
0.000052
0.000288
0.000233
0.000102
0.000013
0.000036
0.000005
0.000008
0.000015
0.000013
0.000024
0.000013
0.000020
0.000015
0.000005
0.000003
0.000002
0.000002
0.000021
0.000001
0.000000
0.000003
0.000000
0.000000
0.000000
0.000000
0.000004
0.000000
0.000000
0.000000
0.000000
0.000000
0.000004
0.000000
0.000000
0.000000
0.000000
0.000000
0.000000
0.000000
0.000000
0.000000
0.000000
0.000000
0.000000
0.000000
0.000000
0.000000
0.000000
0.000001
0.000000
0.000000
0.000000
0.000000
0.000000
0.000000
0.000000
0.000000
0.000000
0.000000
0.000000
0.000000
0.000000
0.000000
0.000000
0.000000
0.000000
0.000000
0.000000
0.000000
0.000000
0.000000
0.000000
0.000000
0.000000
0.000000
0.000000
0.000000
0.000000
0.000000
0.000000
0.000000
0.000000
0.000000
0.000000
0.000000
0.000000
0.000000
0.000000
0.000000
0.000000
0.000000
0.000000
0.000000
0.000000
0.000000
0.000000
0.000000
0.000000
0.000000
0.000000
0.000000
0.000000
0.000000
0.000000
0.000000
0.000000
0.000000
0.000000
0.000000
0.000000
0.000000
0.000000
0.000000
0.000000
0.000000
0.000000
0.000000
0.000000
0.000000
0.000000
0.000000
0.000000
0.000000
0.000000
0.000000
0.000000
0.000000
0.000000
0.000000
0.000000
0.000000
0.000000
0.000000
0.000000
0.000000
0.000000
0.000000
0.000000
0.000000
0.000000
0.000000
0.000000
0.000000
