42.301700
40.218200
941.770000
234.950000
106.310000
64.927000
42.535000
29.251000
19.761000
14.320000
10.839000
7.618500
6.185700
4.418000
3.653600
2.839500
2.071900
1.702300
1.208200
0.993660
0.762170
0.544020
0.389850
0.331050
0.345610
0.308660
0.164930
0.172440
0.139310
0.076940
0.085989
0.052045
0.041634
0.038706
0.027118
0.028496
0.016710
0.016476
0.008970
0.008453
0.003713
0.003723
0.005277
0.002418
0.002885
0.002443
0.001333
0.001331
0.001125
0.000592
0.001913
0.000251
0.000578
0.000460
0.000423
0.000211
0.000048
0.000072
0.000035
0.000050
0.000036
0.000102
0.000085
0.000011
0.000032
0.000016
0.000013
0.000006
0.000013
0.000003
0.000000
0.000002
0.000000
0.000000
0.000000
0.000004
0.000000
0.000003
0.000000
0.000000
0.000002
0.000000
0.000000
0.000000
0.000000
0.000000
0.000000
0.000000
0.000000
0.000000
0.000000
0.000000
0.000000
0.000000
0.000000
0.000000
0.000000
0.000000
0.000000
0.000000
0.000000
0.000000
0.000000
0.000000
0.000000
0.000000
0.000000
0.000000
0.000000
0.000000
0.000000
0.000000
0.000000
0.000000
0.000000
0.000000
0.000000
0.000000
0.000000
0.000000
0.000000
0.000000
0.000000
0.000000
0.000000
0.000000
0.000000
0.000000
0.000000
0.000000
0.000000
0.000000
0.000000
0.000000
0.000000
0.000000
0.000000
0.000000
0.000000
0.000000
0.000000
0.000000
0.000000
0.000000
0.000000
0.000000
0.000000
0.000000
0.000000
0.000000
0.000000
0.000000
0.000000
0.000000
0.000000
0.000000
0.000000
0.000000
0.000000
0.000000
0.000000
0.000000
0.000000
0.000000
0.000000
0.000000
0.000000
0.000000
0.000000
0.000000
0.000000
0.000000
0.000000
0.000000
0.000000
0.000000
0.000000
0.000000
0.000000
0.000000
0.000000
0.000000
0.000000
0.000000
0.000000
0.000000
0.000000
0.000000
0.000000
0.000000
0.000000
0.000000
0.000000
0.000000
0.000000
0.000000
0.000000
0.000000
0.000000
0.000000
0.000000
0.000000
