83.319600
17.157500
804.920000
147.310000
60.876000
31.997000
20.819000
13.267000
9.125400
6.116700
4.417800
3.436800
2.677700
1.962000
1.428100
1.060500
0.897200
0.832790
0.595000
0.589080
0.428510
0.408140
0.389900
0.233180
0.208300
0.199980
0.159760
0.120080
0.098921
0.106680
0.072113
0.065858
0.044999
0.046572
0.036377
0.031192
0.024476
0.029386
0.016952
0.014732
0.014757
0.013217
0.008814
0.005028
0.010443
0.004778
0.006271
0.003417
0.003769
0.003576
0.001803
0.002064
0.002497
0.001892
0.001055
0.000839
0.002006
0.000120
0.000254
0.000081
0.000156
0.000907
0.000169
0.000158
0.000610
0.000025
0.000102
0.000095
0.000064
0.000005
0.000080
0.000061
0.000005
0.000002
0.000074
0.000002
0.000018
0.000005
0.000003
0.000000
0.000002
0.000011
0.000063
0.000009
0.000001
0.000000
0.000000
0.000000
0.000000
0.000000
0.000000
0.000000
0.000000
0.000000
0.000001
0.000000
0.000001
0.000000
0.000000
0.000000
0.000000
0.000000
0.000000
0.000011
0.000000
0.000000
0.000000
0.000000
0.000009
0.000000
0.000000
0.000000
0.000000
0.000000
0.000000
0.000000
0.000000
0.000000
0.000000
0.000000
0.000000
0.000000
0.000000
0.000000
0.000000
0.000000
0.000000
0.000000
0.000000
0.000000
0.000000
0.000000
0.000000
0.000000
0.000000
0.000000
0.000000
0.000000
0.000000
0.000000
0.000000
0.000000
0.000000
0.000000
0.000000
0.000000
0.000000
0.000000
0.000000
0.000000
0.000000
0.000000
0.000000
0.000000
0.000000
0.000000
0.000000
0.000000
0.000000
0.000000
0.000000
0.000000
0.000000
0.000000
0.000000
0.000000
0.000000
0.000000
0.000000
0.000000
0.000000
0.000000
0.000000
0.000000
0.000000
0.000000
0.000000
0.000000
0.000000
0.000000
0.000000
0.000000
0.000000
0.000000
0.000000
0.000000
0.000000
0.000000
0.000000
0.000000
0.000000
0.000000
0.000000
0.000000
0.000000
0.000000
0.000000
0.000000
0.000000
0.000000
0.000000
0.000000
