63.486000
31.733400
952.410000
172.340000
78.555000
44.396000
27.666000
18.400000
12.738000
9.414600
7.158700
4.602300
3.605400
2.600800
1.853900
1.493300
1.130200
0.876730
0.716660
0.565190
0.379430
0.353690
0.258710
0.205080
0.154400
0.160530
0.101390
0.074385
0.059940
0.076115
0.037936
0.038633
0.032340
0.020235
0.019390
0.020535
0.013165
0.007280
0.006295
0.007495
0.007307
0.003613
0.004903
0.002801
0.002557
0.001661
0.001402
0.001331
0.000650
0.000478
0.000658
0.001057
0.000666
0.000314
0.000454
0.000107
0.000103
0.000092
0.000066
0.000096
0.000021
0.000011
0.000230
0.000080
0.000020
0.000010
0.000014
0.000002
0.000000
0.000121
0.000000
0.000000
0.000000
0.000011
0.000000
0.000002
0.000000
0.000000
0.000001
0.000000
0.000000
0.000000
0.000000
0.000000
0.000000
0.000001
0.000000
0.000000
0.000001
0.000000
0.000000
0.000000
0.000000
0.000000
0.000000
0.000000
0.000000
0.000000
0.000000
0.000000
0.000000
0.000000
0.000000
0.000000
0.000000
0.000000
0.000000
0.000000
0.000000
0.000000
0.000000
0.000000
0.000000
0.000001
0.000000
0.000000
0.000000
0.000000
0.000000
0.000000
0.000000
0.000000
0.000000
0.000000
0.000000
0.000000
0.000000
0.000000
0.000000
0.000000
0.000000
0.000000
0.000000
0.000000
0.000000
0.000000
0.000000
0.000000
0.000000
0.000000
0.000000
0.000000
0.000000
0.000000
0.000000
0.000000
0.000000
0.000000
0.000000
0.000000
0.000000
0.000000
0.000000
0.000000
0.000000
0.000000
0.000000
0.000000
0.000000
0.000000
0.000000
0.000000
0.000000
0.000000
0.000000
0.000000
0.000000
0.000000
0.000000
0.000000
0.000000
0.000000
0.000000
0.000000
0.000000
0.000000
0.000000
0.000000
0.000000
0.000000
0.000000
0.000000
0.000000
0.000000
0.000000
0.000000
0.000000
0.000000
0.000000
0.000000
0.000000
0.000000
0.000000
0.000000
0.000000
0.000000
0.000000
0.000000
0.000000
0.000000
0.000000
0.000000
