68.450800
12.929100
855.180000
176.990000
80.950000
43.484000
28.017000
17.892000
12.497000
9.833700
7.270800
5.858400
4.577800
3.644000
2.819000
2.561700
1.940000
1.403700
1.147200
0.877420
0.872770
0.791010
0.675220
0.498110
0.403250
0.335440
0.349520
0.280900
0.198290
0.169210
0.216390
0.138460
0.102740
0.100760
0.062483
0.058245
0.069163
0.061420
0.040351
0.030550
0.041083
0.021621
0.027058
0.026218
0.015267
0.015139
0.014923
0.008514
0.011448
0.007289
0.005461
0.011371
0.003269
0.003299
0.002619
0.003179
0.001483
0.000679
0.001802
0.002634
0.001990
0.002540
0.000916
0.000603
0.000813
0.001277
0.000978
0.000358
0.000116
0.000158
0.000965
0.000009
0.000093
0.000014
0.000086
0.000200
0.000187
0.000014
0.000018
0.000045
0.000038
0.000015
0.000030
0.000003
0.000464
0.000048
0.000002
0.000000
0.000012
0.000014
0.000000
0.000000
0.000276
0.000016
0.000000
0.000000
0.000000
0.000004
0.000040
0.000000
0.000000
0.000000
0.000000
0.000004
0.000000
0.000001
0.000000
0.000000
0.000000
0.000000
0.000000
0.000000
0.000000
0.000000
0.000000
0.000000
0.000000
0.000000
0.000000
0.000000
0.000000
0.000000
0.000003
0.000000
0.000000
0.000000
0.000000
0.000000
0.000000
0.000001
0.000000
0.000000
0.000000
0.000000
0.000000
0.000007
0.000000
0.000000
0.000000
0.000000
0.000000
0.000000
0.000000
0.000000
0.000000
0.000000
0.000000
0.000000
0.000000
0.000000
0.000000
0.000000
0.000000
0.000000
0.000000
0.000000
0.000000
0.000000
0.000000
0.000000
0.000000
0.000000
0.000000
0.000000
0.000000
0.000000
0.000000
0.000000
0.000000
0.000000
0.000000
0.000000
0.000000
0.000000
0.000000
0.000000
0.000000
0.000000
0.000000
0.000000
0.000000
0.000000
0.000000
0.000000
0.000000
0.000000
0.000000
0.000000
0.000000
0.000000
0.000000
0.000000
0.000000
0.000000
0.000000
0.000000
0.000000
0.000000
0.000000
0.000000
0.000000
0.000000
