82.590500
35.264700
809.900000
152.670000
56.793000
32.922000
18.947000
12.503000
7.944600
5.474800
3.854800
2.610100
2.189700
1.341900
1.004900
0.738620
0.640330
0.453990
0.335930
0.229530
0.243680
0.142500
0.082974
0.107550
0.066687
0.053070
0.044797
0.037923
0.024793
0.017365
0.019943
0.016449
0.010915
0.011683
0.005669
0.008525
0.002646
0.005413
0.002029
0.003229
0.002237
0.002356
0.001951
0.000578
0.000949
0.000327
0.000263
0.000135
0.000147
0.000930
0.000142
0.000063
0.000258
0.000045
0.000106
0.000031
0.000045
0.000041
0.000016
0.000031
0.000000
0.000013
0.000003
0.000039
0.000019
0.000006
0.000004
0.000006
0.000013
0.000005
0.000002
0.000001
0.000000
0.000000
0.000000
0.000000
0.000002
0.000000
0.000000
0.000000
0.000000
0.000000
0.000000
0.000001
0.000000
0.000000
0.000000
0.000000
0.000000
0.000000
0.000000
0.000000
0.000000
0.000000
0.000000
0.000000
0.000000
0.000000
0.000000
0.000000
0.000000
0.000000
0.000000
0.000000
0.000000
0.000000
0.000000
0.000000
0.000000
0.000000
0.000000
0.000000
0.000000
0.000000
0.000000
0.000000
0.000000
0.000000
0.000000
0.000000
0.000000
0.000000
0.000000
0.000000
0.000000
0.000000
0.000000
0.000000
0.000000
0.000000
0.000000
0.000000
0.000000
0.000000
0.000000
0.000000
0.000000
0.000000
0.000000
0.000000
0.000000
0.000000
0.000000
0.000000
0.000000
0.000000
0.000000
0.000000
0.000000
0.000000
0.000000
0.000000
0.000000
0.000000
0.000000
0.000000
0.000000
0.000000
0.000000
0.000000
0.000000
0.000000
0.000000
0.000000
0.000000
0.000000
0.000000
0.000000
0.000000
0.000000
0.000000
0.000000
0.000000
0.000000
0.000000
0.000000
0.000000
0.000000
0.000000
0.000000
0.000000
0.000000
0.000000
0.000000
0.000000
0.000000
0.000000
0.000000
0.000000
0.000000
0.000000
0.000000
0.000000
0.000000
0.000000
0.000000
0.000000
0.000000
0.000000
0.000000
0.000000
0.000000
