70.790000
41.684700
869.930000
175.510000
71.169000
40.727000
24.662000
14.665000
10.357000
6.867900
4.368200
3.691800
2.291400
1.861600
1.243200
0.812790
0.665420
0.553930
0.454920
0.323080
0.244400
0.191520
0.129430
0.092708
0.094866
0.052929
0.058131
0.037584
0.021829
0.016568
0.021145
0.015856
0.008622
0.008564
0.007373
0.003629
0.006247
0.004998
0.002033
0.002575
0.001365
0.000835
0.000511
0.000600
0.000382
0.000320
0.000592
0.000428
0.000332
0.000083
0.000152
0.000086
0.000158
0.000042
0.000061
0.000030
0.000125
0.000019
0.000055
0.000041
0.000014
0.000031
0.000013
0.000000
0.000040
0.000000
0.000000
0.000000
0.000000
0.000000
0.000000
0.000002
0.000000
0.000000
0.000000
0.000000
0.000002
0.000000
0.000000
0.000000
0.000000
0.000000
0.000000
0.000000
0.000002
0.000000
0.000000
0.000000
0.000000
0.000000
0.000000
0.000000
0.000000
0.000000
0.000000
0.000000
0.000000
0.000000
0.000000
0.000000
0.000000
0.000000
0.000000
0.000000
0.000000
0.000000
0.000000
0.000000
0.000000
0.000000
0.000000
0.000000
0.000000
0.000000
0.000000
0.000000
0.000000
0.000000
0.000000
0.000000
0.000000
0.000000
0.000000
0.000000
0.000000
0.000000
0.000000
0.000000
0.000000
0.000000
0.000000
0.000000
0.000000
0.000000
0.000000
0.000000
0.000000
0.000000
0.000000
0.000000
0.000000
0.000000
0.000000
0.000000
0.000000
0.000000
0.000000
0.000000
0.000000
0.000000
0.000000
0.000000
0.000000
0.000000
0.000000
0.000000
0.000000
0.000000
0.000000
0.000000
0.000000
0.000000
0.000000
0.000000
0.000000
0.000000
0.000000
0.000000
0.000000
0.000000
0.000000
0.000000
0.000000
0.000000
0.000000
0.000000
0.000000
0.000000
0.000000
0.000000
0.000000
0.000000
0.000000
0.000000
0.000000
0.000000
0.000000
0.000000
0.000000
0.000000
0.000000
0.000000
0.000000
0.000000
0.000000
0.000000
0.000000
0.000000
0.000000
0.000000
0.000000
0.000000
