70.666900
19.566100
905.120000
177.960000
75.436000
39.223000
24.890000
16.592000
11.664000
8.475800
6.205100
4.300500
3.494300
2.586100
2.216000
1.723700
1.240900
1.043200
0.880200
0.662000
0.480420
0.429590
0.407580
0.358970
0.250400
0.211430
0.185580
0.167620
0.132230
0.101780
0.095226
0.077902
0.057063
0.035589
0.041202
0.036108
0.032546
0.024276
0.019688
0.021153
0.011404
0.014142
0.009752
0.012443
0.004810
0.012282
0.006251
0.004678
0.003181
0.006093
0.001314
0.000939
0.001586
0.001693
0.002131
0.000537
0.000778
0.000238
0.000673
0.000357
0.000307
0.000268
0.000581
0.000132
0.000217
0.000133
0.000188
0.000125
0.000040
0.000094
0.000151
0.000054
0.000018
0.000004
0.000046
0.000066
0.000003
0.000007
0.000002
0.000005
0.000054
0.000036
0.000014
0.000003
0.000000
0.000040
0.000000
0.000000
0.000000
0.000001
0.000007
0.000001
0.000000
0.000000
0.000000
0.000000
0.000000
0.000000
0.000000
0.000000
0.000000
0.000006
0.000000
0.000004
0.000000
0.000000
0.000000
0.000000
0.000005
0.000000
0.000000
0.000000
0.000000
0.000000
0.000000
0.000000
0.000000
0.000000
0.000000
0.000000
0.000000
0.000000
0.000000
0.000000
0.000000
0.000000
0.000000
0.000000
0.000000
0.000000
0.000000
0.000000
0.000000
0.000000
0.000000
0.000000
0.000000
0.000000
0.000000
0.000000
0.000003
0.000000
0.000000
0.000000
0.000000
0.000000
0.000000
0.000000
0.000000
0.000000
0.000000
0.000000
0.000000
0.000000
0.000000
0.000000
0.000000
0.000000
0.000000
0.000000
0.000000
0.000000
0.000000
0.000000
0.000000
0.000000
0.000000
0.000000
0.000000
0.000000
0.000000
0.000000
0.000000
0.000000
0.000000
0.000000
0.000000
0.000000
0.000000
0.000000
0.000000
0.000000
0.000000
0.000000
0.000000
0.000000
0.000000
0.000000
0.000000
0.000000
0.000000
0.000000
0.000000
0.000000
0.000000
0.000000
0.000000
0.000000
0.000000
0.000000
0.000000
0.000000
