44.656600
42.705100
978.370000
223.850000
102.420000
62.058000
37.871000
27.102000
19.888000
13.199000
9.605000
7.105200
5.395300
4.573500
3.136700
2.471500
1.899600
1.446100
1.030300
0.827140
0.657750
0.526970
0.350060
0.249190
0.248170
0.205580
0.181340
0.106660
0.095113
0.068465
0.058416
0.054554
0.036440
0.025848
0.022412
0.018602
0.013045
0.009158
0.008560
0.010678
0.003287
0.003995
0.001687
0.002181
0.003117
0.001538
0.001534
0.000728
0.000774
0.000761
0.000767
0.000624
0.000090
0.000328
0.000092
0.000301
0.000040
0.000057
0.000066
0.000069
0.000082
0.000025
0.000074
0.000057
0.000195
0.000020
0.000002
0.000007
0.000007
0.000007
0.000004
0.000008
0.000002
0.000000
0.000006
0.000000
0.000000
0.000000
0.000000
0.000000
0.000000
0.000000
0.000000
0.000000
0.000000
0.000000
0.000000
0.000000
0.000004
0.000000
0.000000
0.000000
0.000000
0.000000
0.000000
0.000000
0.000000
0.000000
0.000000
0.000000
0.000000
0.000000
0.000000
0.000000
0.000000
0.000000
0.000000
0.000000
0.000000
0.000000
0.000000
0.000000
0.000000
0.000000
0.000000
0.000000
0.000000
0.000000
0.000000
0.000000
0.000000
0.000000
0.000000
0.000000
0.000000
0.000000
0.000000
0.000000
0.000000
0.000000
0.000000
0.000000
0.000000
0.000000
0.000000
0.000000
0.000000
0.000000
0.000000
0.000000
0.000000
0.000000
0.000000
0.000000
0.000000
0.000000
0.000000
0.000000
0.000000
0.000000
0.000000
0.000000
0.000000
0.000000
0.000000
0.000000
0.000000
0.000000
0.000000
0.000000
0.000000
0.000000
0.000000
0.000000
0.000000
0.000000
0.000000
0.000000
0.000000
0.000000
0.000000
0.000000
0.000000
0.000000
0.000000
0.000000
0.000000
0.000000
0.000000
0.000000
0.000000
0.000000
0.000000
0.000000
0.000000
0.000000
0.000000
0.000000
0.000000
0.000000
0.000000
0.000000
0.000000
0.000000
0.000000
0.000000
0.000000
0.000000
0.000000
0.000000
0.000000
0.000000
