82.214300
26.444200
818.930000
147.380000
61.761000
34.293000
20.335000
13.882000
8.253900
5.836900
4.287800
2.818400
2.462000
1.561900
1.272200
0.934130
0.687000
0.578100
0.438710
0.371930
0.261900
0.226340
0.178730
0.172160
0.115780
0.096960
0.091271
0.055673
0.044993
0.043395
0.038346
0.029606
0.017274
0.014199
0.017591
0.011071
0.005656
0.008371
0.006833
0.003772
0.004326
0.003553
0.004539
0.003345
0.002642
0.000550
0.002201
0.000500
0.001153
0.000968
0.000847
0.000762
0.001209
0.000656
0.000104
0.000063
0.000139
0.000041
0.000026
0.000111
0.000073
0.000278
0.000124
0.000010
0.000059
0.000101
0.000017
0.000030
0.000023
0.000026
0.000065
0.000040
0.000000
0.000000
0.000000
0.000000
0.000004
0.000000
0.000000
0.000000
0.000000
0.000000
0.000000
0.000001
0.000000
0.000000
0.000000
0.000001
0.000000
0.000000
0.000000
0.000000
0.000000
0.000016
0.000000
0.000000
0.000000
0.000000
0.000000
0.000000
0.000000
0.000000
0.000000
0.000000
0.000000
0.000000
0.000000
0.000000
0.000000
0.000000
0.000000
0.000000
0.000000
0.000000
0.000000
0.000000
0.000000
0.000000
0.000000
0.000000
0.000000
0.000000
0.000000
0.000000
0.000000
0.000000
0.000000
0.000000
0.000000
0.000000
0.000000
0.000000
0.000000
0.000000
0.000000
0.000000
0.000000
0.000000
0.000000
0.000000
0.000000
0.000000
0.000000
0.000000
0.000000
0.000000
0.000000
0.000000
0.000000
0.000000
0.000000
0.000000
0.000000
0.000000
0.000000
0.000000
0.000000
0.000000
0.000000
0.000000
0.000000
0.000000
0.000000
0.000000
0.000000
0.000000
0.000000
0.000000
0.000000
0.000000
0.000000
0.000000
0.000000
0.000000
0.000000
0.000000
0.000000
0.000000
0.000000
0.000000
0.000000
0.000000
0.000000
0.000000
0.000000
0.000000
0.000000
0.000000
0.000000
0.000000
0.000000
0.000000
0.000000
0.000000
0.000000
0.000000
0.000000
0.000000
0.000000
0.000000
0.000000
0.000000
