44.717900
58.677200
925.050000
216.330000
103.860000
59.274000
35.009000
24.978000
16.345000
12.332000
8.660900
6.222300
4.494200
3.279500
2.717400
1.843100
1.299000
1.148700
0.770430
0.718460
0.511840
0.341740
0.328600
0.199880
0.125230
0.130430
0.096737
0.059656
0.052839
0.036945
0.029940
0.019571
0.019642
0.013116
0.010293
0.007693
0.005289
0.003593
0.005071
0.004964
0.001154
0.002186
0.002249
0.001853
0.000855
0.000729
0.000548
0.000357
0.000183
0.000123
0.000048
0.000036
0.000055
0.000042
0.000030
0.000395
0.000024
0.000002
0.000018
0.000036
0.000003
0.000000
0.000007
0.000000
0.000000
0.000000
0.000000
0.000000
0.000000
0.000005
0.000000
0.000000
0.000000
0.000000
0.000000
0.000000
0.000000
0.000000
0.000000
0.000000
0.000000
0.000000
0.000000
0.000000
0.000000
0.000000
0.000000
0.000000
0.000000
0.000000
0.000000
0.000000
0.000000
0.000000
0.000000
0.000000
0.000000
0.000000
0.000000
0.000000
0.000000
0.000000
0.000000
0.000000
0.000000
0.000000
0.000000
0.000000
0.000000
0.000000
0.000000
0.000000
0.000000
0.000000
0.000000
0.000000
0.000000
0.000000
0.000000
0.000000
0.000000
0.000000
0.000000
0.000000
0.000000
0.000000
0.000000
0.000000
0.000000
0.000000
0.000000
0.000000
0.000000
0.000000
0.000000
0.000000
0.000000
0.000000
0.000000
0.000000
0.000000
0.000000
0.000000
0.000000
0.000000
0.000000
0.000000
0.000000
0.000000
0.000000
0.000000
0.000000
0.000000
0.000000
0.000000
0.000000
0.000000
0.000000
0.000000
0.000000
0.000000
0.000000
0.000000
0.000000
0.000000
0.000000
0.000000
0.000000
0.000000
0.000000
0.000000
0.000000
0.000000
0.000000
0.000000
0.000000
0.000000
0.000000
0.000000
0.000000
0.000000
0.000000
0.000000
0.000000
0.000000
0.000000
0.000000
0.000000
0.000000
0.000000
0.000000
0.000000
0.000000
0.000000
0.000000
0.000000
0.000000
0.000000
0.000000
0.000000
0.000000
0.000000
