85.188800
34.859000
800.110000
144.590000
60.728000
33.641000
17.323000
11.549000
7.371900
4.836000
3.685900
2.498600
1.681400
1.322600
0.929960
0.764450
0.525190
0.424680
0.348450
0.243540
0.202300
0.154690
0.098499
0.094977
0.050246
0.042240
0.045320
0.034301
0.028111
0.026841
0.013804
0.015561
0.011825
0.005816
0.007222
0.009252
0.002476
0.004191
0.002603
0.001352
0.000994
0.001299
0.001163
0.000858
0.000685
0.000312
0.000649
0.000725
0.000287
0.000296
0.000957
0.000093
0.000126
0.000071
0.000101
0.000049
0.000017
0.000128
0.000028
0.000047
0.000006
0.000008
0.000003
0.000000
0.000021
0.000024
0.000002
0.000004
0.000000
0.000003
0.000000
0.000000
0.000000
0.000003
0.000000
0.000000
0.000000
0.000000
0.000000
0.000000
0.000000
0.000000
0.000000
0.000000
0.000000
0.000000
0.000000
0.000000
0.000000
0.000000
0.000000
0.000000
0.000000
0.000000
0.000000
0.000000
0.000000
0.000000
0.000000
0.000000
0.000000
0.000000
0.000000
0.000000
0.000000
0.000000
0.000000
0.000000
0.000000
0.000000
0.000000
0.000000
0.000000
0.000000
0.000000
0.000000
0.000000
0.000000
0.000000
0.000000
0.000000
0.000000
0.000000
0.000000
0.000000
0.000000
0.000000
0.000000
0.000000
0.000000
0.000000
0.000000
0.000000
0.000000
0.000000
0.000000
0.000000
0.000000
0.000000
0.000000
0.000000
0.000000
0.000000
0.000000
0.000000
0.000000
0.000000
0.000000
0.000000
0.000000
0.000000
0.000000
0.000000
0.000000
0.000000
0.000000
0.000000
0.000000
0.000000
0.000000
0.000000
0.000000
0.000000
0.000000
0.000000
0.000000
0.000000
0.000000
0.000000
0.000000
0.000000
0.000000
0.000000
0.000000
0.000000
0.000000
0.000000
0.000000
0.000000
0.000000
0.000000
0.000000
0.000000
0.000000
0.000000
0.000000
0.000000
0.000000
0.000000
0.000000
0.000000
0.000000
0.000000
0.000000
0.000000
0.000000
0.000000
0.000000
0.000000
0.000000
0.000000
0.000000
