54.187500
17.454000
909.080000
202.010000
98.800000
59.854000
33.858000
24.826000
17.499000
13.356000
9.540700
7.253700
5.631300
4.705900
3.863600
2.977800
2.102200
1.747100
1.568400
1.518900
1.034700
0.816390
0.670120
0.562180
0.552450
0.414340
0.374280
0.310300
0.232730
0.220130
0.173440
0.147690
0.114570
0.104000
0.105350
0.083421
0.072735
0.057504
0.056626
0.032195
0.034315
0.026821
0.027382
0.019290
0.014213
0.013408
0.010078
0.009761
0.008712
0.006546
0.007870
0.004733
0.002915
0.003678
0.003413
0.002950
0.002029
0.002866
0.001660
0.001117
0.001814
0.001807
0.001580
0.000421
0.001239
0.000733
0.000221
0.000392
0.000228
0.000113
0.000146
0.000071
0.000070
0.000184
0.000049
0.000007
0.000135
0.000005
0.000021
0.000007
0.000077
0.000002
0.000030
0.000041
0.000000
0.000003
0.000000
0.000000
0.000000
0.000002
0.000000
0.000003
0.000000
0.000002
0.000000
0.000000
0.000005
0.000002
0.000002
0.000000
0.000000
0.000000
0.000000
0.000002
0.000000
0.000000
0.000000
0.000000
0.000002
0.000000
0.000000
0.000000
0.000000
0.000000
0.000000
0.000000
0.000000
0.000000
0.000000
0.000000
0.000000
0.000000
0.000000
0.000000
0.000000
0.000000
0.000000
0.000000
0.000000
0.000000
0.000000
0.000000
0.000000
0.000000
0.000000
0.000000
0.000000
0.000000
0.000000
0.000000
0.000000
0.000000
0.000000
0.000000
0.000000
0.000000
0.000000
0.000000
0.000000
0.000000
0.000000
0.000000
0.000000
0.000000
0.000000
0.000000
0.000000
0.000000
0.000000
0.000000
0.000000
0.000000
0.000000
0.000000
0.000000
0.000000
0.000000
0.000000
0.000000
0.000000
0.000000
0.000000
0.000000
0.000000
0.000000
0.000000
0.000000
0.000000
0.000000
0.000000
0.000000
0.000000
0.000000
0.000000
0.000000
0.000000
0.000000
0.000000
0.000000
0.000000
0.000000
0.000000
0.000000
0.000000
0.000000
0.000000
0.000000
0.000000
0.000000
0.000000
0.000000
0.000000
