54.864000
41.928600
944.370000
195.990000
90.311000
48.085000
32.199000
21.767000
14.538000
9.590300
7.655100
5.870700
3.725800
3.487700
2.166200
1.807800
1.383000
1.112200
0.695680
0.542130
0.451540
0.344680
0.271620
0.204500
0.185690
0.110840
0.113050
0.066866
0.062431
0.038272
0.032278
0.024476
0.027741
0.013329
0.016882
0.009693
0.006127
0.006914
0.004498
0.004761
0.003269
0.002901
0.001659
0.001907
0.000799
0.001430
0.000562
0.000429
0.001155
0.000286
0.000165
0.000116
0.000297
0.000139
0.000112
0.000203
0.000114
0.000071
0.000133
0.000063
0.000071
0.000005
0.000045
0.000010
0.000004
0.000002
0.000016
0.000000
0.000000
0.000022
0.000000
0.000000
0.000002
0.000004
0.000004
0.000000
0.000000
0.000000
0.000002
0.000000
0.000000
0.000000
0.000000
0.000000
0.000000
0.000000
0.000000
0.000000
0.000000
0.000000
0.000000
0.000000
0.000000
0.000000
0.000000
0.000000
0.000000
0.000000
0.000001
0.000000
0.000000
0.000000
0.000000
0.000000
0.000000
0.000000
0.000000
0.000000
0.000000
0.000000
0.000000
0.000000
0.000000
0.000000
0.000000
0.000000
0.000000
0.000000
0.000000
0.000000
0.000000
0.000000
0.000000
0.000000
0.000000
0.000000
0.000000
0.000000
0.000000
0.000000
0.000000
0.000000
0.000000
0.000000
0.000000
0.000000
0.000000
0.000000
0.000000
0.000000
0.000000
0.000000
0.000000
0.000000
0.000000
0.000000
0.000000
0.000000
0.000000
0.000000
0.000000
0.000000
0.000000
0.000000
0.000000
0.000000
0.000000
0.000000
0.000000
0.000000
0.000000
0.000000
0.000000
0.000000
0.000000
0.000000
0.000000
0.000000
0.000000
0.000000
0.000000
0.000000
0.000000
0.000000
0.000000
0.000000
0.000000
0.000000
0.000000
0.000000
0.000000
0.000000
0.000000
0.000000
0.000000
0.000000
0.000000
0.000000
0.000000
0.000000
0.000000
0.000000
0.000000
0.000000
0.000000
0.000000
0.000000
0.000000
0.000000
0.000000
0.000000
0.000000
