40.597300
16.851100
1046.200000
244.270000
112.540000
73.262000
46.380000
31.966000
23.419000
18.377000
14.631000
10.869000
8.660600
7.260300
5.638200
4.863800
3.764200
2.672800
2.399900
2.265700
1.836100
1.371400
1.179800
0.991960
0.996320
0.802050
0.675740
0.599700
0.478170
0.353880
0.318480
0.313040
0.211440
0.183430
0.142220
0.140300
0.117840
0.098679
0.073987
0.062982
0.066820
0.035148
0.044443
0.041758
0.033675
0.023594
0.027319
0.027320
0.014920
0.012503
0.013056
0.009134
0.008802
0.003569
0.007212
0.003821
0.005247
0.003894
0.005887
0.004971
0.004811
0.002080
0.001906
0.001981
0.001081
0.001569
0.001384
0.000175
0.000675
0.000201
0.000327
0.000154
0.000069
0.000356
0.000411
0.000391
0.000555
0.000065
0.000400
0.000030
0.000009
0.000040
0.000023
0.000005
0.000051
0.000007
0.000010
0.000050
0.000011
0.000081
0.000002
0.000000
0.000143
0.000010
0.000034
0.000003
0.000000
0.000007
0.000000
0.000000
0.000000
0.000000
0.000002
0.000024
0.000032
0.000000
0.000000
0.000000
0.000000
0.000000
0.000000
0.000000
0.000000
0.000000
0.000000
0.000040
0.000001
0.000000
0.000000
0.000000
0.000000
0.000000
0.000000
0.000000
0.000000
0.000002
0.000000
0.000000
0.000000
0.000000
0.000002
0.000000
0.000000
0.000000
0.000000
0.000000
0.000000
0.000000
0.000000
0.000000
0.000000
0.000000
0.000000
0.000000
0.000000
0.000000
0.000000
0.000000
0.000000
0.000000
0.000000
0.000000
0.000000
0.000000
0.000000
0.000000
0.000000
0.000000
0.000000
0.000000
0.000000
0.000000
0.000000
0.000000
0.000000
0.000000
0.000000
0.000000
0.000000
0.000000
0.000000
0.000000
0.000000
0.000000
0.000000
0.000000
0.000000
0.000000
0.000000
0.000000
0.000000
0.000000
0.000000
0.000000
0.000000
0.000000
0.000000
0.000000
0.000000
0.000000
0.000000
0.000000
0.000000
0.000000
0.000000
0.000000
0.000000
0.000000
0.000000
0.000000
0.000000
0.000000
