79.161700
21.078700
838.040000
157.560000
73.296000
33.806000
19.567000
13.595000
9.536700
7.063600
5.207600
3.686800
2.451400
1.709000
1.475600
1.292900
1.018000
0.652600
0.577900
0.555290
0.449770
0.312040
0.278630
0.192570
0.215650
0.147870
0.132800
0.093661
0.073603
0.064723
0.055757
0.054336
0.039478
0.046626
0.022792
0.027733
0.022605
0.017554
0.018870
0.009541
0.010079
0.005241
0.008055
0.003719
0.005744
0.002161
0.002032
0.003808
0.001919
0.000553
0.001197
0.000271
0.000829
0.000255
0.000554
0.000550
0.002067
0.000724
0.000242
0.000159
0.000075
0.000443
0.000177
0.000087
0.000190
0.000056
0.000164
0.000038
0.000020
0.000000
0.000006
0.000031
0.000011
0.000374
0.000000
0.000002
0.000001
0.000056
0.000000
0.000000
0.000000
0.000001
0.000000
0.000000
0.000000
0.000000
0.000000
0.000000
0.000000
0.000000
0.000000
0.000000
0.000000
0.000000
0.000000
0.000000
0.000001
0.000000
0.000000
0.000017
0.000000
0.000000
0.000000
0.000000
0.000000
0.000000
0.000000
0.000000
0.000000
0.000000
0.000000
0.000000
0.000000
0.000000
0.000000
0.000000
0.000000
0.000000
0.000000
0.000000
0.000000
0.000000
0.000000
0.000000
0.000000
0.000000
0.000000
0.000000
0.000000
0.000000
0.000000
0.000000
0.000000
0.000000
0.000000
0.000000
0.000000
0.000000
0.000000
0.000000
0.000000
0.000000
0.000000
0.000000
0.000000
0.000000
0.000000
0.000000
0.000000
0.000000
0.000000
0.000000
0.000000
0.000000
0.000000
0.000000
0.000000
0.000000
0.000000
0.000000
0.000000
0.000000
0.000000
0.000000
0.000000
0.000000
0.000000
0.000000
0.000000
0.000000
0.000000
0.000000
0.000000
0.000000
0.000000
0.000000
0.000000
0.000000
0.000000
0.000000
0.000000
0.000000
0.000000
0.000000
0.000000
0.000000
0.000000
0.000000
0.000000
0.000000
0.000000
0.000000
0.000000
0.000000
0.000000
0.000000
0.000000
0.000000
0.000000
0.000000
0.000000
0.000000
