45.554000
41.519700
947.140000
216.650000
93.677000
60.425000
39.352000
26.819000
18.522000
13.650000
10.371000
7.274800
5.234300
3.791700
3.014000
2.520900
1.643300
1.319400
1.061800
0.809100
0.552830
0.524580
0.368640
0.281830
0.276750
0.212120
0.161880
0.129590
0.111730
0.076233
0.062730
0.048605
0.041873
0.027258
0.028988
0.018378
0.016489
0.012417
0.007408
0.007813
0.003953
0.003347
0.006748
0.002671
0.003565
0.001557
0.002687
0.001078
0.000325
0.000447
0.000388
0.000170
0.000340
0.000256
0.000127
0.000095
0.000177
0.000068
0.000096
0.000020
0.000008
0.000086
0.000002
0.000010
0.000040
0.000000
0.000001
0.000000
0.000031
0.000000
0.000002
0.000003
0.000000
0.000002
0.000000
0.000011
0.000002
0.000000
0.000000
0.000000
0.000000
0.000000
0.000000
0.000000
0.000000
0.000000
0.000000
0.000000
0.000000
0.000000
0.000000
0.000000
0.000000
0.000000
0.000000
0.000000
0.000000
0.000000
0.000000
0.000000
0.000000
0.000000
0.000000
0.000000
0.000000
0.000000
0.000000
0.000000
0.000000
0.000000
0.000000
0.000000
0.000000
0.000000
0.000000
0.000000
0.000000
0.000000
0.000000
0.000000
0.000000
0.000000
0.000000
0.000000
0.000000
0.000000
0.000000
0.000000
0.000000
0.000000
0.000000
0.000000
0.000000
0.000000
0.000000
0.000000
0.000000
0.000000
0.000000
0.000000
0.000000
0.000000
0.000000
0.000000
0.000000
0.000000
0.000000
0.000000
0.000000
0.000000
0.000000
0.000000
0.000000
0.000000
0.000000
0.000000
0.000000
0.000000
0.000000
0.000000
0.000000
0.000000
0.000000
0.000000
0.000000
0.000000
0.000000
0.000000
0.000000
0.000000
0.000000
0.000000
0.000000
0.000000
0.000000
0.000000
0.000000
0.000000
0.000000
0.000000
0.000000
0.000000
0.000000
0.000000
0.000000
0.000000
0.000000
0.000000
0.000000
0.000000
0.000000
0.000000
0.000000
0.000000
0.000000
0.000000
0.000000
0.000000
0.000000
0.000000
0.000000
0.000000
