79.720600
38.705100
832.530000
157.220000
65.184000
33.759000
19.251000
12.151000
9.023700
5.841100
3.541500
2.697000
1.866900
1.413600
0.994270
0.721710
0.631620
0.463040
0.325370
0.236800
0.164180
0.140120
0.142320
0.095712
0.051815
0.050730
0.037862
0.024872
0.028221
0.016696
0.013080
0.010657
0.010481
0.008226
0.007036
0.006273
0.002921
0.001587
0.004170
0.001389
0.001773
0.001746
0.001473
0.000811
0.000914
0.000346
0.000278
0.000244
0.000709
0.000141
0.000165
0.000076
0.000018
0.000039
0.000041
0.000017
0.000215
0.000008
0.000019
0.000017
0.000008
0.000008
0.000025
0.000004
0.000000
0.000000
0.000002
0.000003
0.000008
0.000000
0.000012
0.000013
0.000000
0.000000
0.000000
0.000000
0.000000
0.000000
0.000000
0.000000
0.000000
0.000000
0.000000
0.000000
0.000000
0.000000
0.000000
0.000000
0.000000
0.000000
0.000000
0.000000
0.000000
0.000000
0.000000
0.000000
0.000000
0.000000
0.000000
0.000000
0.000000
0.000000
0.000000
0.000000
0.000000
0.000000
0.000000
0.000000
0.000000
0.000000
0.000000
0.000000
0.000000
0.000000
0.000000
0.000000
0.000000
0.000000
0.000000
0.000000
0.000000
0.000000
0.000000
0.000000
0.000000
0.000000
0.000000
0.000000
0.000000
0.000000
0.000000
0.000000
0.000000
0.000000
0.000000
0.000000
0.000000
0.000000
0.000000
0.000000
0.000000
0.000000
0.000000
0.000000
0.000000
0.000000
0.000000
0.000000
0.000000
0.000000
0.000000
0.000000
0.000000
0.000000
0.000000
0.000000
0.000000
0.000000
0.000000
0.000000
0.000000
0.000000
0.000000
0.000000
0.000000
0.000000
0.000000
0.000000
0.000000
0.000000
0.000000
0.000000
0.000000
0.000000
0.000000
0.000000
0.000000
0.000000
0.000000
0.000000
0.000000
0.000000
0.000000
0.000000
0.000000
0.000000
0.000000
0.000000
0.000000
0.000000
0.000000
0.000000
0.000000
0.000000
0.000000
0.000000
0.000000
0.000000
0.000000
0.000000
0.000000
0.000000
