83.832600
16.866300
814.030000
147.600000
58.895000
33.375000
20.986000
12.042000
9.096400
6.447200
4.476600
3.613500
2.654500
2.065200
1.518400
1.169100
1.034100
0.701770
0.676740
0.481130
0.475710
0.423510
0.369490
0.232110
0.166650
0.184620
0.155130
0.120090
0.093147
0.099869
0.068334
0.080814
0.057683
0.040177
0.041340
0.024678
0.025045
0.016715
0.015170
0.013934
0.016519
0.013677
0.011051
0.010770
0.005149
0.008600
0.003803
0.005478
0.003008
0.003491
0.002470
0.001680
0.000883
0.001732
0.002481
0.000988
0.001342
0.000967
0.000043
0.000286
0.000613
0.000184
0.000127
0.000114
0.000216
0.000432
0.000835
0.000059
0.000027
0.000021
0.000082
0.000218
0.000045
0.000008
0.000005
0.000007
0.000003
0.000252
0.000023
0.000001
0.000001
0.000003
0.000000
0.000007
0.000000
0.000000
0.000000
0.000030
0.000026
0.000000
0.000000
0.000030
0.000000
0.000000
0.000004
0.000000
0.000000
0.000000
0.000005
0.000008
0.000000
0.000027
0.000000
0.000000
0.000000
0.000000
0.000000
0.000000
0.000000
0.000000
0.000000
0.000000
0.000000
0.000000
0.000000
0.000000
0.000000
0.000000
0.000000
0.000000
0.000000
0.000000
0.000000
0.000000
0.000000
0.000000
0.000000
0.000000
0.000000
0.000000
0.000000
0.000000
0.000000
0.000000
0.000000
0.000000
0.000000
0.000000
0.000000
0.000000
0.000000
0.000000
0.000000
0.000000
0.000000
0.000000
0.000000
0.000000
0.000000
0.000000
0.000000
0.000000
0.000000
0.000000
0.000000
0.000000
0.000000
0.000000
0.000000
0.000000
0.000000
0.000000
0.000000
0.000000
0.000000
0.000000
0.000000
0.000000
0.000000
0.000000
0.000000
0.000000
0.000000
0.000000
0.000000
0.000000
0.000000
0.000000
0.000000
0.000000
0.000000
0.000000
0.000000
0.000000
0.000000
0.000000
0.000000
0.000000
0.000000
0.000000
0.000000
0.000000
0.000000
0.000000
0.000000
0.000000
0.000000
0.000000
0.000000
0.000000
0.000000
0.000000
