46.063500
25.931200
987.380000
216.860000
102.470000
62.641000
39.448000
28.333000
19.609000
14.540000
10.660000
8.278300
6.193300
5.321000
3.755900
3.098800
2.472300
2.090200
1.699600
1.171700
1.033000
0.802590
0.652360
0.573070
0.482170
0.354300
0.251710
0.233800
0.175260
0.159710
0.135470
0.120070
0.088032
0.086088
0.063762
0.055492
0.050165
0.044440
0.036572
0.024447
0.018102
0.012021
0.015034
0.015044
0.010095
0.003982
0.008528
0.005964
0.005159
0.003838
0.002608
0.001692
0.001877
0.001680
0.001242
0.001099
0.000800
0.000563
0.000158
0.000376
0.000249
0.000826
0.000454
0.000303
0.000387
0.000210
0.000073
0.000015
0.000023
0.000030
0.000007
0.000048
0.000020
0.000110
0.000040
0.000001
0.000010
0.000011
0.000007
0.000006
0.000007
0.000002
0.000000
0.000000
0.000000
0.000000
0.000000
0.000002
0.000002
0.000003
0.000000
0.000000
0.000000
0.000001
0.000000
0.000000
0.000002
0.000000
0.000000
0.000000
0.000000
0.000000
0.000000
0.000000
0.000000
0.000000
0.000000
0.000000
0.000000
0.000000
0.000000
0.000000
0.000001
0.000000
0.000000
0.000000
0.000000
0.000000
0.000000
0.000000
0.000000
0.000000
0.000000
0.000000
0.000000
0.000000
0.000000
0.000000
0.000000
0.000000
0.000000
0.000000
0.000000
0.000000
0.000000
0.000000
0.000000
0.000000
0.000000
0.000000
0.000000
0.000000
0.000000
0.000000
0.000000
0.000000
0.000000
0.000000
0.000000
0.000000
0.000000
0.000000
0.000000
0.000000
0.000000
0.000000
0.000000
0.000000
0.000000
0.000000
0.000000
0.000000
0.000000
0.000000
0.000000
0.000000
0.000000
0.000000
0.000000
0.000000
0.000000
0.000000
0.000000
0.000000
0.000000
0.000000
0.000000
0.000000
0.000000
0.000000
0.000000
0.000000
0.000000
0.000000
0.000000
0.000000
0.000000
0.000000
0.000000
0.000000
0.000000
0.000000
0.000000
0.000000
0.000000
0.000000
0.000000
0.000000
0.000000
0.000000
0.000000
0.000000
