58.523400
39.553100
864.550000
197.610000
88.587000
49.242000
30.987000
20.027000
13.406000
9.327900
7.054300
4.824900
3.606500
2.753000
2.266200
1.592800
1.305300
0.760900
0.704470
0.485100
0.387980
0.255070
0.235590
0.227310
0.137060
0.116190
0.099579
0.066796
0.059271
0.064750
0.038618
0.031178
0.019953
0.014291
0.011229
0.006659
0.011010
0.007535
0.007144
0.002711
0.005232
0.007619
0.001834
0.002106
0.001669
0.000763
0.001189
0.000516
0.001449
0.000382
0.000494
0.000263
0.000151
0.000371
0.000251
0.000039
0.000293
0.000083
0.000044
0.000054
0.000107
0.000000
0.000011
0.000011
0.000024
0.000003
0.000005
0.000000
0.000001
0.000000
0.000000
0.000000
0.000000
0.000000
0.000004
0.000005
0.000000
0.000000
0.000000
0.000002
0.000000
0.000000
0.000000
0.000000
0.000000
0.000000
0.000000
0.000000
0.000000
0.000000
0.000000
0.000003
0.000000
0.000000
0.000000
0.000000
0.000000
0.000000
0.000000
0.000000
0.000000
0.000000
0.000000
0.000000
0.000000
0.000000
0.000000
0.000000
0.000000
0.000000
0.000000
0.000000
0.000000
0.000000
0.000000
0.000000
0.000000
0.000000
0.000000
0.000000
0.000000
0.000000
0.000000
0.000000
0.000000
0.000000
0.000000
0.000000
0.000000
0.000000
0.000000
0.000000
0.000000
0.000000
0.000000
0.000000
0.000000
0.000000
0.000000
0.000000
0.000000
0.000000
0.000000
0.000000
0.000000
0.000000
0.000000
0.000000
0.000000
0.000000
0.000000
0.000000
0.000000
0.000000
0.000000
0.000000
0.000000
0.000000
0.000000
0.000000
0.000000
0.000000
0.000000
0.000000
0.000000
0.000000
0.000000
0.000000
0.000000
0.000000
0.000000
0.000000
0.000000
0.000000
0.000000
0.000000
0.000000
0.000000
0.000000
0.000000
0.000000
0.000000
0.000000
0.000000
0.000000
0.000000
0.000000
0.000000
0.000000
0.000000
0.000000
0.000000
0.000000
0.000000
0.000000
0.000000
0.000000
0.000000
0.000000
0.000000
0.000000
0.000000
