58.559500
35.445300
930.020000
195.180000
85.541000
47.597000
30.700000
18.596000
14.964000
8.588900
6.966400
4.809600
4.080200
2.694400
2.025000
1.522000
1.384300
0.891830
0.787410
0.578550
0.532420
0.334520
0.305710
0.290630
0.192700
0.128180
0.141620
0.080112
0.074223
0.058146
0.037566
0.046629
0.024280
0.016719
0.020016
0.013007
0.012324
0.009121
0.007133
0.009590
0.006505
0.003882
0.002922
0.002313
0.002266
0.001480
0.001297
0.001267
0.000858
0.000815
0.001099
0.000692
0.000445
0.000315
0.000144
0.000179
0.000090
0.000186
0.000056
0.000119
0.000069
0.000059
0.000010
0.000012
0.000032
0.000021
0.000006
0.000008
0.000004
0.000000
0.000006
0.000002
0.000001
0.000002
0.000000
0.000000
0.000000
0.000000
0.000000
0.000002
0.000000
0.000000
0.000000
0.000000
0.000000
0.000000
0.000000
0.000000
0.000000
0.000000
0.000000
0.000000
0.000000
0.000000
0.000000
0.000000
0.000000
0.000000
0.000000
0.000000
0.000000
0.000000
0.000000
0.000000
0.000000
0.000000
0.000000
0.000000
0.000000
0.000000
0.000000
0.000000
0.000000
0.000000
0.000000
0.000000
0.000000
0.000000
0.000000
0.000000
0.000000
0.000000
0.000000
0.000000
0.000000
0.000000
0.000000
0.000000
0.000000
0.000000
0.000000
0.000000
0.000000
0.000000
0.000000
0.000000
0.000000
0.000000
0.000000
0.000000
0.000000
0.000000
0.000000
0.000000
0.000000
0.000000
0.000000
0.000000
0.000000
0.000000
0.000000
0.000000
0.000000
0.000000
0.000000
0.000000
0.000000
0.000000
0.000000
0.000000
0.000000
0.000000
0.000000
0.000000
0.000000
0.000000
0.000000
0.000000
0.000000
0.000000
0.000000
0.000000
0.000000
0.000000
0.000000
0.000000
0.000000
0.000000
0.000000
0.000000
0.000000
0.000000
0.000000
0.000000
0.000000
0.000000
0.000000
0.000000
0.000000
0.000000
0.000000
0.000000
0.000000
0.000000
0.000000
0.000000
0.000000
0.000000
0.000000
0.000000
0.000000
0.000000
