81.041500
38.571100
823.020000
159.240000
62.984000
33.619000
21.347000
12.437000
7.205700
5.779600
3.702900
2.550100
1.711400
1.246800
0.890690
0.881590
0.484080
0.391140
0.344240
0.212610
0.207700
0.142060
0.083784
0.090875
0.078697
0.054318
0.030699
0.027585
0.023553
0.017390
0.016529
0.010364
0.010110
0.008055
0.003698
0.004109
0.003539
0.002685
0.002058
0.000999
0.002265
0.001802
0.001170
0.001015
0.000532
0.000249
0.000362
0.000107
0.000235
0.000109
0.000118
0.000144
0.000190
0.000072
0.000023
0.000020
0.000034
0.000012
0.000130
0.000021
0.000066
0.000000
0.000000
0.000000
0.000000
0.000000
0.000000
0.000000
0.000013
0.000004
0.000000
0.000000
0.000000
0.000000
0.000000
0.000005
0.000002
0.000000
0.000000
0.000000
0.000000
0.000000
0.000000
0.000000
0.000000
0.000000
0.000000
0.000000
0.000000
0.000000
0.000000
0.000000
0.000000
0.000000
0.000000
0.000000
0.000000
0.000000
0.000000
0.000000
0.000000
0.000000
0.000000
0.000000
0.000000
0.000000
0.000000
0.000000
0.000000
0.000000
0.000000
0.000000
0.000000
0.000000
0.000000
0.000000
0.000000
0.000000
0.000000
0.000000
0.000000
0.000000
0.000000
0.000000
0.000000
0.000000
0.000000
0.000000
0.000000
0.000000
0.000000
0.000000
0.000000
0.000000
0.000000
0.000000
0.000000
0.000000
0.000000
0.000000
0.000000
0.000000
0.000000
0.000000
0.000000
0.000000
0.000000
0.000000
0.000000
0.000000
0.000000
0.000000
0.000000
0.000000
0.000000
0.000000
0.000000
0.000000
0.000000
0.000000
0.000000
0.000000
0.000000
0.000000
0.000000
0.000000
0.000000
0.000000
0.000000
0.000000
0.000000
0.000000
0.000000
0.000000
0.000000
0.000000
0.000000
0.000000
0.000000
0.000000
0.000000
0.000000
0.000000
0.000000
0.000000
0.000000
0.000000
0.000000
0.000000
0.000000
0.000000
0.000000
0.000000
0.000000
0.000000
0.000000
0.000000
0.000000
0.000000
0.000000
0.000000
0.000000
