56.094200
52.559700
920.300000
191.780000
91.918000
44.460000
32.189000
20.386000
13.456000
9.692600
6.506300
4.563800
3.319200
2.495400
1.778000
1.284200
1.037200
0.885050
0.605140
0.462950
0.298210
0.242850
0.201310
0.162140
0.126120
0.085142
0.060394
0.043399
0.041247
0.025346
0.018487
0.011427
0.013649
0.008295
0.010971
0.009456
0.003848
0.003684
0.001864
0.001926
0.000814
0.001475
0.000951
0.000962
0.000314
0.000307
0.000114
0.000333
0.000299
0.000105
0.000133
0.000042
0.000048
0.000017
0.000038
0.000024
0.000006
0.000008
0.000004
0.000002
0.000011
0.000003
0.000000
0.000000
0.000002
0.000003
0.000005
0.000000
0.000000
0.000000
0.000000
0.000000
0.000000
0.000000
0.000000
0.000000
0.000000
0.000000
0.000000
0.000000
0.000000
0.000000
0.000000
0.000000
0.000000
0.000000
0.000000
0.000000
0.000000
0.000000
0.000000
0.000000
0.000000
0.000000
0.000000
0.000000
0.000000
0.000000
0.000000
0.000000
0.000000
0.000000
0.000000
0.000000
0.000000
0.000000
0.000000
0.000000
0.000000
0.000000
0.000000
0.000000
0.000000
0.000000
0.000000
0.000000
0.000000
0.000000
0.000000
0.000000
0.000000
0.000000
0.000000
0.000000
0.000000
0.000000
0.000000
0.000000
0.000000
0.000000
0.000000
0.000000
0.000000
0.000000
0.000000
0.000000
0.000000
0.000000
0.000000
0.000000
0.000000
0.000000
0.000000
0.000000
0.000000
0.000000
0.000000
0.000000
0.000000
0.000000
0.000000
0.000000
0.000000
0.000000
0.000000
0.000000
0.000000
0.000000
0.000000
0.000000
0.000000
0.000000
0.000000
0.000000
0.000000
0.000000
0.000000
0.000000
0.000000
0.000000
0.000000
0.000000
0.000000
0.000000
0.000000
0.000000
0.000000
0.000000
0.000000
0.000000
0.000000
0.000000
0.000000
0.000000
0.000000
0.000000
0.000000
0.000000
0.000000
0.000000
0.000000
0.000000
0.000000
0.000000
0.000000
0.000000
0.000000
0.000000
0.000000
0.000000
0.000000
0.000000
