80.179800
25.820000
866.130000
161.930000
63.432000
34.021000
20.507000
13.021000
8.743600
6.311100
4.536900
2.928000
2.322600
1.641800
1.467500
1.026000
0.754090
0.578650
0.556320
0.372000
0.292670
0.361120
0.220180
0.178640
0.140070
0.110150
0.090179
0.063608
0.064035
0.048243
0.036636
0.025291
0.032266
0.030729
0.020788
0.016156
0.008451
0.007364
0.006840
0.008749
0.003996
0.006397
0.002423
0.003362
0.004028
0.005250
0.002216
0.001655
0.000860
0.001072
0.000304
0.000808
0.000170
0.000586
0.000460
0.000197
0.000077
0.000209
0.000045
0.000349
0.000030
0.000129
0.000063
0.000021
0.000050
0.000130
0.000000
0.000011
0.000015
0.000014
0.000012
0.000010
0.000021
0.000000
0.000000
0.000000
0.000006
0.000000
0.000000
0.000000
0.000002
0.000003
0.000000
0.000000
0.000009
0.000000
0.000000
0.000000
0.000000
0.000000
0.000000
0.000000
0.000000
0.000000
0.000000
0.000000
0.000000
0.000000
0.000000
0.000000
0.000000
0.000000
0.000000
0.000000
0.000000
0.000000
0.000000
0.000000
0.000000
0.000000
0.000000
0.000000
0.000000
0.000000
0.000000
0.000000
0.000000
0.000000
0.000000
0.000000
0.000000
0.000000
0.000000
0.000000
0.000000
0.000000
0.000000
0.000000
0.000000
0.000000
0.000000
0.000000
0.000000
0.000000
0.000000
0.000000
0.000000
0.000000
0.000000
0.000000
0.000000
0.000000
0.000000
0.000000
0.000000
0.000000
0.000000
0.000000
0.000000
0.000000
0.000000
0.000000
0.000000
0.000000
0.000000
0.000000
0.000000
0.000000
0.000000
0.000000
0.000000
0.000000
0.000000
0.000000
0.000000
0.000000
0.000000
0.000000
0.000000
0.000000
0.000000
0.000000
0.000000
0.000000
0.000000
0.000000
0.000000
0.000000
0.000000
0.000000
0.000000
0.000000
0.000000
0.000000
0.000000
0.000000
0.000000
0.000000
0.000000
0.000000
0.000000
0.000000
0.000000
0.000000
0.000000
0.000000
0.000000
0.000000
0.000000
0.000000
0.000000
0.000000
