89.091700
53.585100
797.420000
144.690000
58.000000
28.274000
17.052000
10.749000
6.474200
4.504900
2.674100
1.794300
1.351600
0.873420
0.627960
0.354720
0.274560
0.235780
0.149290
0.144770
0.108640
0.073264
0.044475
0.035292
0.029766
0.024276
0.016960
0.009255
0.008015
0.004439
0.003954
0.004054
0.002592
0.002625
0.001227
0.001061
0.000677
0.000282
0.000345
0.000267
0.000275
0.000231
0.000051
0.000388
0.000134
0.000173
0.000125
0.000023
0.000040
0.000007
0.000007
0.000009
0.000003
0.000003
0.000002
0.000000
0.000014
0.000005
0.000000
0.000000
0.000008
0.000000
0.000000
0.000000
0.000000
0.000002
0.000007
0.000000
0.000000
0.000000
0.000000
0.000000
0.000000
0.000000
0.000000
0.000000
0.000000
0.000000
0.000000
0.000000
0.000000
0.000000
0.000000
0.000000
0.000000
0.000000
0.000000
0.000000
0.000000
0.000000
0.000000
0.000000
0.000000
0.000000
0.000000
0.000000
0.000000
0.000000
0.000000
0.000000
0.000000
0.000000
0.000000
0.000000
0.000000
0.000000
0.000000
0.000000
0.000000
0.000000
0.000000
0.000000
0.000000
0.000000
0.000000
0.000000
0.000000
0.000000
0.000000
0.000000
0.000000
0.000000
0.000000
0.000000
0.000000
0.000000
0.000000
0.000000
0.000000
0.000000
0.000000
0.000000
0.000000
0.000000
0.000000
0.000000
0.000000
0.000000
0.000000
0.000000
0.000000
0.000000
0.000000
0.000000
0.000000
0.000000
0.000000
0.000000
0.000000
0.000000
0.000000
0.000000
0.000000
0.000000
0.000000
0.000000
0.000000
0.000000
0.000000
0.000000
0.000000
0.000000
0.000000
0.000000
0.000000
0.000000
0.000000
0.000000
0.000000
0.000000
0.000000
0.000000
0.000000
0.000000
0.000000
0.000000
0.000000
0.000000
0.000000
0.000000
0.000000
0.000000
0.000000
0.000000
0.000000
0.000000
0.000000
0.000000
0.000000
0.000000
0.000000
0.000000
0.000000
0.000000
0.000000
0.000000
0.000000
0.000000
0.000000
0.000000
0.000000
0.000000
