63.709300
38.832200
920.570000
182.120000
76.664000
42.695000
27.741000
19.062000
12.092000
8.462400
6.272900
4.416500
3.258100
2.388300
1.857300
1.155800
1.106100
0.821300
0.619010
0.413110
0.326310
0.227750
0.243690
0.153280
0.120420
0.074239
0.059236
0.060701
0.057009
0.032188
0.024574
0.015794
0.018279
0.014346
0.016381
0.005394
0.007927
0.006026
0.004724
0.003417
0.002570
0.001304
0.001870
0.001072
0.000629
0.000924
0.000742
0.000752
0.000265
0.000278
0.000168
0.000118
0.000117
0.000090
0.000062
0.000442
0.000024
0.000070
0.000016
0.000005
0.000071
0.000005
0.000002
0.000003
0.000009
0.000010
0.000005
0.000000
0.000000
0.000008
0.000002
0.000000
0.000000
0.000000
0.000000
0.000001
0.000000
0.000000
0.000000
0.000001
0.000000
0.000000
0.000000
0.000000
0.000000
0.000000
0.000000
0.000000
0.000000
0.000000
0.000000
0.000000
0.000000
0.000000
0.000000
0.000000
0.000000
0.000000
0.000000
0.000000
0.000000
0.000000
0.000000
0.000000
0.000000
0.000000
0.000000
0.000000
0.000000
0.000000
0.000000
0.000000
0.000000
0.000000
0.000000
0.000000
0.000000
0.000000
0.000000
0.000000
0.000000
0.000000
0.000000
0.000000
0.000000
0.000000
0.000000
0.000000
0.000000
0.000000
0.000000
0.000000
0.000000
0.000000
0.000000
0.000000
0.000000
0.000000
0.000000
0.000000
0.000000
0.000000
0.000000
0.000000
0.000000
0.000000
0.000000
0.000000
0.000000
0.000000
0.000000
0.000000
0.000000
0.000000
0.000000
0.000000
0.000000
0.000000
0.000000
0.000000
0.000000
0.000000
0.000000
0.000000
0.000000
0.000000
0.000000
0.000000
0.000000
0.000000
0.000000
0.000000
0.000000
0.000000
0.000000
0.000000
0.000000
0.000000
0.000000
0.000000
0.000000
0.000000
0.000000
0.000000
0.000000
0.000000
0.000000
0.000000
0.000000
0.000000
0.000000
0.000000
0.000000
0.000000
0.000000
0.000000
0.000000
0.000000
0.000000
0.000000
0.000000
0.000000
