44.717900
58.677200
977.550000
208.800000
108.270000
62.540000
35.994000
25.619000
16.213000
12.499000
9.280700
6.387800
5.015200
3.401100
2.408400
2.046500
1.458600
1.051600
0.991840
0.671750
0.520760
0.348070
0.293390
0.187520
0.192360
0.118880
0.116640
0.078428
0.079704
0.063329
0.030109
0.024452
0.014636
0.012094
0.010470
0.008772
0.006591
0.005802
0.004279
0.005908
0.004482
0.003169
0.001008
0.000866
0.000534
0.000890
0.000173
0.000322
0.000290
0.001067
0.000131
0.000193
0.000072
0.000118
0.000058
0.000058
0.000010
0.000005
0.000100
0.000016
0.000000
0.000003
0.000000
0.000004
0.000002
0.000000
0.000011
0.000002
0.000001
0.000008
0.000000
0.000005
0.000000
0.000000
0.000000
0.000000
0.000000
0.000000
0.000000
0.000000
0.000000
0.000000
0.000000
0.000000
0.000000
0.000000
0.000000
0.000000
0.000000
0.000000
0.000000
0.000000
0.000000
0.000000
0.000000
0.000000
0.000000
0.000000
0.000000
0.000000
0.000000
0.000000
0.000000
0.000000
0.000000
0.000000
0.000000
0.000000
0.000000
0.000000
0.000000
0.000000
0.000000
0.000000
0.000000
0.000000
0.000000
0.000000
0.000000
0.000000
0.000000
0.000000
0.000000
0.000000
0.000000
0.000000
0.000000
0.000000
0.000000
0.000000
0.000000
0.000000
0.000000
0.000000
0.000000
0.000000
0.000000
0.000000
0.000000
0.000000
0.000000
0.000000
0.000000
0.000000
0.000000
0.000000
0.000000
0.000000
0.000000
0.000000
0.000000
0.000000
0.000000
0.000000
0.000000
0.000000
0.000000
0.000000
0.000000
0.000000
0.000000
0.000000
0.000000
0.000000
0.000000
0.000000
0.000000
0.000000
0.000000
0.000000
0.000000
0.000000
0.000000
0.000000
0.000000
0.000000
0.000000
0.000000
0.000000
0.000000
0.000000
0.000000
0.000000
0.000000
0.000000
0.000000
0.000000
0.000000
0.000000
0.000000
0.000000
0.000000
0.000000
0.000000
0.000000
0.000000
0.000000
0.000000
0.000000
0.000000
0.000000
0.000000
