57.247800
32.077300
927.850000
178.070000
90.651000
50.486000
31.380000
20.039000
14.325000
11.245000
7.461900
5.841700
4.111100
2.831400
2.650600
1.863800
1.255000
1.016800
0.950980
0.670290
0.493580
0.472940
0.324010
0.289330
0.167440
0.173350
0.161560
0.110010
0.100510
0.056723
0.058559
0.053966
0.033933
0.035479
0.024103
0.022662
0.014858
0.014025
0.008223
0.012403
0.008524
0.006685
0.005633
0.004457
0.003017
0.001786
0.002401
0.001126
0.002119
0.000876
0.002051
0.000545
0.000473
0.000135
0.000278
0.000514
0.000152
0.000101
0.000235
0.000363
0.000321
0.000101
0.000076
0.000039
0.000060
0.000002
0.000000
0.000000
0.000006
0.000000
0.000021
0.000016
0.000002
0.000000
0.000005
0.000019
0.000012
0.000045
0.000001
0.000000
0.000000
0.000005
0.000000
0.000000
0.000002
0.000002
0.000010
0.000000
0.000000
0.000000
0.000000
0.000000
0.000000
0.000000
0.000000
0.000000
0.000000
0.000000
0.000000
0.000000
0.000000
0.000009
0.000000
0.000000
0.000000
0.000000
0.000000
0.000000
0.000000
0.000000
0.000000
0.000000
0.000000
0.000000
0.000000
0.000000
0.000000
0.000000
0.000000
0.000000
0.000000
0.000000
0.000000
0.000000
0.000000
0.000000
0.000000
0.000000
0.000000
0.000000
0.000000
0.000000
0.000000
0.000000
0.000000
0.000000
0.000000
0.000000
0.000000
0.000000
0.000000
0.000000
0.000000
0.000000
0.000000
0.000000
0.000000
0.000000
0.000000
0.000000
0.000000
0.000000
0.000000
0.000000
0.000000
0.000000
0.000000
0.000000
0.000000
0.000000
0.000000
0.000000
0.000000
0.000000
0.000000
0.000000
0.000000
0.000000
0.000000
0.000000
0.000000
0.000000
0.000000
0.000000
0.000000
0.000000
0.000000
0.000000
0.000000
0.000000
0.000000
0.000000
0.000000
0.000000
0.000000
0.000000
0.000000
0.000000
0.000000
0.000000
0.000000
0.000000
0.000000
0.000000
0.000000
0.000000
0.000000
0.000000
0.000000
0.000000
0.000000
0.000000
