44.504900
10.138200
953.710000
238.220000
115.200000
66.620000
43.869000
33.648000
25.909000
18.011000
14.653000
10.825000
8.425800
6.974100
5.740500
4.935300
4.003500
3.320300
3.387300
2.585800
2.205700
1.844100
1.624200
1.196900
1.241000
0.994370
0.766460
0.741460
0.537440
0.499900
0.505080
0.378000
0.377080
0.237260
0.282680
0.274770
0.208390
0.186470
0.169810
0.126380
0.111480
0.102250
0.076464
0.088754
0.060797
0.059916
0.040827
0.031162
0.035643
0.035915
0.037340
0.012513
0.027650
0.014620
0.017407
0.015637
0.012098
0.019386
0.003550
0.006671
0.007086
0.003263
0.003648
0.004942
0.003509
0.004693
0.001635
0.003045
0.002187
0.000792
0.000835
0.001221
0.002635
0.000846
0.002254
0.001250
0.001028
0.000242
0.000723
0.000459
0.000036
0.000214
0.000058
0.000074
0.000030
0.000016
0.000043
0.000006
0.000118
0.000032
0.000002
0.000027
0.000011
0.000017
0.000170
0.000007
0.000027
0.000002
0.000017
0.000124
0.000000
0.000001
0.000006
0.000000
0.000000
0.000000
0.000000
0.000000
0.000000
0.000053
0.000000
0.000000
0.000000
0.000000
0.000002
0.000001
0.000000
0.000000
0.000000
0.000014
0.000000
0.000002
0.000000
0.000000
0.000000
0.000000
0.000000
0.000000
0.000000
0.000000
0.000000
0.000000
0.000000
0.000000
0.000000
0.000000
0.000000
0.000000
0.000000
0.000000
0.000000
0.000000
0.000000
0.000000
0.000000
0.000000
0.000000
0.000000
0.000000
0.000000
0.000000
0.000000
0.000000
0.000000
0.000000
0.000000
0.000000
0.000000
0.000000
0.000000
0.000000
0.000000
0.000000
0.000000
0.000000
0.000000
0.000000
0.000000
0.000000
0.000000
0.000000
0.000000
0.000000
0.000000
0.000000
0.000000
0.000000
0.000000
0.000000
0.000000
0.000000
0.000000
0.000000
0.000000
0.000000
0.000000
0.000000
0.000000
0.000000
0.000000
0.000000
0.000000
0.000000
0.000000
0.000000
0.000000
0.000000
0.000000
0.000000
0.000000
0.000000
0.000000
