75.257400
14.598800
870.650000
163.260000
78.948000
38.382000
23.858000
16.366000
11.429000
8.727700
5.267200
4.017700
3.527700
2.921300
2.216900
1.679200
1.421200
1.208900
0.945290
0.766540
0.590020
0.584180
0.437570
0.389610
0.276660
0.250860
0.231680
0.158540
0.230470
0.137670
0.109720
0.112960
0.084928
0.068196
0.044510
0.062712
0.032684
0.036744
0.038140
0.026675
0.027780
0.020330
0.013721
0.019055
0.020170
0.018818
0.004256
0.008569
0.005107
0.006229
0.003697
0.005924
0.004855
0.005457
0.005648
0.001216
0.002421
0.001696
0.001425
0.001427
0.000900
0.000285
0.000540
0.000422
0.000166
0.000314
0.000417
0.000148
0.000099
0.000490
0.000077
0.000195
0.000091
0.000443
0.000016
0.000136
0.000018
0.000064
0.000123
0.000000
0.000029
0.000013
0.000003
0.000003
0.000142
0.000035
0.000007
0.000020
0.000000
0.000000
0.000000
0.000000
0.000006
0.000000
0.000000
0.000002
0.000000
0.000002
0.000002
0.000001
0.000002
0.000000
0.000000
0.000000
0.000000
0.000000
0.000000
0.000000
0.000000
0.000000
0.000000
0.000000
0.000000
0.000000
0.000000
0.000000
0.000000
0.000000
0.000000
0.000000
0.000000
0.000000
0.000000
0.000000
0.000000
0.000000
0.000000
0.000000
0.000000
0.000000
0.000000
0.000000
0.000000
0.000000
0.000000
0.000000
0.000000
0.000000
0.000000
0.000000
0.000000
0.000000
0.000000
0.000000
0.000000
0.000000
0.000000
0.000000
0.000000
0.000000
0.000000
0.000000
0.000000
0.000000
0.000000
0.000000
0.000000
0.000000
0.000000
0.000000
0.000000
0.000000
0.000000
0.000000
0.000000
0.000000
0.000000
0.000000
0.000000
0.000000
0.000000
0.000000
0.000000
0.000000
0.000000
0.000000
0.000000
0.000000
0.000000
0.000000
0.000000
0.000000
0.000000
0.000000
0.000000
0.000000
0.000000
0.000000
0.000000
0.000000
0.000000
0.000000
0.000000
0.000000
0.000000
0.000000
0.000000
0.000000
0.000000
0.000000
0.000000
0.000000
