45.741900
24.102500
1004.100000
232.970000
108.560000
63.172000
39.191000
28.864000
20.552000
14.952000
11.938000
8.656100
6.681500
5.571700
4.181400
3.480200
2.422700
2.085000
1.731400
1.341500
1.074100
0.708730
0.615280
0.549130
0.519130
0.385050
0.352050
0.259470
0.239370
0.171510
0.134850
0.141740
0.088826
0.087975
0.060091
0.046703
0.061661
0.034641
0.027689
0.032846
0.019546
0.014450
0.015219
0.017948
0.010443
0.010445
0.008691
0.008096
0.005330
0.004417
0.003571
0.002745
0.001995
0.001077
0.001070
0.000696
0.001681
0.002008
0.001264
0.000258
0.000632
0.000147
0.000259
0.000216
0.000079
0.000233
0.000145
0.000031
0.000088
0.000024
0.000087
0.000039
0.000025
0.000059
0.000033
0.000015
0.000000
0.000001
0.000003
0.000012
0.000000
0.000008
0.000001
0.000004
0.000001
0.000000
0.000000
0.000000
0.000000
0.000000
0.000000
0.000000
0.000002
0.000002
0.000000
0.000000
0.000000
0.000000
0.000000
0.000000
0.000000
0.000000
0.000000
0.000000
0.000000
0.000000
0.000000
0.000000
0.000000
0.000000
0.000000
0.000000
0.000000
0.000000
0.000000
0.000001
0.000000
0.000000
0.000000
0.000000
0.000000
0.000000
0.000000
0.000000
0.000000
0.000000
0.000000
0.000000
0.000000
0.000000
0.000000
0.000000
0.000000
0.000000
0.000000
0.000000
0.000000
0.000000
0.000000
0.000000
0.000000
0.000000
0.000000
0.000000
0.000000
0.000000
0.000000
0.000000
0.000000
0.000000
0.000000
0.000000
0.000000
0.000000
0.000000
0.000000
0.000000
0.000000
0.000000
0.000000
0.000000
0.000000
0.000000
0.000000
0.000000
0.000000
0.000000
0.000000
0.000000
0.000000
0.000000
0.000000
0.000000
0.000000
0.000000
0.000000
0.000000
0.000000
0.000000
0.000000
0.000000
0.000000
0.000000
0.000000
0.000000
0.000000
0.000000
0.000000
0.000000
0.000000
0.000000
0.000000
0.000000
0.000000
0.000000
0.000000
0.000000
0.000000
0.000000
0.000000
0.000000
0.000000
