59.766800
12.751000
921.780000
189.840000
92.963000
48.654000
32.349000
21.576000
15.076000
11.845000
9.406000
6.914200
5.301000
4.284500
3.718500
2.771600
2.394700
1.915700
1.790000
1.478600
1.181500
0.916250
0.959860
0.694650
0.576790
0.461500
0.363580
0.325380
0.292220
0.250660
0.236990
0.199150
0.180960
0.113450
0.134570
0.126970
0.093704
0.079531
0.050588
0.044391
0.051443
0.040355
0.032020
0.021138
0.021262
0.024708
0.015252
0.014387
0.015853
0.012487
0.009288
0.014903
0.013067
0.004758
0.006456
0.005236
0.001974
0.004736
0.003900
0.005999
0.000577
0.001592
0.001819
0.001328
0.001224
0.000187
0.001291
0.000580
0.000475
0.000676
0.000191
0.001873
0.000038
0.000327
0.000019
0.000078
0.000330
0.000228
0.000299
0.000015
0.000010
0.000078
0.000019
0.000087
0.000019
0.000025
0.000000
0.000001
0.000002
0.000278
0.000242
0.000143
0.000005
0.000007
0.000089
0.000004
0.000000
0.000000
0.000101
0.000002
0.000000
0.000000
0.000000
0.000000
0.000124
0.000000
0.000000
0.000000
0.000000
0.000000
0.000000
0.000000
0.000000
0.000000
0.000000
0.000000
0.000000
0.000000
0.000000
0.000000
0.000000
0.000000
0.000000
0.000000
0.000000
0.000003
0.000000
0.000000
0.000000
0.000000
0.000000
0.000001
0.000000
0.000000
0.000000
0.000000
0.000000
0.000000
0.000000
0.000000
0.000000
0.000000
0.000000
0.000000
0.000000
0.000000
0.000000
0.000000
0.000000
0.000000
0.000000
0.000000
0.000000
0.000000
0.000000
0.000000
0.000000
0.000000
0.000000
0.000000
0.000000
0.000000
0.000000
0.000000
0.000000
0.000000
0.000000
0.000000
0.000000
0.000000
0.000000
0.000000
0.000000
0.000000
0.000000
0.000000
0.000000
0.000000
0.000000
0.000000
0.000000
0.000000
0.000000
0.000000
0.000000
0.000000
0.000000
0.000000
0.000000
0.000000
0.000000
0.000000
0.000000
0.000000
0.000000
0.000000
0.000000
0.000000
0.000000
0.000000
0.000000
0.000000
