82.664100
17.026600
808.710000
155.920000
62.217000
34.499000
18.759000
12.032000
8.640900
6.556400
4.665700
3.395200
2.491700
2.121500
1.590900
1.272800
0.996270
0.775930
0.654160
0.541350
0.471430
0.384830
0.338480
0.288080
0.203810
0.184130
0.152850
0.152690
0.115420
0.082633
0.093322
0.065440
0.060667
0.038707
0.040825
0.034215
0.023733
0.016969
0.015291
0.020612
0.009147
0.013736
0.013376
0.010536
0.008243
0.006404
0.002998
0.005537
0.001422
0.002993
0.003358
0.001329
0.004068
0.002635
0.000801
0.001405
0.001537
0.000392
0.000112
0.002044
0.000127
0.000188
0.000824
0.000304
0.000068
0.000186
0.000134
0.000032
0.000096
0.000039
0.000084
0.000324
0.000016
0.000160
0.000004
0.000010
0.000070
0.000010
0.000000
0.000007
0.000102
0.000002
0.000000
0.000000
0.000027
0.000000
0.000001
0.000000
0.000000
0.000002
0.000000
0.000000
0.000000
0.000000
0.000000
0.000000
0.000000
0.000000
0.000000
0.000000
0.000000
0.000000
0.000000
0.000000
0.000000
0.000000
0.000000
0.000000
0.000000
0.000000
0.000000
0.000000
0.000001
0.000000
0.000000
0.000000
0.000000
0.000000
0.000000
0.000000
0.000000
0.000000
0.000000
0.000000
0.000000
0.000000
0.000000
0.000000
0.000000
0.000000
0.000000
0.000000
0.000000
0.000000
0.000000
0.000000
0.000000
0.000000
0.000000
0.000000
0.000000
0.000000
0.000000
0.000000
0.000000
0.000000
0.000000
0.000000
0.000000
0.000000
0.000000
0.000000
0.000000
0.000000
0.000000
0.000000
0.000000
0.000000
0.000000
0.000000
0.000000
0.000000
0.000000
0.000000
0.000000
0.000000
0.000000
0.000000
0.000000
0.000000
0.000000
0.000000
0.000000
0.000000
0.000000
0.000000
0.000000
0.000000
0.000000
0.000000
0.000000
0.000000
0.000000
0.000000
0.000000
0.000000
0.000000
0.000000
0.000000
0.000000
0.000000
0.000000
0.000000
0.000000
0.000000
0.000000
0.000000
0.000000
0.000000
0.000000
0.000000
0.000000
