43.062400
29.824500
1052.200000
238.600000
108.300000
59.762000
38.887000
30.038000
19.882000
15.808000
10.678000
9.304400
7.193300
5.255900
3.942300
3.326800
2.760700
2.214000
1.476300
1.269900
1.009700
0.890700
0.684400
0.507350
0.421750
0.345080
0.300570
0.230490
0.214860
0.160540
0.133360
0.105540
0.088212
0.071208
0.056303
0.047994
0.028559
0.034783
0.018301
0.021950
0.021673
0.011208
0.013305
0.009289
0.006012
0.004503
0.005750
0.002391
0.005395
0.003754
0.001497
0.002820
0.000661
0.001700
0.000470
0.000454
0.001403
0.000481
0.000725
0.000154
0.000343
0.000125
0.000290
0.000122
0.000157
0.000022
0.000083
0.000079
0.000059
0.000319
0.000042
0.000022
0.000073
0.000001
0.000035
0.000001
0.000007
0.000001
0.000007
0.000018
0.000000
0.000001
0.000000
0.000003
0.000030
0.000000
0.000000
0.000000
0.000000
0.000000
0.000000
0.000000
0.000002
0.000000
0.000000
0.000000
0.000000
0.000000
0.000000
0.000000
0.000000
0.000000
0.000000
0.000000
0.000000
0.000000
0.000000
0.000000
0.000000
0.000000
0.000000
0.000000
0.000000
0.000000
0.000000
0.000000
0.000000
0.000000
0.000000
0.000000
0.000000
0.000000
0.000000
0.000000
0.000000
0.000000
0.000000
0.000000
0.000000
0.000000
0.000000
0.000000
0.000000
0.000000
0.000000
0.000000
0.000000
0.000000
0.000000
0.000000
0.000000
0.000000
0.000000
0.000000
0.000000
0.000000
0.000000
0.000000
0.000000
0.000000
0.000000
0.000000
0.000000
0.000000
0.000000
0.000000
0.000000
0.000000
0.000000
0.000000
0.000000
0.000000
0.000000
0.000000
0.000000
0.000000
0.000000
0.000000
0.000000
0.000000
0.000000
0.000000
0.000000
0.000000
0.000000
0.000000
0.000000
0.000000
0.000000
0.000000
0.000000
0.000000
0.000000
0.000000
0.000000
0.000000
0.000000
0.000000
0.000000
0.000000
0.000000
0.000000
0.000000
0.000000
0.000000
0.000000
0.000000
0.000000
0.000000
0.000000
0.000000
0.000000
