46.926700
57.800500
946.300000
209.240000
95.770000
55.671000
34.557000
22.441000
15.691000
11.181000
8.577100
6.300000
4.571600
3.389400
2.639700
1.885400
1.332900
1.020600
0.895300
0.618760
0.463580
0.381900
0.291380
0.177660
0.128740
0.094321
0.093062
0.080258
0.048710
0.031469
0.036748
0.032149
0.021690
0.014430
0.009939
0.010463
0.003812
0.006941
0.002119
0.001819
0.002201
0.001046
0.000929
0.000713
0.000536
0.000254
0.000538
0.000483
0.000161
0.000241
0.000770
0.000265
0.000171
0.000120
0.000060
0.000061
0.000040
0.000203
0.000008
0.000054
0.000026
0.000067
0.000000
0.000002
0.000016
0.000000
0.000004
0.000000
0.000000
0.000000
0.000000
0.000000
0.000000
0.000000
0.000000
0.000000
0.000000
0.000000
0.000000
0.000000
0.000000
0.000000
0.000000
0.000000
0.000000
0.000000
0.000000
0.000000
0.000000
0.000000
0.000000
0.000000
0.000000
0.000000
0.000000
0.000000
0.000000
0.000000
0.000000
0.000000
0.000000
0.000000
0.000000
0.000000
0.000000
0.000000
0.000000
0.000000
0.000000
0.000000
0.000000
0.000000
0.000000
0.000000
0.000000
0.000000
0.000000
0.000000
0.000000
0.000000
0.000000
0.000000
0.000000
0.000000
0.000000
0.000000
0.000000
0.000000
0.000000
0.000000
0.000000
0.000000
0.000000
0.000000
0.000000
0.000000
0.000000
0.000000
0.000000
0.000000
0.000000
0.000000
0.000000
0.000000
0.000000
0.000000
0.000000
0.000000
0.000000
0.000000
0.000000
0.000000
0.000000
0.000000
0.000000
0.000000
0.000000
0.000000
0.000000
0.000000
0.000000
0.000000
0.000000
0.000000
0.000000
0.000000
0.000000
0.000000
0.000000
0.000000
0.000000
0.000000
0.000000
0.000000
0.000000
0.000000
0.000000
0.000000
0.000000
0.000000
0.000000
0.000000
0.000000
0.000000
0.000000
0.000000
0.000000
0.000000
0.000000
0.000000
0.000000
0.000000
0.000000
0.000000
0.000000
0.000000
0.000000
0.000000
0.000000
0.000000
0.000000
0.000000
