58.265900
39.142800
942.890000
196.510000
85.118000
46.400000
31.585000
19.172000
13.770000
10.032000
6.800000
5.030900
3.649100
2.888100
2.059800
1.488900
1.268000
0.871940
0.764400
0.545350
0.415950
0.281680
0.264660
0.196000
0.156790
0.118330
0.082035
0.062300
0.053817
0.041193
0.033982
0.026898
0.019258
0.017171
0.012832
0.012297
0.009650
0.005688
0.006085
0.005258
0.003866
0.002665
0.003295
0.002483
0.000821
0.001147
0.000819
0.000594
0.000837
0.000478
0.000355
0.000202
0.000097
0.000268
0.000086
0.000039
0.000048
0.000013
0.000061
0.000068
0.000026
0.000046
0.000010
0.000013
0.000009
0.000008
0.000005
0.000019
0.000002
0.000005
0.000009
0.000000
0.000069
0.000000
0.000000
0.000001
0.000000
0.000000
0.000000
0.000000
0.000000
0.000000
0.000000
0.000000
0.000000
0.000000
0.000000
0.000000
0.000001
0.000000
0.000000
0.000000
0.000000
0.000000
0.000000
0.000000
0.000000
0.000000
0.000000
0.000000
0.000000
0.000000
0.000000
0.000000
0.000000
0.000000
0.000000
0.000000
0.000000
0.000000
0.000000
0.000000
0.000000
0.000000
0.000000
0.000000
0.000000
0.000000
0.000000
0.000000
0.000000
0.000000
0.000000
0.000000
0.000000
0.000000
0.000000
0.000000
0.000000
0.000000
0.000000
0.000000
0.000000
0.000000
0.000000
0.000000
0.000000
0.000000
0.000000
0.000000
0.000000
0.000000
0.000000
0.000000
0.000000
0.000000
0.000000
0.000000
0.000000
0.000000
0.000000
0.000000
0.000000
0.000000
0.000000
0.000000
0.000000
0.000000
0.000000
0.000000
0.000000
0.000000
0.000000
0.000000
0.000000
0.000000
0.000000
0.000000
0.000000
0.000000
0.000000
0.000000
0.000000
0.000000
0.000000
0.000000
0.000000
0.000000
0.000000
0.000000
0.000000
0.000000
0.000000
0.000000
0.000000
0.000000
0.000000
0.000000
0.000000
0.000000
0.000000
0.000000
0.000000
0.000000
0.000000
0.000000
0.000000
0.000000
0.000000
0.000000
0.000000
0.000000
