56.875200
52.298200
908.600000
198.890000
85.463000
47.331000
26.135000
20.004000
12.069000
8.861200
6.448500
5.026800
3.148100
2.774500
1.827100
1.438000
1.069000
0.729830
0.551630
0.398440
0.358480
0.192400
0.166570
0.132250
0.112030
0.060720
0.043741
0.046167
0.037262
0.040797
0.030797
0.011226
0.010960
0.008306
0.006435
0.006315
0.004149
0.001792
0.004161
0.002135
0.001535
0.001222
0.000629
0.000228
0.000295
0.000345
0.000131
0.000166
0.000044
0.000063
0.000145
0.000031
0.000028
0.000037
0.000014
0.000011
0.000013
0.000003
0.000014
0.000007
0.000019
0.000012
0.000004
0.000000
0.000000
0.000016
0.000000
0.000000
0.000000
0.000000
0.000000
0.000000
0.000000
0.000000
0.000000
0.000000
0.000000
0.000000
0.000001
0.000000
0.000000
0.000000
0.000000
0.000000
0.000000
0.000000
0.000000
0.000000
0.000000
0.000000
0.000000
0.000000
0.000000
0.000000
0.000000
0.000000
0.000000
0.000000
0.000000
0.000000
0.000000
0.000000
0.000000
0.000000
0.000000
0.000000
0.000000
0.000000
0.000000
0.000000
0.000000
0.000000
0.000000
0.000000
0.000000
0.000000
0.000000
0.000000
0.000000
0.000000
0.000000
0.000000
0.000000
0.000000
0.000000
0.000000
0.000000
0.000000
0.000000
0.000000
0.000000
0.000000
0.000000
0.000000
0.000000
0.000000
0.000000
0.000000
0.000000
0.000000
0.000000
0.000000
0.000000
0.000000
0.000000
0.000000
0.000000
0.000000
0.000000
0.000000
0.000000
0.000000
0.000000
0.000000
0.000000
0.000000
0.000000
0.000000
0.000000
0.000000
0.000000
0.000000
0.000000
0.000000
0.000000
0.000000
0.000000
0.000000
0.000000
0.000000
0.000000
0.000000
0.000000
0.000000
0.000000
0.000000
0.000000
0.000000
0.000000
0.000000
0.000000
0.000000
0.000000
0.000000
0.000000
0.000000
0.000000
0.000000
0.000000
0.000000
0.000000
0.000000
0.000000
0.000000
0.000000
0.000000
0.000000
0.000000
0.000000
0.000000
0.000000
0.000000
