80.032600
20.804800
841.000000
160.130000
61.030000
32.954000
20.444000
14.317000
8.728700
7.445600
4.914100
3.356500
2.632400
1.967600
1.513800
1.199200
0.951400
0.683670
0.621260
0.441140
0.424540
0.393480
0.276740
0.252690
0.184210
0.160600
0.147720
0.071934
0.082471
0.078614
0.046338
0.066531
0.044081
0.031070
0.021184
0.017266
0.019465
0.014844
0.016635
0.012326
0.010256
0.008697
0.007003
0.003652
0.005269
0.002997
0.003105
0.002430
0.002281
0.001749
0.002148
0.000364
0.001272
0.001145
0.000659
0.001003
0.000743
0.000645
0.000901
0.000266
0.000259
0.000060
0.000162
0.000066
0.000079
0.000026
0.000089
0.000032
0.000000
0.000012
0.000130
0.000006
0.000011
0.000009
0.000031
0.000023
0.000006
0.000019
0.000009
0.000007
0.000000
0.000000
0.000009
0.000000
0.000000
0.000002
0.000000
0.000000
0.000000
0.000000
0.000000
0.000000
0.000000
0.000000
0.000004
0.000000
0.000000
0.000000
0.000000
0.000000
0.000000
0.000000
0.000000
0.000000
0.000000
0.000000
0.000000
0.000000
0.000000
0.000000
0.000000
0.000000
0.000000
0.000000
0.000000
0.000000
0.000000
0.000000
0.000000
0.000000
0.000000
0.000000
0.000000
0.000000
0.000000
0.000000
0.000000
0.000000
0.000000
0.000000
0.000000
0.000000
0.000000
0.000000
0.000000
0.000000
0.000000
0.000000
0.000000
0.000000
0.000000
0.000000
0.000000
0.000000
0.000000
0.000000
0.000000
0.000000
0.000000
0.000000
0.000000
0.000000
0.000000
0.000000
0.000000
0.000000
0.000000
0.000000
0.000000
0.000000
0.000000
0.000000
0.000000
0.000000
0.000000
0.000000
0.000000
0.000000
0.000000
0.000000
0.000000
0.000000
0.000000
0.000000
0.000000
0.000000
0.000000
0.000000
0.000000
0.000000
0.000000
0.000000
0.000000
0.000000
0.000000
0.000000
0.000000
0.000000
0.000000
0.000000
0.000000
0.000000
0.000000
0.000000
0.000000
0.000000
0.000000
0.000000
0.000000
0.000000
0.000000
0.000000
