85.879800
25.478400
823.560000
136.710000
63.091000
29.805000
17.691000
11.299000
7.867300
5.836100
3.634200
3.034200
2.018800
1.414500
1.147600
0.933370
0.624130
0.553410
0.406570
0.305170
0.307820
0.232530
0.153570
0.126640
0.096566
0.089902
0.092161
0.071083
0.043273
0.038718
0.031181
0.021512
0.029924
0.018672
0.009065
0.010190
0.009291
0.005722
0.009377
0.008994
0.004813
0.007475
0.004360
0.003607
0.004870
0.003024
0.001308
0.000676
0.000375
0.002110
0.000382
0.000167
0.000297
0.000572
0.000129
0.000168
0.000098
0.000128
0.000618
0.000019
0.000032
0.000117
0.000122
0.000175
0.000017
0.000027
0.000264
0.000266
0.000006
0.000001
0.000032
0.000006
0.000000
0.000013
0.000000
0.000000
0.000000
0.000000
0.000004
0.000000
0.000000
0.000007
0.000002
0.000000
0.000000
0.000000
0.000000
0.000000
0.000000
0.000000
0.000000
0.000000
0.000000
0.000000
0.000000
0.000000
0.000000
0.000001
0.000000
0.000000
0.000000
0.000000
0.000000
0.000000
0.000000
0.000000
0.000000
0.000000
0.000000
0.000000
0.000000
0.000000
0.000000
0.000000
0.000000
0.000000
0.000000
0.000000
0.000000
0.000000
0.000000
0.000000
0.000000
0.000000
0.000000
0.000000
0.000000
0.000000
0.000000
0.000000
0.000000
0.000000
0.000000
0.000000
0.000000
0.000000
0.000000
0.000000
0.000000
0.000000
0.000000
0.000000
0.000000
0.000000
0.000000
0.000000
0.000000
0.000000
0.000000
0.000000
0.000000
0.000000
0.000000
0.000000
0.000000
0.000000
0.000000
0.000000
0.000000
0.000000
0.000000
0.000000
0.000000
0.000000
0.000000
0.000000
0.000000
0.000000
0.000000
0.000000
0.000000
0.000000
0.000000
0.000000
0.000000
0.000000
0.000000
0.000000
0.000000
0.000000
0.000000
0.000000
0.000000
0.000000
0.000000
0.000000
0.000000
0.000000
0.000000
0.000000
0.000000
0.000000
0.000000
0.000000
0.000000
0.000000
0.000000
0.000000
0.000000
0.000000
0.000000
0.000000
