72.620000
39.175500
848.430000
176.540000
73.584000
35.572000
22.158000
14.131000
10.190000
6.608200
4.669800
3.253700
2.245600
1.797100
1.148400
0.878150
0.647290
0.536360
0.483610
0.254450
0.215800
0.155080
0.155420
0.116060
0.092171
0.069231
0.045492
0.040920
0.026061
0.025092
0.024779
0.009530
0.013563
0.011499
0.006479
0.009540
0.007951
0.004432
0.004195
0.001902
0.002733
0.001698
0.000990
0.001070
0.000512
0.000445
0.000501
0.000248
0.000342
0.000169
0.000076
0.000170
0.000035
0.000086
0.000037
0.000101
0.000046
0.000169
0.000007
0.000037
0.000004
0.000016
0.000002
0.000000
0.000017
0.000008
0.000005
0.000004
0.000006
0.000000
0.000000
0.000000
0.000007
0.000000
0.000000
0.000000
0.000000
0.000000
0.000000
0.000000
0.000000
0.000000
0.000000
0.000000
0.000000
0.000000
0.000000
0.000000
0.000000
0.000000
0.000000
0.000000
0.000000
0.000000
0.000000
0.000000
0.000000
0.000000
0.000000
0.000000
0.000000
0.000000
0.000000
0.000000
0.000000
0.000000
0.000000
0.000000
0.000000
0.000000
0.000000
0.000000
0.000000
0.000000
0.000000
0.000000
0.000000
0.000000
0.000000
0.000000
0.000000
0.000000
0.000000
0.000000
0.000000
0.000000
0.000000
0.000000
0.000000
0.000000
0.000000
0.000000
0.000000
0.000000
0.000000
0.000000
0.000000
0.000000
0.000000
0.000000
0.000000
0.000000
0.000000
0.000000
0.000000
0.000000
0.000000
0.000000
0.000000
0.000000
0.000000
0.000000
0.000000
0.000000
0.000000
0.000000
0.000000
0.000000
0.000000
0.000000
0.000000
0.000000
0.000000
0.000000
0.000000
0.000000
0.000000
0.000000
0.000000
0.000000
0.000000
0.000000
0.000000
0.000000
0.000000
0.000000
0.000000
0.000000
0.000000
0.000000
0.000000
0.000000
0.000000
0.000000
0.000000
0.000000
0.000000
0.000000
0.000000
0.000000
0.000000
0.000000
0.000000
0.000000
0.000000
0.000000
0.000000
0.000000
0.000000
0.000000
0.000000
0.000000
