62.931600
44.525500
912.090000
188.860000
79.513000
43.900000
26.339000
17.990000
12.619000
7.517700
5.680300
3.872700
2.788100
1.976100
1.635400
1.215600
0.760880
0.774080
0.490220
0.380400
0.269730
0.210890
0.182000
0.122300
0.091318
0.069606
0.055615
0.052779
0.039132
0.025374
0.021141
0.023408
0.014584
0.010069
0.008150
0.008196
0.005206
0.003517
0.002475
0.002127
0.002769
0.001059
0.000693
0.000992
0.000716
0.000343
0.000155
0.000274
0.000511
0.000291
0.000384
0.000060
0.000017
0.000133
0.000127
0.000146
0.000036
0.000138
0.000016
0.000004
0.000000
0.000024
0.000046
0.000007
0.000003
0.000000
0.000000
0.000000
0.000006
0.000006
0.000000
0.000000
0.000000
0.000000
0.000000
0.000000
0.000001
0.000000
0.000000
0.000000
0.000000
0.000000
0.000000
0.000000
0.000000
0.000000
0.000000
0.000000
0.000000
0.000000
0.000000
0.000000
0.000000
0.000000
0.000000
0.000000
0.000000
0.000000
0.000000
0.000000
0.000000
0.000000
0.000000
0.000000
0.000000
0.000000
0.000000
0.000000
0.000000
0.000000
0.000000
0.000000
0.000000
0.000000
0.000000
0.000000
0.000000
0.000000
0.000000
0.000000
0.000000
0.000000
0.000000
0.000000
0.000000
0.000000
0.000000
0.000000
0.000000
0.000000
0.000000
0.000000
0.000000
0.000000
0.000000
0.000000
0.000000
0.000000
0.000000
0.000000
0.000000
0.000000
0.000000
0.000000
0.000000
0.000000
0.000000
0.000000
0.000000
0.000000
0.000000
0.000000
0.000000
0.000000
0.000000
0.000000
0.000000
0.000000
0.000000
0.000000
0.000000
0.000000
0.000000
0.000000
0.000000
0.000000
0.000000
0.000000
0.000000
0.000000
0.000000
0.000000
0.000000
0.000000
0.000000
0.000000
0.000000
0.000000
0.000000
0.000000
0.000000
0.000000
0.000000
0.000000
0.000000
0.000000
0.000000
0.000000
0.000000
0.000000
0.000000
0.000000
0.000000
0.000000
0.000000
0.000000
0.000000
0.000000
0.000000
0.000000
0.000000
0.000000
