56.309500
37.167100
954.860000
193.630000
90.182000
50.990000
34.245000
21.097000
15.262000
10.463000
7.178300
5.432600
3.988700
2.987000
2.359000
1.783000
1.246300
1.062900
0.776280
0.674940
0.420530
0.393270
0.306940
0.233330
0.172430
0.111070
0.128100
0.097649
0.064776
0.062263
0.058078
0.043698
0.027982
0.029859
0.019266
0.019571
0.012744
0.010572
0.008421
0.003745
0.005431
0.003472
0.003095
0.002457
0.000724
0.002146
0.001472
0.001842
0.001249
0.000478
0.000225
0.000428
0.000089
0.000312
0.000264
0.000053
0.000166
0.000019
0.000049
0.000042
0.000055
0.000016
0.000000
0.000038
0.000025
0.000002
0.000019
0.000006
0.000004
0.000000
0.000006
0.000002
0.000016
0.000000
0.000002
0.000003
0.000000
0.000000
0.000000
0.000000
0.000000
0.000000
0.000000
0.000000
0.000000
0.000000
0.000000
0.000000
0.000000
0.000000
0.000000
0.000000
0.000000
0.000000
0.000000
0.000000
0.000000
0.000000
0.000000
0.000000
0.000000
0.000000
0.000000
0.000000
0.000000
0.000000
0.000000
0.000000
0.000000
0.000000
0.000000
0.000000
0.000000
0.000000
0.000000
0.000000
0.000000
0.000000
0.000000
0.000000
0.000000
0.000000
0.000000
0.000000
0.000000
0.000000
0.000000
0.000000
0.000000
0.000000
0.000000
0.000000
0.000000
0.000000
0.000000
0.000000
0.000000
0.000000
0.000000
0.000000
0.000000
0.000000
0.000000
0.000000
0.000000
0.000000
0.000000
0.000000
0.000000
0.000000
0.000000
0.000000
0.000000
0.000000
0.000000
0.000000
0.000000
0.000000
0.000000
0.000000
0.000000
0.000000
0.000000
0.000000
0.000000
0.000000
0.000000
0.000000
0.000000
0.000000
0.000000
0.000000
0.000000
0.000000
0.000000
0.000000
0.000000
0.000000
0.000000
0.000000
0.000000
0.000000
0.000000
0.000000
0.000000
0.000000
0.000000
0.000000
0.000000
0.000000
0.000000
0.000000
0.000000
0.000000
0.000000
0.000000
0.000000
0.000000
0.000000
0.000000
0.000000
0.000000
