53.534300
30.205900
912.590000
216.120000
87.801000
52.877000
33.786000
22.072000
15.333000
12.098000
8.275700
6.579600
4.762900
4.017100
2.905700
2.136500
1.772700
1.532200
1.129700
0.865670
0.730890
0.491060
0.393770
0.296900
0.281540
0.251490
0.173950
0.135680
0.110940
0.099639
0.078927
0.072147
0.051672
0.046907
0.026736
0.026055
0.014500
0.020694
0.014675
0.009463
0.010027
0.008538
0.006436
0.006713
0.002398
0.003836
0.003491
0.004900
0.003024
0.001738
0.000460
0.000909
0.000288
0.000499
0.000237
0.000285
0.000656
0.000111
0.000101
0.000127
0.000048
0.000210
0.000126
0.000100
0.000156
0.000008
0.000037
0.000039
0.000106
0.000011
0.000006
0.000000
0.000005
0.000014
0.000000
0.000033
0.000000
0.000004
0.000027
0.000002
0.000002
0.000007
0.000000
0.000006
0.000000
0.000005
0.000000
0.000001
0.000000
0.000000
0.000000
0.000000
0.000000
0.000000
0.000000
0.000000
0.000000
0.000000
0.000000
0.000000
0.000000
0.000000
0.000000
0.000000
0.000000
0.000000
0.000000
0.000000
0.000000
0.000000
0.000000
0.000000
0.000000
0.000000
0.000000
0.000000
0.000000
0.000000
0.000000
0.000000
0.000000
0.000000
0.000000
0.000000
0.000000
0.000000
0.000000
0.000000
0.000000
0.000000
0.000000
0.000000
0.000000
0.000000
0.000000
0.000000
0.000000
0.000000
0.000000
0.000000
0.000000
0.000000
0.000000
0.000000
0.000000
0.000000
0.000000
0.000000
0.000000
0.000000
0.000000
0.000000
0.000000
0.000000
0.000000
0.000000
0.000000
0.000000
0.000000
0.000000
0.000000
0.000000
0.000000
0.000000
0.000000
0.000000
0.000000
0.000000
0.000000
0.000000
0.000000
0.000000
0.000000
0.000000
0.000000
0.000000
0.000000
0.000000
0.000000
0.000000
0.000000
0.000000
0.000000
0.000000
0.000000
0.000000
0.000000
0.000000
0.000000
0.000000
0.000000
0.000000
0.000000
0.000000
0.000000
0.000000
0.000000
0.000000
0.000000
0.000000
0.000000
0.000000
