87.330200
38.210300
804.490000
149.630000
61.810000
28.832000
16.986000
10.548000
7.602800
4.693600
3.212000
2.087100
1.408600
1.102600
0.874000
0.565020
0.430220
0.282440
0.185980
0.207040
0.160000
0.112020
0.073216
0.069784
0.042213
0.048195
0.031576
0.039273
0.018857
0.014833
0.014984
0.011274
0.012816
0.009531
0.004833
0.004959
0.002647
0.002602
0.001415
0.000912
0.001050
0.000952
0.000913
0.000371
0.000232
0.000460
0.000762
0.000279
0.000200
0.000012
0.000242
0.000032
0.000067
0.000048
0.000052
0.000022
0.000355
0.000007
0.000121
0.000116
0.000014
0.000008
0.000000
0.000000
0.000004
0.000009
0.000002
0.000000
0.000000
0.000000
0.000000
0.000000
0.000000
0.000000
0.000000
0.000000
0.000000
0.000000
0.000000
0.000000
0.000000
0.000000
0.000000
0.000000
0.000000
0.000000
0.000000
0.000000
0.000000
0.000000
0.000000
0.000000
0.000000
0.000000
0.000000
0.000000
0.000000
0.000000
0.000000
0.000000
0.000000
0.000000
0.000000
0.000000
0.000000
0.000000
0.000000
0.000000
0.000000
0.000000
0.000000
0.000000
0.000000
0.000000
0.000000
0.000000
0.000000
0.000000
0.000000
0.000000
0.000000
0.000000
0.000000
0.000000
0.000000
0.000000
0.000000
0.000000
0.000000
0.000000
0.000000
0.000000
0.000000
0.000000
0.000000
0.000000
0.000000
0.000000
0.000000
0.000000
0.000000
0.000000
0.000000
0.000000
0.000000
0.000000
0.000000
0.000000
0.000000
0.000000
0.000000
0.000000
0.000000
0.000000
0.000000
0.000000
0.000000
0.000000
0.000000
0.000000
0.000000
0.000000
0.000000
0.000000
0.000000
0.000000
0.000000
0.000000
0.000000
0.000000
0.000000
0.000000
0.000000
0.000000
0.000000
0.000000
0.000000
0.000000
0.000000
0.000000
0.000000
0.000000
0.000000
0.000000
0.000000
0.000000
0.000000
0.000000
0.000000
0.000000
0.000000
0.000000
0.000000
0.000000
0.000000
0.000000
0.000000
0.000000
0.000000
0.000000
0.000000
0.000000
