54.448300
15.317800
921.560000
198.650000
92.649000
54.961000
33.109000
27.531000
17.750000
13.561000
10.341000
7.953500
6.125500
4.698100
3.715300
3.405200
2.484000
2.190100
1.816000
1.374600
1.173100
1.159900
0.911030
0.722470
0.607890
0.450340
0.471740
0.317870
0.382170
0.242540
0.171860
0.161080
0.118910
0.138000
0.082755
0.114100
0.089485
0.075299
0.061661
0.049225
0.025156
0.029946
0.045988
0.014243
0.022073
0.021847
0.014504
0.015378
0.009995
0.007636
0.007751
0.011340
0.003803
0.003806
0.006643
0.002741
0.003347
0.003791
0.001506
0.000462
0.003052
0.001787
0.000864
0.001218
0.000568
0.000747
0.000663
0.000795
0.000085
0.000313
0.000934
0.000223
0.000059
0.000009
0.000247
0.000104
0.000021
0.000102
0.000238
0.000033
0.000023
0.000185
0.000082
0.000089
0.000076
0.000003
0.000002
0.000000
0.000000
0.000000
0.000031
0.000002
0.000000
0.000000
0.000000
0.000000
0.000009
0.000000
0.000000
0.000000
0.000003
0.000004
0.000000
0.000000
0.000000
0.000000
0.000000
0.000000
0.000000
0.000000
0.000000
0.000000
0.000000
0.000001
0.000000
0.000000
0.000000
0.000000
0.000000
0.000000
0.000000
0.000000
0.000000
0.000000
0.000000
0.000000
0.000000
0.000000
0.000000
0.000000
0.000000
0.000000
0.000000
0.000000
0.000000
0.000000
0.000000
0.000000
0.000000
0.000000
0.000000
0.000000
0.000000
0.000000
0.000000
0.000000
0.000000
0.000000
0.000000
0.000000
0.000000
0.000000
0.000000
0.000000
0.000000
0.000000
0.000000
0.000000
0.000000
0.000000
0.000000
0.000000
0.000000
0.000000
0.000000
0.000000
0.000000
0.000000
0.000000
0.000000
0.000000
0.000000
0.000000
0.000000
0.000000
0.000000
0.000000
0.000000
0.000000
0.000000
0.000000
0.000000
0.000000
0.000000
0.000000
0.000000
0.000000
0.000000
0.000000
0.000000
0.000000
0.000000
0.000000
0.000000
0.000000
0.000000
0.000000
0.000000
0.000000
0.000000
0.000000
0.000000
