51.084900
17.445000
978.080000
214.470000
100.000000
57.859000
36.668000
25.313000
19.202000
14.474000
9.973700
8.229300
6.421000
5.329300
3.819300
3.143400
2.657900
2.197800
1.989200
1.406000
1.155100
1.046900
0.921910
0.686820
0.523400
0.456260
0.376820
0.326640
0.325510
0.265710
0.192820
0.183310
0.164470
0.141380
0.095864
0.065880
0.063264
0.077957
0.046785
0.034874
0.040080
0.027020
0.027445
0.019070
0.019510
0.018556
0.013040
0.013850
0.006681
0.008525
0.008892
0.007486
0.005850
0.001339
0.001850
0.001701
0.002332
0.002446
0.003029
0.002973
0.000642
0.001220
0.000576
0.000524
0.000873
0.000747
0.000280
0.000042
0.000247
0.000648
0.000031
0.000691
0.000388
0.000463
0.000104
0.000036
0.000055
0.000008
0.000018
0.000001
0.000103
0.000009
0.000028
0.000000
0.000006
0.000005
0.000000
0.000000
0.000000
0.000005
0.000002
0.000000
0.000000
0.000007
0.000001
0.000006
0.000000
0.000000
0.000000
0.000100
0.000002
0.000000
0.000000
0.000003
0.000000
0.000000
0.000000
0.000000
0.000000
0.000000
0.000001
0.000000
0.000000
0.000000
0.000000
0.000000
0.000000
0.000000
0.000000
0.000000
0.000000
0.000000
0.000000
0.000000
0.000000
0.000000
0.000000
0.000000
0.000000
0.000000
0.000000
0.000000
0.000000
0.000000
0.000000
0.000000
0.000000
0.000000
0.000000
0.000000
0.000000
0.000000
0.000000
0.000000
0.000000
0.000000
0.000000
0.000000
0.000000
0.000000
0.000000
0.000000
0.000000
0.000000
0.000000
0.000000
0.000000
0.000000
0.000000
0.000000
0.000000
0.000000
0.000000
0.000000
0.000000
0.000000
0.000000
0.000000
0.000000
0.000000
0.000000
0.000000
0.000000
0.000000
0.000000
0.000000
0.000000
0.000000
0.000000
0.000000
0.000000
0.000000
0.000000
0.000000
0.000000
0.000000
0.000000
0.000000
0.000000
0.000000
0.000000
0.000000
0.000000
0.000000
0.000000
0.000000
0.000000
0.000000
0.000000
0.000000
0.000000
0.000000
