42.183300
56.704300
974.670000
224.960000
107.820000
62.687000
37.735000
25.173000
18.968000
12.344000
9.265600
7.170700
5.397900
3.986500
2.991400
2.059700
1.777300
1.307000
0.834980
0.768340
0.495850
0.478730
0.352410
0.258140
0.167050
0.160500
0.123010
0.090571
0.066940
0.059553
0.036776
0.033249
0.026583
0.021179
0.017260
0.013258
0.009699
0.003428
0.005653
0.003686
0.003700
0.005011
0.001024
0.001606
0.001460
0.000220
0.001257
0.000212
0.000670
0.000161
0.000085
0.000045
0.000035
0.000439
0.000097
0.000083
0.000066
0.000102
0.000013
0.000029
0.000037
0.000006
0.000006
0.000056
0.000002
0.000009
0.000004
0.000002
0.000001
0.000000
0.000000
0.000002
0.000000
0.000002
0.000006
0.000000
0.000000
0.000000
0.000000
0.000000
0.000000
0.000000
0.000000
0.000000
0.000000
0.000000
0.000000
0.000000
0.000000
0.000000
0.000000
0.000000
0.000000
0.000000
0.000000
0.000000
0.000000
0.000000
0.000000
0.000000
0.000000
0.000000
0.000000
0.000000
0.000000
0.000000
0.000000
0.000000
0.000000
0.000000
0.000000
0.000000
0.000000
0.000000
0.000000
0.000000
0.000000
0.000000
0.000000
0.000000
0.000000
0.000000
0.000000
0.000000
0.000000
0.000000
0.000000
0.000000
0.000000
0.000000
0.000000
0.000000
0.000000
0.000000
0.000000
0.000000
0.000000
0.000000
0.000000
0.000000
0.000000
0.000000
0.000000
0.000000
0.000000
0.000000
0.000000
0.000000
0.000000
0.000000
0.000000
0.000000
0.000000
0.000000
0.000000
0.000000
0.000000
0.000000
0.000000
0.000000
0.000000
0.000000
0.000000
0.000000
0.000000
0.000000
0.000000
0.000000
0.000000
0.000000
0.000000
0.000000
0.000000
0.000000
0.000000
0.000000
0.000000
0.000000
0.000000
0.000000
0.000000
0.000000
0.000000
0.000000
0.000000
0.000000
0.000000
0.000000
0.000000
0.000000
0.000000
0.000000
0.000000
0.000000
0.000000
0.000000
0.000000
0.000000
0.000000
0.000000
0.000000
0.000000
