75.298700
11.102900
872.390000
164.370000
72.638000
38.942000
25.082000
16.833000
11.287000
8.567100
6.351400
4.579000
3.609500
2.810700
2.475600
1.976200
1.684700
1.446200
1.139400
0.846530
0.726810
0.697940
0.489580
0.435660
0.413520
0.373570
0.269560
0.251870
0.194110
0.163430
0.141760
0.127250
0.123220
0.099622
0.066213
0.078925
0.065171
0.058460
0.033341
0.026968
0.022636
0.032702
0.036195
0.029298
0.018822
0.015066
0.010052
0.012950
0.012653
0.009324
0.008550
0.004097
0.004279
0.005116
0.009382
0.004653
0.006740
0.001225
0.001752
0.001791
0.001313
0.002001
0.002047
0.002032
0.000520
0.001546
0.000993
0.000310
0.000256
0.001040
0.000413
0.000257
0.000193
0.001041
0.000163
0.000007
0.000107
0.000206
0.000000
0.000174
0.000148
0.000004
0.000000
0.000321
0.000022
0.000009
0.000010
0.000002
0.000000
0.000001
0.000000
0.000000
0.000012
0.000029
0.000000
0.000011
0.000000
0.000001
0.000007
0.000000
0.000018
0.000054
0.000000
0.000000
0.000000
0.000000
0.000000
0.000000
0.000000
0.000000
0.000000
0.000002
0.000000
0.000009
0.000000
0.000000
0.000000
0.000000
0.000000
0.000000
0.000000
0.000000
0.000000
0.000028
0.000000
0.000000
0.000000
0.000000
0.000000
0.000000
0.000000
0.000000
0.000000
0.000000
0.000000
0.000000
0.000000
0.000000
0.000000
0.000000
0.000000
0.000000
0.000000
0.000000
0.000000
0.000000
0.000000
0.000000
0.000000
0.000000
0.000000
0.000000
0.000000
0.000000
0.000000
0.000000
0.000000
0.000000
0.000000
0.000000
0.000000
0.000000
0.000000
0.000000
0.000000
0.000000
0.000000
0.000000
0.000000
0.000000
0.000000
0.000000
0.000000
0.000000
0.000000
0.000000
0.000000
0.000000
0.000000
0.000000
0.000000
0.000000
0.000000
0.000000
0.000000
0.000000
0.000000
0.000000
0.000000
0.000000
0.000000
0.000000
0.000000
0.000000
0.000000
0.000000
0.000000
0.000000
0.000000
0.000000
0.000000
0.000000
