70.530700
40.837000
884.100000
167.460000
75.884000
40.131000
23.823000
15.701000
9.457800
6.368200
4.502100
3.308000
2.492000
1.598000
1.293800
1.070900
0.714880
0.571920
0.429810
0.265590
0.258180
0.214160
0.192990
0.095646
0.083697
0.069285
0.058460
0.047948
0.029787
0.030688
0.014049
0.017904
0.010597
0.012674
0.006112
0.004937
0.003893
0.004859
0.002939
0.002956
0.001793
0.001923
0.001430
0.001271
0.001046
0.000225
0.000258
0.000326
0.000071
0.000334
0.000318
0.000305
0.000034
0.000051
0.000156
0.000097
0.000025
0.000005
0.000027
0.000004
0.000020
0.000010
0.000000
0.000003
0.000022
0.000000
0.000001
0.000000
0.000006
0.000005
0.000000
0.000000
0.000000
0.000000
0.000000
0.000000
0.000000
0.000000
0.000000
0.000000
0.000000
0.000000
0.000000
0.000000
0.000000
0.000000
0.000000
0.000000
0.000000
0.000000
0.000000
0.000000
0.000000
0.000000
0.000000
0.000000
0.000000
0.000000
0.000000
0.000000
0.000000
0.000000
0.000000
0.000000
0.000000
0.000000
0.000000
0.000000
0.000000
0.000000
0.000000
0.000000
0.000000
0.000000
0.000000
0.000000
0.000000
0.000000
0.000000
0.000000
0.000000
0.000000
0.000000
0.000000
0.000000
0.000000
0.000000
0.000000
0.000000
0.000000
0.000000
0.000000
0.000000
0.000000
0.000000
0.000000
0.000000
0.000000
0.000000
0.000000
0.000000
0.000000
0.000000
0.000000
0.000000
0.000000
0.000000
0.000000
0.000000
0.000000
0.000000
0.000000
0.000000
0.000000
0.000000
0.000000
0.000000
0.000000
0.000000
0.000000
0.000000
0.000000
0.000000
0.000000
0.000000
0.000000
0.000000
0.000000
0.000000
0.000000
0.000000
0.000000
0.000000
0.000000
0.000000
0.000000
0.000000
0.000000
0.000000
0.000000
0.000000
0.000000
0.000000
0.000000
0.000000
0.000000
0.000000
0.000000
0.000000
0.000000
0.000000
0.000000
0.000000
0.000000
0.000000
0.000000
0.000000
0.000000
0.000000
0.000000
0.000000
0.000000
