79.134600
17.861800
890.280000
158.010000
64.938000
35.475000
21.712000
14.037000
9.575600
7.270200
5.166500
3.666400
2.858200
2.166000
1.625500
1.370300
1.061300
0.823630
0.686390
0.591640
0.491720
0.430650
0.307120
0.268480
0.209170
0.190710
0.197840
0.120750
0.130030
0.097878
0.088067
0.047200
0.060337
0.047922
0.033999
0.029946
0.022205
0.022383
0.023482
0.020691
0.016708
0.008493
0.014419
0.011127
0.008750
0.004381
0.007437
0.007155
0.003559
0.003605
0.002933
0.002681
0.005726
0.001330
0.001032
0.001194
0.001914
0.001327
0.000311
0.000360
0.000236
0.000072
0.000184
0.000732
0.000144
0.000003
0.000202
0.000010
0.000076
0.000060
0.000520
0.000018
0.000203
0.000011
0.000007
0.000015
0.000000
0.000002
0.000058
0.000000
0.000000
0.000000
0.000000
0.000000
0.000000
0.000009
0.000000
0.000004
0.000000
0.000046
0.000000
0.000005
0.000008
0.000000
0.000000
0.000000
0.000000
0.000000
0.000000
0.000000
0.000000
0.000000
0.000000
0.000000
0.000000
0.000003
0.000000
0.000000
0.000000
0.000000
0.000000
0.000000
0.000000
0.000001
0.000000
0.000000
0.000000
0.000000
0.000000
0.000000
0.000000
0.000000
0.000000
0.000000
0.000000
0.000000
0.000000
0.000000
0.000000
0.000000
0.000000
0.000000
0.000000
0.000000
0.000000
0.000000
0.000000
0.000000
0.000000
0.000000
0.000000
0.000000
0.000000
0.000000
0.000000
0.000000
0.000000
0.000000
0.000000
0.000000
0.000000
0.000000
0.000000
0.000000
0.000000
0.000000
0.000000
0.000000
0.000000
0.000000
0.000000
0.000000
0.000000
0.000000
0.000000
0.000000
0.000000
0.000000
0.000000
0.000000
0.000000
0.000000
0.000000
0.000000
0.000000
0.000000
0.000000
0.000000
0.000000
0.000000
0.000000
0.000000
0.000000
0.000000
0.000000
0.000000
0.000000
0.000000
0.000000
0.000000
0.000000
0.000000
0.000000
0.000000
0.000000
0.000000
0.000000
0.000000
0.000000
0.000000
0.000000
0.000000
