62.986100
23.559000
906.730000
194.860000
85.199000
48.380000
27.174000
19.283000
13.487000
9.992700
6.922400
5.380500
4.121300
3.103000
2.325600
1.811500
1.338000
1.078800
0.909120
0.727010
0.560650
0.550580
0.437400
0.380410
0.302060
0.237320
0.181790
0.151880
0.139700
0.102660
0.104050
0.059700
0.061272
0.047260
0.033741
0.034345
0.021240
0.027290
0.016850
0.017394
0.008781
0.012097
0.006660
0.008306
0.004925
0.004289
0.003779
0.004078
0.002418
0.001890
0.002193
0.001408
0.001245
0.000846
0.000967
0.000430
0.000726
0.001191
0.000865
0.000464
0.000178
0.000131
0.000124
0.000176
0.000123
0.000306
0.000088
0.000003
0.000110
0.000117
0.000049
0.000025
0.000014
0.000063
0.000000
0.000000
0.000043
0.000000
0.000024
0.000000
0.000001
0.000000
0.000000
0.000015
0.000000
0.000000
0.000000
0.000013
0.000000
0.000001
0.000000
0.000000
0.000000
0.000000
0.000000
0.000015
0.000000
0.000000
0.000000
0.000000
0.000000
0.000000
0.000000
0.000000
0.000000
0.000000
0.000000
0.000000
0.000000
0.000000
0.000000
0.000000
0.000000
0.000000
0.000000
0.000000
0.000000
0.000000
0.000000
0.000000
0.000000
0.000000
0.000000
0.000000
0.000000
0.000000
0.000000
0.000000
0.000000
0.000000
0.000000
0.000000
0.000000
0.000000
0.000000
0.000000
0.000000
0.000000
0.000000
0.000000
0.000000
0.000000
0.000000
0.000000
0.000000
0.000000
0.000000
0.000000
0.000000
0.000000
0.000000
0.000000
0.000000
0.000000
0.000000
0.000000
0.000000
0.000000
0.000000
0.000000
0.000000
0.000000
0.000000
0.000000
0.000000
0.000000
0.000000
0.000000
0.000000
0.000000
0.000000
0.000000
0.000000
0.000000
0.000000
0.000000
0.000000
0.000000
0.000000
0.000000
0.000000
0.000000
0.000000
0.000000
0.000000
0.000000
0.000000
0.000000
0.000000
0.000000
0.000000
0.000000
0.000000
0.000000
0.000000
0.000000
0.000000
0.000000
0.000000
0.000000
0.000000
0.000000
