88.498600
22.717400
792.000000
140.200000
59.177000
30.851000
16.704000
11.713000
6.916400
5.090500
3.447200
2.687500
1.794200
1.445800
1.074400
0.801780
0.579530
0.603380
0.522360
0.323190
0.341740
0.211680
0.166830
0.160200
0.122270
0.085962
0.089404
0.063791
0.054723
0.057093
0.032363
0.031412
0.017697
0.025279
0.014723
0.014020
0.009579
0.009108
0.007716
0.008974
0.003096
0.007348
0.004210
0.003088
0.001895
0.002765
0.001054
0.000695
0.002486
0.001526
0.001305
0.000231
0.000305
0.000549
0.000393
0.000886
0.000582
0.000154
0.000110
0.000116
0.000039
0.000084
0.000015
0.000002
0.000259
0.000000
0.000022
0.000055
0.000113
0.000013
0.000000
0.000012
0.000002
0.000023
0.000064
0.000001
0.000000
0.000003
0.000000
0.000002
0.000000
0.000000
0.000000
0.000003
0.000000
0.000000
0.000000
0.000001
0.000000
0.000023
0.000000
0.000000
0.000000
0.000000
0.000000
0.000000
0.000000
0.000000
0.000000
0.000000
0.000000
0.000000
0.000000
0.000000
0.000000
0.000000
0.000000
0.000000
0.000000
0.000000
0.000000
0.000000
0.000000
0.000000
0.000000
0.000000
0.000000
0.000000
0.000000
0.000000
0.000000
0.000000
0.000000
0.000000
0.000000
0.000000
0.000000
0.000000
0.000000
0.000000
0.000000
0.000000
0.000000
0.000000
0.000000
0.000000
0.000000
0.000000
0.000000
0.000000
0.000000
0.000000
0.000000
0.000000
0.000000
0.000000
0.000000
0.000000
0.000000
0.000000
0.000000
0.000000
0.000000
0.000000
0.000000
0.000000
0.000000
0.000000
0.000000
0.000000
0.000000
0.000000
0.000000
0.000000
0.000000
0.000000
0.000000
0.000000
0.000000
0.000000
0.000000
0.000000
0.000000
0.000000
0.000000
0.000000
0.000000
0.000000
0.000000
0.000000
0.000000
0.000000
0.000000
0.000000
0.000000
0.000000
0.000000
0.000000
0.000000
0.000000
0.000000
0.000000
0.000000
0.000000
0.000000
0.000000
0.000000
0.000000
0.000000
0.000000
0.000000
0.000000
