64.121000
28.217300
860.490000
191.180000
80.003000
47.402000
27.402000
17.895000
12.992000
8.719800
6.395700
5.172900
3.829600
2.408000
2.239200
1.675100
1.146200
0.941170
0.820480
0.674230
0.504180
0.367090
0.338460
0.258750
0.177640
0.137500
0.130130
0.128680
0.086925
0.059077
0.062612
0.035020
0.038672
0.047179
0.023423
0.032319
0.017522
0.012020
0.011947
0.008821
0.005749
0.006164
0.002652
0.006861
0.003974
0.001416
0.001720
0.001210
0.001706
0.000873
0.001159
0.001069
0.001144
0.000989
0.000308
0.000252
0.000238
0.000112
0.000066
0.000052
0.000196
0.000070
0.000102
0.000158
0.000011
0.000014
0.000200
0.000037
0.000118
0.000000
0.000007
0.000007
0.000005
0.000003
0.000014
0.000000
0.000000
0.000001
0.000000
0.000003
0.000014
0.000053
0.000001
0.000000
0.000000
0.000000
0.000000
0.000013
0.000000
0.000003
0.000001
0.000003
0.000000
0.000000
0.000000
0.000000
0.000000
0.000000
0.000000
0.000000
0.000006
0.000000
0.000000
0.000000
0.000000
0.000000
0.000000
0.000000
0.000000
0.000000
0.000000
0.000000
0.000000
0.000000
0.000000
0.000000
0.000000
0.000000
0.000000
0.000000
0.000000
0.000000
0.000000
0.000000
0.000000
0.000000
0.000000
0.000000
0.000000
0.000000
0.000000
0.000000
0.000000
0.000000
0.000000
0.000000
0.000000
0.000000
0.000000
0.000000
0.000000
0.000000
0.000000
0.000000
0.000000
0.000000
0.000000
0.000000
0.000000
0.000000
0.000000
0.000000
0.000000
0.000000
0.000000
0.000000
0.000000
0.000000
0.000000
0.000000
0.000000
0.000000
0.000000
0.000000
0.000000
0.000000
0.000000
0.000000
0.000000
0.000000
0.000000
0.000000
0.000000
0.000000
0.000000
0.000000
0.000000
0.000000
0.000000
0.000000
0.000000
0.000000
0.000000
0.000000
0.000000
0.000000
0.000000
0.000000
0.000000
0.000000
0.000000
0.000000
0.000000
0.000000
0.000000
0.000000
0.000000
0.000000
0.000000
0.000000
0.000000
0.000000
