62.794200
31.182100
877.430000
196.030000
84.236000
44.951000
27.620000
19.503000
12.838000
9.785700
6.932900
5.349800
3.744900
2.974600
1.872800
1.549800
1.186000
0.991250
0.737230
0.564730
0.460720
0.361510
0.245090
0.238190
0.163260
0.167220
0.140420
0.083322
0.069024
0.055204
0.046138
0.046028
0.034519
0.033500
0.028154
0.026624
0.008594
0.015634
0.013315
0.008582
0.004648
0.005714
0.005500
0.002978
0.002706
0.002229
0.001360
0.003377
0.001538
0.001396
0.001169
0.000445
0.000801
0.000357
0.000191
0.000216
0.000033
0.000055
0.000075
0.000058
0.000350
0.000097
0.000170
0.000035
0.000024
0.000120
0.000096
0.000007
0.000000
0.000010
0.000014
0.000002
0.000000
0.000002
0.000000
0.000002
0.000000
0.000002
0.000002
0.000000
0.000000
0.000000
0.000000
0.000000
0.000000
0.000002
0.000000
0.000000
0.000000
0.000000
0.000000
0.000000
0.000000
0.000000
0.000000
0.000000
0.000000
0.000000
0.000000
0.000000
0.000000
0.000000
0.000000
0.000000
0.000000
0.000000
0.000000
0.000000
0.000000
0.000000
0.000000
0.000000
0.000000
0.000000
0.000000
0.000000
0.000000
0.000000
0.000000
0.000000
0.000000
0.000000
0.000000
0.000000
0.000000
0.000000
0.000000
0.000000
0.000000
0.000000
0.000000
0.000000
0.000000
0.000000
0.000000
0.000000
0.000000
0.000000
0.000000
0.000000
0.000000
0.000000
0.000000
0.000000
0.000000
0.000000
0.000000
0.000000
0.000000
0.000000
0.000000
0.000000
0.000000
0.000000
0.000000
0.000000
0.000000
0.000000
0.000000
0.000000
0.000000
0.000000
0.000000
0.000000
0.000000
0.000000
0.000000
0.000000
0.000000
0.000000
0.000000
0.000000
0.000000
0.000000
0.000000
0.000000
0.000000
0.000000
0.000000
0.000000
0.000000
0.000000
0.000000
0.000000
0.000000
0.000000
0.000000
0.000000
0.000000
0.000000
0.000000
0.000000
0.000000
0.000000
0.000000
0.000000
0.000000
0.000000
0.000000
0.000000
0.000000
0.000000
