56.165900
28.106500
968.620000
203.880000
88.468000
49.797000
32.693000
21.945000
16.175000
10.580000
8.189400
6.105800
4.687100
3.180600
2.653100
2.025000
1.699100
1.203500
1.026600
0.817000
0.691470
0.439790
0.410180
0.354010
0.216800
0.177020
0.205770
0.146890
0.121910
0.096043
0.063314
0.060952
0.039098
0.051995
0.046286
0.029035
0.024058
0.020376
0.016794
0.011929
0.010974
0.008650
0.010344
0.006286
0.003409
0.002030
0.003439
0.001664
0.001189
0.002537
0.000669
0.001343
0.000786
0.000805
0.002667
0.000395
0.000911
0.000074
0.000929
0.000284
0.000126
0.000247
0.000090
0.000179
0.000173
0.000032
0.000002
0.000013
0.000047
0.000077
0.000055
0.000011
0.000025
0.000009
0.000002
0.000000
0.000008
0.000008
0.000004
0.000000
0.000000
0.000000
0.000001
0.000002
0.000000
0.000005
0.000000
0.000000
0.000000
0.000000
0.000000
0.000000
0.000000
0.000000
0.000000
0.000000
0.000000
0.000000
0.000000
0.000000
0.000000
0.000001
0.000000
0.000000
0.000000
0.000000
0.000000
0.000000
0.000000
0.000000
0.000000
0.000000
0.000000
0.000000
0.000000
0.000000
0.000000
0.000000
0.000000
0.000000
0.000000
0.000000
0.000000
0.000000
0.000000
0.000000
0.000000
0.000000
0.000000
0.000000
0.000000
0.000000
0.000000
0.000000
0.000000
0.000000
0.000000
0.000000
0.000000
0.000000
0.000000
0.000000
0.000000
0.000000
0.000000
0.000000
0.000000
0.000000
0.000000
0.000000
0.000000
0.000000
0.000000
0.000000
0.000000
0.000000
0.000000
0.000000
0.000000
0.000000
0.000000
0.000000
0.000000
0.000000
0.000000
0.000000
0.000000
0.000000
0.000000
0.000000
0.000000
0.000000
0.000000
0.000000
0.000000
0.000000
0.000000
0.000000
0.000000
0.000000
0.000000
0.000000
0.000000
0.000000
0.000000
0.000000
0.000000
0.000000
0.000000
0.000000
0.000000
0.000000
0.000000
0.000000
0.000000
0.000000
0.000000
0.000000
0.000000
0.000000
0.000000
0.000000
