56.150700
50.956500
956.570000
205.770000
91.671000
46.983000
30.356000
20.276000
13.240000
8.978700
6.613700
5.310500
3.504300
2.500500
2.021100
1.323400
0.890710
0.773630
0.579770
0.407230
0.265660
0.225180
0.240100
0.134360
0.103210
0.080300
0.074864
0.048506
0.031040
0.033028
0.023141
0.016460
0.010322
0.012263
0.005955
0.006519
0.002827
0.003118
0.004080
0.002038
0.001273
0.001404
0.000602
0.000775
0.000482
0.000284
0.000290
0.000218
0.000139
0.000064
0.000084
0.000280
0.000045
0.000067
0.000050
0.000061
0.000010
0.000063
0.000007
0.000017
0.000002
0.000023
0.000000
0.000004
0.000005
0.000004
0.000000
0.000001
0.000000
0.000000
0.000000
0.000000
0.000001
0.000000
0.000000
0.000000
0.000000
0.000000
0.000000
0.000000
0.000000
0.000000
0.000008
0.000000
0.000000
0.000000
0.000000
0.000000
0.000000
0.000000
0.000000
0.000000
0.000000
0.000000
0.000000
0.000000
0.000000
0.000000
0.000000
0.000000
0.000000
0.000000
0.000000
0.000000
0.000000
0.000000
0.000000
0.000000
0.000000
0.000000
0.000000
0.000000
0.000000
0.000000
0.000000
0.000000
0.000000
0.000000
0.000000
0.000000
0.000000
0.000000
0.000000
0.000000
0.000000
0.000000
0.000000
0.000000
0.000000
0.000000
0.000000
0.000000
0.000000
0.000000
0.000000
0.000000
0.000000
0.000000
0.000000
0.000000
0.000000
0.000000
0.000000
0.000000
0.000000
0.000000
0.000000
0.000000
0.000000
0.000000
0.000000
0.000000
0.000000
0.000000
0.000000
0.000000
0.000000
0.000000
0.000000
0.000000
0.000000
0.000000
0.000000
0.000000
0.000000
0.000000
0.000000
0.000000
0.000000
0.000000
0.000000
0.000000
0.000000
0.000000
0.000000
0.000000
0.000000
0.000000
0.000000
0.000000
0.000000
0.000000
0.000000
0.000000
0.000000
0.000000
0.000000
0.000000
0.000000
0.000000
0.000000
0.000000
0.000000
0.000000
0.000000
0.000000
0.000000
0.000000
0.000000
0.000000
0.000000
0.000000
