54.429800
30.410900
998.780000
198.260000
93.047000
51.769000
30.835000
22.906000
16.340000
12.357000
7.804100
5.915800
4.452900
3.696300
2.988600
2.212400
1.663500
1.154200
0.996910
0.765930
0.668260
0.466170
0.444080
0.314100
0.312280
0.231520
0.182550
0.144010
0.129100
0.082444
0.068265
0.066064
0.046722
0.047354
0.037211
0.026948
0.021937
0.027228
0.011823
0.016543
0.007777
0.005659
0.005204
0.004876
0.002746
0.004938
0.000871
0.002371
0.003941
0.001744
0.000741
0.001168
0.000613
0.000542
0.000329
0.000667
0.000517
0.000445
0.000861
0.000088
0.000370
0.000108
0.000110
0.000023
0.000172
0.000052
0.000066
0.000015
0.000028
0.000012
0.000000
0.000025
0.000011
0.000009
0.000004
0.000002
0.000003
0.000011
0.000000
0.000000
0.000000
0.000014
0.000000
0.000000
0.000000
0.000000
0.000000
0.000000
0.000000
0.000001
0.000000
0.000000
0.000000
0.000000
0.000000
0.000000
0.000000
0.000000
0.000000
0.000000
0.000000
0.000000
0.000000
0.000000
0.000000
0.000000
0.000000
0.000000
0.000000
0.000000
0.000000
0.000000
0.000000
0.000000
0.000000
0.000000
0.000000
0.000000
0.000000
0.000000
0.000000
0.000000
0.000000
0.000000
0.000000
0.000000
0.000000
0.000000
0.000000
0.000000
0.000000
0.000000
0.000000
0.000000
0.000000
0.000000
0.000000
0.000000
0.000000
0.000000
0.000000
0.000000
0.000000
0.000000
0.000000
0.000000
0.000000
0.000000
0.000000
0.000000
0.000000
0.000000
0.000000
0.000000
0.000000
0.000000
0.000000
0.000000
0.000000
0.000000
0.000000
0.000000
0.000000
0.000000
0.000000
0.000000
0.000000
0.000000
0.000000
0.000000
0.000000
0.000000
0.000000
0.000000
0.000000
0.000000
0.000000
0.000000
0.000000
0.000000
0.000000
0.000000
0.000000
0.000000
0.000000
0.000000
0.000000
0.000000
0.000000
0.000000
0.000000
0.000000
0.000000
0.000000
0.000000
0.000000
0.000000
0.000000
0.000000
0.000000
0.000000
0.000000
