67.427200
42.810600
925.690000
180.010000
76.663000
40.402000
24.478000
15.018000
10.517000
8.075600
5.646800
3.716800
2.597900
1.752400
1.526400
1.023100
0.927320
0.592490
0.438100
0.341290
0.324180
0.218890
0.152350
0.123870
0.085680
0.054582
0.053051
0.035132
0.045983
0.023006
0.013910
0.012383
0.019757
0.010121
0.008699
0.005853
0.004233
0.003535
0.004139
0.001619
0.001453
0.000993
0.000636
0.000657
0.000899
0.000419
0.000748
0.000136
0.000384
0.000436
0.000113
0.000304
0.000193
0.000051
0.000024
0.000013
0.000104
0.000006
0.000010
0.000028
0.000001
0.000003
0.000051
0.000002
0.000000
0.000004
0.000000
0.000000
0.000005
0.000000
0.000034
0.000000
0.000000
0.000000
0.000000
0.000000
0.000000
0.000000
0.000000
0.000000
0.000000
0.000000
0.000000
0.000000
0.000000
0.000000
0.000000
0.000000
0.000000
0.000000
0.000000
0.000000
0.000000
0.000000
0.000000
0.000000
0.000000
0.000000
0.000000
0.000000
0.000000
0.000000
0.000000
0.000000
0.000000
0.000000
0.000000
0.000000
0.000000
0.000000
0.000000
0.000000
0.000000
0.000000
0.000000
0.000000
0.000000
0.000000
0.000000
0.000000
0.000000
0.000000
0.000000
0.000000
0.000000
0.000000
0.000000
0.000000
0.000000
0.000000
0.000000
0.000000
0.000000
0.000000
0.000000
0.000000
0.000000
0.000000
0.000000
0.000000
0.000000
0.000000
0.000000
0.000000
0.000000
0.000000
0.000000
0.000000
0.000000
0.000000
0.000000
0.000000
0.000000
0.000000
0.000000
0.000000
0.000000
0.000000
0.000000
0.000000
0.000000
0.000000
0.000000
0.000000
0.000000
0.000000
0.000000
0.000000
0.000000
0.000000
0.000000
0.000000
0.000000
0.000000
0.000000
0.000000
0.000000
0.000000
0.000000
0.000000
0.000000
0.000000
0.000000
0.000000
0.000000
0.000000
0.000000
0.000000
0.000000
0.000000
0.000000
0.000000
0.000000
0.000000
0.000000
0.000000
0.000000
0.000000
0.000000
0.000000
0.000000
0.000000
