65.870300
54.375200
897.060000
167.970000
74.678000
44.205000
22.530000
17.307000
10.345000
7.673000
5.500300
3.806100
2.270600
1.922000
1.298600
1.091800
0.706770
0.534020
0.391240
0.210120
0.183840
0.167190
0.132480
0.110720
0.065651
0.045240
0.031328
0.030464
0.020335
0.016689
0.014020
0.014090
0.010412
0.006129
0.004967
0.003153
0.003040
0.001406
0.001268
0.000449
0.000734
0.000447
0.000236
0.000270
0.000159
0.000102
0.000034
0.000162
0.000088
0.000022
0.000020
0.000006
0.000019
0.000013
0.000043
0.000002
0.000019
0.000003
0.000000
0.000000
0.000001
0.000025
0.000000
0.000000
0.000001
0.000003
0.000000
0.000000
0.000003
0.000000
0.000000
0.000000
0.000000
0.000000
0.000000
0.000000
0.000000
0.000000
0.000000
0.000000
0.000000
0.000000
0.000000
0.000000
0.000000
0.000000
0.000000
0.000000
0.000000
0.000000
0.000000
0.000000
0.000000
0.000000
0.000000
0.000000
0.000000
0.000000
0.000000
0.000000
0.000000
0.000000
0.000000
0.000000
0.000000
0.000000
0.000000
0.000000
0.000000
0.000000
0.000000
0.000000
0.000000
0.000000
0.000000
0.000000
0.000000
0.000000
0.000000
0.000000
0.000000
0.000000
0.000000
0.000000
0.000000
0.000000
0.000000
0.000000
0.000000
0.000000
0.000000
0.000000
0.000000
0.000000
0.000000
0.000000
0.000000
0.000000
0.000000
0.000000
0.000000
0.000000
0.000000
0.000000
0.000000
0.000000
0.000000
0.000000
0.000000
0.000000
0.000000
0.000000
0.000000
0.000000
0.000000
0.000000
0.000000
0.000000
0.000000
0.000000
0.000000
0.000000
0.000000
0.000000
0.000000
0.000000
0.000000
0.000000
0.000000
0.000000
0.000000
0.000000
0.000000
0.000000
0.000000
0.000000
0.000000
0.000000
0.000000
0.000000
0.000000
0.000000
0.000000
0.000000
0.000000
0.000000
0.000000
0.000000
0.000000
0.000000
0.000000
0.000000
0.000000
0.000000
0.000000
0.000000
0.000000
0.000000
0.000000
0.000000
0.000000
0.000000
