76.975400
29.831400
785.930000
155.380000
67.482000
35.567000
20.275000
13.738000
8.797300
6.744200
4.434700
3.214900
2.326200
1.896300
1.502000
1.120100
0.840100
0.598870
0.429030
0.423590
0.318880
0.275830
0.173630
0.152360
0.110140
0.087846
0.071967
0.084086
0.057114
0.053481
0.029749
0.022933
0.021852
0.011394
0.011933
0.012386
0.006803
0.012609
0.009949
0.003298
0.006328
0.004142
0.003484
0.002409
0.001284
0.001936
0.000555
0.001019
0.000424
0.000409
0.000416
0.000604
0.000428
0.000098
0.000235
0.000098
0.000046
0.000086
0.000024
0.000050
0.000012
0.000034
0.000060
0.000004
0.000044
0.000008
0.000010
0.000038
0.000010
0.000031
0.000000
0.000086
0.000000
0.000019
0.000000
0.000000
0.000000
0.000001
0.000000
0.000000
0.000000
0.000001
0.000000
0.000000
0.000000
0.000002
0.000006
0.000000
0.000000
0.000000
0.000000
0.000000
0.000000
0.000000
0.000000
0.000000
0.000000
0.000000
0.000000
0.000000
0.000000
0.000000
0.000000
0.000000
0.000000
0.000000
0.000000
0.000000
0.000000
0.000000
0.000000
0.000000
0.000000
0.000000
0.000000
0.000000
0.000000
0.000000
0.000000
0.000000
0.000000
0.000000
0.000000
0.000000
0.000000
0.000000
0.000000
0.000000
0.000000
0.000000
0.000000
0.000000
0.000000
0.000000
0.000000
0.000000
0.000000
0.000000
0.000000
0.000000
0.000000
0.000000
0.000000
0.000000
0.000000
0.000000
0.000000
0.000000
0.000000
0.000000
0.000000
0.000000
0.000000
0.000000
0.000000
0.000000
0.000000
0.000000
0.000000
0.000000
0.000000
0.000000
0.000000
0.000000
0.000000
0.000000
0.000000
0.000000
0.000000
0.000000
0.000000
0.000000
0.000000
0.000000
0.000000
0.000000
0.000000
0.000000
0.000000
0.000000
0.000000
0.000000
0.000000
0.000000
0.000000
0.000000
0.000000
0.000000
0.000000
0.000000
0.000000
0.000000
0.000000
0.000000
0.000000
0.000000
0.000000
0.000000
0.000000
0.000000
0.000000
0.000000
