83.721100
45.308100
873.350000
158.330000
62.016000
30.787000
19.135000
11.341000
7.777500
4.945800
3.350600
2.106600
1.576000
1.156800
0.734370
0.588910
0.463950
0.321950
0.257020
0.233460
0.140710
0.093926
0.070207
0.058546
0.040405
0.033437
0.023600
0.018627
0.017043
0.011488
0.008884
0.009140
0.004074
0.004039
0.004547
0.003232
0.001495
0.002273
0.001225
0.000823
0.000326
0.000544
0.000287
0.000167
0.000297
0.000221
0.000072
0.000137
0.000029
0.000059
0.000072
0.000098
0.000087
0.000054
0.000014
0.000025
0.000014
0.000006
0.000031
0.000009
0.000010
0.000005
0.000000
0.000000
0.000000
0.000000
0.000003
0.000000
0.000000
0.000000
0.000000
0.000000
0.000000
0.000000
0.000000
0.000000
0.000000
0.000000
0.000000
0.000000
0.000000
0.000000
0.000000
0.000000
0.000000
0.000000
0.000000
0.000000
0.000000
0.000000
0.000000
0.000000
0.000000
0.000000
0.000000
0.000000
0.000000
0.000000
0.000000
0.000000
0.000000
0.000000
0.000000
0.000000
0.000000
0.000000
0.000000
0.000000
0.000000
0.000000
0.000000
0.000000
0.000000
0.000000
0.000000
0.000000
0.000000
0.000000
0.000000
0.000000
0.000000
0.000000
0.000000
0.000000
0.000000
0.000000
0.000000
0.000000
0.000000
0.000000
0.000000
0.000000
0.000000
0.000000
0.000000
0.000000
0.000000
0.000000
0.000000
0.000000
0.000000
0.000000
0.000000
0.000000
0.000000
0.000000
0.000000
0.000000
0.000000
0.000000
0.000000
0.000000
0.000000
0.000000
0.000000
0.000000
0.000000
0.000000
0.000000
0.000000
0.000000
0.000000
0.000000
0.000000
0.000000
0.000000
0.000000
0.000000
0.000000
0.000000
0.000000
0.000000
0.000000
0.000000
0.000000
0.000000
0.000000
0.000000
0.000000
0.000000
0.000000
0.000000
0.000000
0.000000
0.000000
0.000000
0.000000
0.000000
0.000000
0.000000
0.000000
0.000000
0.000000
0.000000
0.000000
0.000000
0.000000
0.000000
0.000000
0.000000
0.000000
0.000000
