68.260600
19.842100
916.880000
171.610000
80.346000
45.329000
26.678000
17.664000
11.733000
9.320900
6.446600
4.668100
3.450600
2.670000
2.233000
1.729500
1.424200
1.049000
0.976140
0.789430
0.623370
0.540600
0.355200
0.333010
0.279070
0.219910
0.190720
0.157910
0.143940
0.103440
0.115450
0.093264
0.059761
0.073642
0.034179
0.033584
0.035664
0.030969
0.019493
0.012961
0.014983
0.010050
0.007460
0.009539
0.011415
0.004385
0.005144
0.006358
0.003276
0.002336
0.001809
0.001492
0.002506
0.002478
0.001295
0.000490
0.002130
0.001104
0.000370
0.000524
0.000593
0.000257
0.000432
0.000057
0.000146
0.000223
0.000305
0.000033
0.000011
0.000098
0.000017
0.000003
0.000004
0.000014
0.000020
0.000000
0.000026
0.000043
0.000028
0.000000
0.000000
0.000000
0.000004
0.000042
0.000001
0.000000
0.000000
0.000000
0.000071
0.000000
0.000000
0.000001
0.000002
0.000000
0.000000
0.000000
0.000013
0.000000
0.000000
0.000000
0.000000
0.000000
0.000000
0.000000
0.000000
0.000000
0.000000
0.000000
0.000000
0.000000
0.000000
0.000000
0.000000
0.000000
0.000000
0.000000
0.000000
0.000000
0.000000
0.000000
0.000001
0.000000
0.000000
0.000000
0.000000
0.000000
0.000000
0.000000
0.000000
0.000000
0.000000
0.000000
0.000000
0.000000
0.000000
0.000000
0.000000
0.000000
0.000000
0.000000
0.000000
0.000000
0.000000
0.000000
0.000000
0.000000
0.000000
0.000000
0.000000
0.000000
0.000000
0.000000
0.000000
0.000000
0.000000
0.000000
0.000000
0.000000
0.000000
0.000000
0.000000
0.000000
0.000000
0.000000
0.000000
0.000000
0.000000
0.000000
0.000000
0.000000
0.000000
0.000000
0.000000
0.000000
0.000000
0.000000
0.000000
0.000000
0.000000
0.000000
0.000000
0.000000
0.000000
0.000000
0.000000
0.000000
0.000000
0.000000
0.000000
0.000000
0.000000
0.000000
0.000000
0.000000
0.000000
0.000000
0.000000
0.000000
0.000000
0.000000
0.000000
0.000000
