54.561300
15.826200
961.030000
195.980000
98.815000
52.314000
34.974000
24.507000
18.001000
12.495000
9.967700
7.619400
5.892100
4.915300
3.533300
3.263300
2.333600
2.291700
1.883500
1.335900
1.129200
0.905900
0.869780
0.640760
0.564780
0.452610
0.466010
0.355600
0.299130
0.256570
0.224700
0.184700
0.171290
0.117860
0.115400
0.075101
0.072258
0.062169
0.055756
0.045891
0.046749
0.043649
0.027589
0.024481
0.017180
0.020982
0.008532
0.006375
0.005182
0.007658
0.008004
0.008145
0.004247
0.005214
0.004575
0.002416
0.003242
0.003382
0.001511
0.000746
0.001378
0.002753
0.001257
0.001558
0.000947
0.001536
0.000059
0.000458
0.000103
0.000333
0.000497
0.000600
0.000020
0.000078
0.000008
0.000066
0.000005
0.000321
0.000039
0.000028
0.000125
0.000010
0.000096
0.000006
0.000009
0.000242
0.000054
0.000001
0.000000
0.000003
0.000000
0.000000
0.000000
0.000000
0.000007
0.000000
0.000000
0.000000
0.000005
0.000026
0.000000
0.000000
0.000000
0.000001
0.000000
0.000000
0.000003
0.000000
0.000000
0.000000
0.000000
0.000000
0.000000
0.000000
0.000000
0.000000
0.000000
0.000000
0.000000
0.000000
0.000000
0.000000
0.000000
0.000000
0.000000
0.000000
0.000000
0.000000
0.000000
0.000000
0.000000
0.000000
0.000000
0.000000
0.000000
0.000000
0.000000
0.000000
0.000000
0.000000
0.000000
0.000000
0.000000
0.000000
0.000000
0.000000
0.000000
0.000000
0.000000
0.000000
0.000000
0.000000
0.000000
0.000000
0.000000
0.000000
0.000000
0.000000
0.000000
0.000000
0.000000
0.000000
0.000000
0.000000
0.000000
0.000000
0.000000
0.000000
0.000000
0.000000
0.000000
0.000000
0.000000
0.000000
0.000000
0.000000
0.000000
0.000000
0.000000
0.000000
0.000000
0.000000
0.000000
0.000000
0.000000
0.000000
0.000000
0.000000
0.000000
0.000000
0.000000
0.000000
0.000000
0.000000
0.000000
0.000000
0.000000
0.000000
0.000000
0.000000
0.000000
0.000000
