74.905100
31.840300
911.450000
163.880000
71.305000
36.700000
20.846000
15.061000
8.401500
6.707900
4.973600
3.372900
2.200600
1.734700
1.564400
1.022200
0.829420
0.639660
0.585920
0.351090
0.317850
0.202700
0.185190
0.136250
0.108270
0.095691
0.087034
0.054195
0.054729
0.045391
0.033751
0.033086
0.014832
0.015929
0.017543
0.014147
0.010676
0.009626
0.005767
0.003421
0.003496
0.002261
0.002786
0.000766
0.001360
0.001928
0.000437
0.001038
0.000685
0.000253
0.000287
0.000362
0.000167
0.000044
0.000173
0.000714
0.000081
0.000061
0.000117
0.000207
0.000115
0.000015
0.000020
0.000023
0.000023
0.000007
0.000023
0.000002
0.000001
0.000000
0.000009
0.000000
0.000010
0.000000
0.000000
0.000002
0.000000
0.000008
0.000000
0.000000
0.000000
0.000000
0.000000
0.000000
0.000000
0.000000
0.000000
0.000000
0.000000
0.000000
0.000000
0.000000
0.000000
0.000000
0.000000
0.000000
0.000000
0.000000
0.000000
0.000000
0.000000
0.000000
0.000000
0.000000
0.000000
0.000000
0.000000
0.000000
0.000000
0.000000
0.000000
0.000000
0.000000
0.000000
0.000000
0.000000
0.000000
0.000000
0.000000
0.000000
0.000000
0.000000
0.000000
0.000000
0.000000
0.000000
0.000000
0.000000
0.000000
0.000000
0.000000
0.000000
0.000000
0.000000
0.000000
0.000000
0.000000
0.000000
0.000000
0.000000
0.000000
0.000000
0.000000
0.000000
0.000000
0.000000
0.000000
0.000000
0.000000
0.000000
0.000000
0.000000
0.000000
0.000000
0.000000
0.000000
0.000000
0.000000
0.000000
0.000000
0.000000
0.000000
0.000000
0.000000
0.000000
0.000000
0.000000
0.000000
0.000000
0.000000
0.000000
0.000000
0.000000
0.000000
0.000000
0.000000
0.000000
0.000000
0.000000
0.000000
0.000000
0.000000
0.000000
0.000000
0.000000
0.000000
0.000000
0.000000
0.000000
0.000000
0.000000
0.000000
0.000000
0.000000
0.000000
0.000000
0.000000
0.000000
0.000000
0.000000
0.000000
0.000000
