68.941500
56.518700
882.030000
185.510000
68.486000
39.423000
23.438000
13.649000
9.372800
6.715300
4.740200
3.166000
2.227700
1.452800
1.109500
0.782100
0.575020
0.412030
0.328590
0.229380
0.149760
0.124790
0.107030
0.079856
0.053013
0.035856
0.028989
0.030392
0.014383
0.012611
0.010181
0.008217
0.003822
0.002716
0.001439
0.002189
0.001980
0.001714
0.001164
0.000134
0.000304
0.000257
0.000511
0.000445
0.000516
0.000098
0.000070
0.000079
0.000020
0.000100
0.000017
0.000020
0.000015
0.000050
0.000050
0.000000
0.000000
0.000010
0.000004
0.000000
0.000002
0.000000
0.000002
0.000012
0.000000
0.000000
0.000002
0.000000
0.000000
0.000000
0.000000
0.000000
0.000000
0.000000
0.000000
0.000000
0.000000
0.000000
0.000000
0.000000
0.000000
0.000000
0.000000
0.000000
0.000000
0.000000
0.000000
0.000000
0.000000
0.000000
0.000000
0.000000
0.000000
0.000000
0.000000
0.000000
0.000000
0.000000
0.000000
0.000000
0.000000
0.000000
0.000000
0.000000
0.000000
0.000000
0.000000
0.000000
0.000000
0.000000
0.000000
0.000000
0.000000
0.000000
0.000000
0.000000
0.000000
0.000000
0.000000
0.000000
0.000000
0.000000
0.000000
0.000000
0.000000
0.000000
0.000000
0.000000
0.000000
0.000000
0.000000
0.000000
0.000000
0.000000
0.000000
0.000000
0.000000
0.000000
0.000000
0.000000
0.000000
0.000000
0.000000
0.000000
0.000000
0.000000
0.000000
0.000000
0.000000
0.000000
0.000000
0.000000
0.000000
0.000000
0.000000
0.000000
0.000000
0.000000
0.000000
0.000000
0.000000
0.000000
0.000000
0.000000
0.000000
0.000000
0.000000
0.000000
0.000000
0.000000
0.000000
0.000000
0.000000
0.000000
0.000000
0.000000
0.000000
0.000000
0.000000
0.000000
0.000000
0.000000
0.000000
0.000000
0.000000
0.000000
0.000000
0.000000
0.000000
0.000000
0.000000
0.000000
0.000000
0.000000
0.000000
0.000000
0.000000
0.000000
0.000000
0.000000
0.000000
0.000000
