66.359700
32.544100
862.930000
179.410000
73.281000
40.483000
25.726000
16.568000
11.992000
7.522600
5.946800
4.317500
3.438300
2.192600
1.795400
1.412800
1.073300
0.796750
0.537110
0.379380
0.419130
0.284410
0.215900
0.187950
0.156800
0.117420
0.084922
0.084145
0.074839
0.045199
0.046939
0.028550
0.019520
0.016332
0.021886
0.016926
0.013781
0.011590
0.004883
0.007485
0.003051
0.004760
0.002715
0.002650
0.002004
0.001261
0.000500
0.000845
0.000850
0.000366
0.000334
0.001137
0.000228
0.000421
0.000181
0.000236
0.000114
0.000153
0.000110
0.000064
0.000056
0.000008
0.000069
0.000040
0.000050
0.000052
0.000033
0.000003
0.000011
0.000020
0.000002
0.000001
0.000000
0.000000
0.000001
0.000000
0.000000
0.000000
0.000000
0.000000
0.000000
0.000005
0.000000
0.000000
0.000000
0.000000
0.000000
0.000000
0.000000
0.000000
0.000000
0.000000
0.000000
0.000000
0.000000
0.000000
0.000000
0.000000
0.000000
0.000000
0.000000
0.000000
0.000000
0.000000
0.000000
0.000000
0.000000
0.000000
0.000000
0.000000
0.000000
0.000000
0.000000
0.000000
0.000000
0.000000
0.000000
0.000000
0.000000
0.000000
0.000000
0.000000
0.000000
0.000000
0.000000
0.000000
0.000000
0.000000
0.000000
0.000000
0.000000
0.000000
0.000000
0.000000
0.000000
0.000000
0.000000
0.000000
0.000000
0.000000
0.000000
0.000000
0.000000
0.000000
0.000000
0.000000
0.000000
0.000000
0.000000
0.000000
0.000000
0.000000
0.000000
0.000000
0.000000
0.000000
0.000000
0.000000
0.000000
0.000000
0.000000
0.000000
0.000000
0.000000
0.000000
0.000000
0.000000
0.000000
0.000000
0.000000
0.000000
0.000000
0.000000
0.000000
0.000000
0.000000
0.000000
0.000000
0.000000
0.000000
0.000000
0.000000
0.000000
0.000000
0.000000
0.000000
0.000000
0.000000
0.000000
0.000000
0.000000
0.000000
0.000000
0.000000
0.000000
0.000000
0.000000
0.000000
0.000000
0.000000
0.000000
0.000000
