85.453400
46.843400
815.470000
141.650000
59.076000
29.492000
16.499000
11.344000
7.149200
4.424200
2.881500
2.055600
1.361600
1.223500
0.751170
0.530930
0.406550
0.289920
0.170670
0.170280
0.114930
0.092978
0.057637
0.051153
0.041277
0.031361
0.015263
0.019609
0.014695
0.013323
0.007078
0.007657
0.004810
0.002853
0.003155
0.001435
0.001476
0.000682
0.000850
0.000344
0.000230
0.000624
0.000330
0.000241
0.000157
0.000101
0.000176
0.000055
0.000196
0.000025
0.000048
0.000024
0.000017
0.000000
0.000018
0.000004
0.000021
0.000000
0.000011
0.000003
0.000008
0.000000
0.000000
0.000013
0.000000
0.000001
0.000000
0.000000
0.000000
0.000000
0.000000
0.000000
0.000000
0.000003
0.000000
0.000000
0.000000
0.000000
0.000000
0.000000
0.000000
0.000000
0.000000
0.000000
0.000000
0.000000
0.000000
0.000000
0.000000
0.000000
0.000000
0.000000
0.000000
0.000000
0.000000
0.000000
0.000000
0.000000
0.000000
0.000000
0.000000
0.000000
0.000000
0.000000
0.000000
0.000000
0.000000
0.000000
0.000000
0.000000
0.000000
0.000000
0.000000
0.000000
0.000000
0.000000
0.000000
0.000000
0.000000
0.000000
0.000000
0.000000
0.000000
0.000000
0.000000
0.000000
0.000000
0.000000
0.000000
0.000000
0.000000
0.000000
0.000000
0.000000
0.000000
0.000000
0.000000
0.000000
0.000000
0.000000
0.000000
0.000000
0.000000
0.000000
0.000000
0.000000
0.000000
0.000000
0.000000
0.000000
0.000000
0.000000
0.000000
0.000000
0.000000
0.000000
0.000000
0.000000
0.000000
0.000000
0.000000
0.000000
0.000000
0.000000
0.000000
0.000000
0.000000
0.000000
0.000000
0.000000
0.000000
0.000000
0.000000
0.000000
0.000000
0.000000
0.000000
0.000000
0.000000
0.000000
0.000000
0.000000
0.000000
0.000000
0.000000
0.000000
0.000000
0.000000
0.000000
0.000000
0.000000
0.000000
0.000000
0.000000
0.000000
0.000000
0.000000
0.000000
0.000000
0.000000
0.000000
0.000000
