79.858300
39.748700
850.090000
154.780000
63.191000
34.620000
18.955000
12.568000
8.167500
5.754300
3.687200
2.607500
1.714600
1.290600
1.040700
0.728090
0.501620
0.395710
0.323030
0.209330
0.166790
0.144180
0.093925
0.085670
0.075895
0.046602
0.049427
0.046480
0.025810
0.028496
0.018284
0.008968
0.008546
0.004072
0.004361
0.004526
0.004229
0.002658
0.001697
0.001839
0.000928
0.000472
0.000754
0.000730
0.000763
0.001324
0.000312
0.000321
0.000365
0.000097
0.000020
0.000032
0.000352
0.000020
0.000108
0.000048
0.000015
0.000008
0.000000
0.000011
0.000004
0.000002
0.000006
0.000004
0.000000
0.000000
0.000009
0.000002
0.000001
0.000000
0.000000
0.000000
0.000000
0.000010
0.000000
0.000000
0.000000
0.000000
0.000000
0.000000
0.000000
0.000000
0.000000
0.000000
0.000000
0.000000
0.000000
0.000000
0.000000
0.000000
0.000000
0.000000
0.000000
0.000000
0.000000
0.000000
0.000000
0.000000
0.000000
0.000000
0.000000
0.000000
0.000000
0.000000
0.000000
0.000000
0.000000
0.000000
0.000000
0.000000
0.000000
0.000000
0.000000
0.000000
0.000000
0.000000
0.000000
0.000000
0.000000
0.000000
0.000000
0.000000
0.000000
0.000000
0.000000
0.000000
0.000000
0.000000
0.000000
0.000000
0.000000
0.000000
0.000000
0.000000
0.000000
0.000000
0.000000
0.000000
0.000000
0.000000
0.000000
0.000000
0.000000
0.000000
0.000000
0.000000
0.000000
0.000000
0.000000
0.000000
0.000000
0.000000
0.000000
0.000000
0.000000
0.000000
0.000000
0.000000
0.000000
0.000000
0.000000
0.000000
0.000000
0.000000
0.000000
0.000000
0.000000
0.000000
0.000000
0.000000
0.000000
0.000000
0.000000
0.000000
0.000000
0.000000
0.000000
0.000000
0.000000
0.000000
0.000000
0.000000
0.000000
0.000000
0.000000
0.000000
0.000000
0.000000
0.000000
0.000000
0.000000
0.000000
0.000000
0.000000
0.000000
0.000000
0.000000
0.000000
0.000000
0.000000
0.000000
0.000000
