55.710700
34.973000
973.760000
194.880000
88.385000
51.919000
32.473000
19.368000
15.211000
10.220000
7.700100
6.099100
4.019700
3.183900
2.435700
1.810200
1.267500
1.115600
0.776440
0.701400
0.498560
0.378170
0.293000
0.242540
0.200300
0.141570
0.141460
0.109510
0.091297
0.060509
0.061278
0.042130
0.034178
0.035313
0.026641
0.017989
0.013635
0.017993
0.006049
0.005105
0.004315
0.003267
0.004194
0.004070
0.001177
0.003322
0.001881
0.001525
0.001016
0.000736
0.000414
0.000661
0.000382
0.000359
0.000207
0.000277
0.000209
0.000358
0.000090
0.000232
0.000048
0.000075
0.000383
0.000014
0.000005
0.000018
0.000068
0.000005
0.000017
0.000022
0.000000
0.000004
0.000000
0.000000
0.000000
0.000000
0.000000
0.000000
0.000000
0.000000
0.000000
0.000000
0.000000
0.000000
0.000000
0.000000
0.000000
0.000000
0.000001
0.000000
0.000000
0.000000
0.000000
0.000000
0.000000
0.000000
0.000000
0.000000
0.000000
0.000000
0.000000
0.000000
0.000000
0.000000
0.000000
0.000000
0.000000
0.000000
0.000000
0.000000
0.000000
0.000000
0.000000
0.000000
0.000000
0.000000
0.000000
0.000000
0.000000
0.000000
0.000000
0.000000
0.000000
0.000000
0.000000
0.000000
0.000000
0.000000
0.000000
0.000000
0.000000
0.000000
0.000000
0.000000
0.000000
0.000000
0.000000
0.000000
0.000000
0.000000
0.000000
0.000000
0.000000
0.000000
0.000000
0.000000
0.000000
0.000000
0.000000
0.000000
0.000000
0.000000
0.000000
0.000000
0.000000
0.000000
0.000000
0.000000
0.000000
0.000000
0.000000
0.000000
0.000000
0.000000
0.000000
0.000000
0.000000
0.000000
0.000000
0.000000
0.000000
0.000000
0.000000
0.000000
0.000000
0.000000
0.000000
0.000000
0.000000
0.000000
0.000000
0.000000
0.000000
0.000000
0.000000
0.000000
0.000000
0.000000
0.000000
0.000000
0.000000
0.000000
0.000000
0.000000
0.000000
0.000000
0.000000
0.000000
0.000000
0.000000
0.000000
0.000000
