80.757700
33.379400
766.130000
164.540000
61.311000
35.065000
19.375000
12.362000
8.701000
5.246900
3.925800
2.870200
1.860100
1.359900
1.159100
0.764590
0.677290
0.531090
0.356990
0.309090
0.233920
0.177630
0.145410
0.113340
0.083793
0.085641
0.043518
0.044353
0.037253
0.036962
0.017550
0.017305
0.018265
0.011518
0.006496
0.010522
0.002980
0.004189
0.003462
0.002214
0.002482
0.003243
0.000678
0.001220
0.000582
0.000954
0.000378
0.000842
0.000220
0.000438
0.000237
0.000322
0.000551
0.000115
0.000119
0.000028
0.000653
0.000005
0.000000
0.000134
0.000025
0.000018
0.000020
0.000003
0.000013
0.000005
0.000024
0.000007
0.000015
0.000001
0.000000
0.000002
0.000011
0.000000
0.000000
0.000000
0.000001
0.000000
0.000000
0.000000
0.000000
0.000005
0.000000
0.000000
0.000004
0.000000
0.000000
0.000000
0.000000
0.000000
0.000000
0.000000
0.000000
0.000000
0.000000
0.000000
0.000000
0.000000
0.000000
0.000000
0.000000
0.000000
0.000000
0.000000
0.000000
0.000000
0.000000
0.000000
0.000000
0.000000
0.000000
0.000000
0.000000
0.000000
0.000000
0.000000
0.000000
0.000000
0.000000
0.000000
0.000000
0.000000
0.000000
0.000000
0.000000
0.000000
0.000000
0.000000
0.000000
0.000000
0.000000
0.000000
0.000000
0.000000
0.000000
0.000000
0.000000
0.000000
0.000000
0.000000
0.000000
0.000000
0.000000
0.000000
0.000000
0.000000
0.000000
0.000000
0.000000
0.000000
0.000000
0.000000
0.000000
0.000000
0.000000
0.000000
0.000000
0.000000
0.000000
0.000000
0.000000
0.000000
0.000000
0.000000
0.000000
0.000000
0.000000
0.000000
0.000000
0.000000
0.000000
0.000000
0.000000
0.000000
0.000000
0.000000
0.000000
0.000000
0.000000
0.000000
0.000000
0.000000
0.000000
0.000000
0.000000
0.000000
0.000000
0.000000
0.000000
0.000000
0.000000
0.000000
0.000000
0.000000
0.000000
0.000000
0.000000
0.000000
0.000000
0.000000
0.000000
0.000000
